tree
version=v4
num_class=1
num_tree_per_iteration=1
label_index=0
max_feature_idx=31
objective=lambdarank
feature_names=VIX_21d_pct_change VIX_5d_pct_change atmf_iv_10dte_intraday_range days_until_next_pce entry_bid_ask_spread entry_bid_ask_spread_pct entry_bid_ask_spread_pct_wd_rank front_roll_yield gamma_x_dte gamma_x_morning_spx_rv_annualized iv_at_strike_minus_atmf_x_VIX_VIX9D_spread iv_term_slope_5d_30d iv_to_spot_change_ratio_1dte_close jobless_claims leverage morning_atmf_iv_pct_change morning_spx_log_return morning_spx_range_pct morning_spx_rv_annualized morning_vix_change prior_day_strategy_drawdown_max_5d rom_roll_skew_30d rom_roll_std_30d spx_10d_returns spx_1d_returns spx_5d_returns theta theta_x_atmf_iv_5dte_percentile_252d vega vega_x_VIX_5d_pct_change vix_z_60d win_rate_30d
feature_infos=[-0.52839210998206809:4.8438162544169607] [-0.42827256425582794:1.6965317919075145] [0.0036709204201514634:0.2613707868372882] [0:44] [0.049999999999999822:29.899999999999999] [0.0067796610169492486:1.9560439560439562] [1:8.5] [-6.7375000000000007:4.8832999999999984] [0:0.033556061189271305] [0.00050198565975699322:0.029708705204148592] [-6.5795764598266988:0.58289359397191487] [-0.50666580450779986:0.067287322754047196] [-414863.02644383919:121344.18546477477] [152144:6161268] [12.51586456957032:1073.1554712918908] [-0.33382759238393778:0.8768424828297523] [-0.029011813819852964:0.026209351931648178] [0.00070837031052892977:0.047613469070574892] [0.17917490989228085:8.150433863579746] [-17.640000000000001:24.859999999999999] [0:30374.000000000073] [-5.4772255750516701:5.0258428426019996] [7.1417041269969607e-17:19.770253581632318] [-0.23386323847009061:0.19052471618843292] [-0.11984050283657066:0.093827657101993367] [-0.1796662632195084:0.17397425583266291] [-7697.42948726533:-96.192032199531141] [-7575.2480668325461:0] [10.153572579096968:166.46298008069991] [-58.122415431031989:156.45242140692821] [-2.0836522372647459:6.9859947436689716] [0.46666666666666667:1]
tree_sizes=3447 3608 3581 3582 3561

Tree=0
num_leaves=32
num_cat=0
split_feature=5 6 27 22 21 5 21 22 3 0 22 27 13 3 22 21 10 1 0 14 7 7 1 11 10 10 22 13 13 17 18
split_gain=206.575 46.9662 21.8103 7.39099 8.81618 7.09872 5.45843 4.28752 3.95311 3.43036 3.42733 3.26768 3.13126 3.12129 4.32798 3.07544 3.27074 3.74866 2.5301 2.48585 2.69752 2.3994 2.38743 4.56881 2.29402 2.27433 2.2556 2.02736 1.89375 1.76007 2.65106
threshold=0.039215686274509796 5.2500000000000009 -19.241572394348328 0.3756000703747488 -3.2352160877415885 0.33249581239530995 -5.3303869029062172 3.2029467427890581 3.5000000000000004 -0.38323937349637804 1.0750732874457538 -1195.5722737884334 264394.00000000006 19.500000000000004 3.4699180994239147 3.4308275565160153 0.031575918065107643 0.0089335628073243818 -0.40239575956310164 400.91418923717453 1.1916000000000009 0.79612499999999964 0.077543687458399582 0.022490876424465071 0.027413618800133235 -0.049030092564209989 1.9170763677723517 799254.50000000012 175697.50000000003 0.0036697158246847945 0.70609025611748366
decision_type=10 2 8 10 10 10 10 10 2 2 10 10 2 2 10 10 10 2 2 10 2 2 2 8 10 10 8 2 2 2 2
left_child=2 3 7 -2 26 6 -3 10 -7 -8 -1 -11 -10 14 19 16 21 -18 -4 20 25 24 -20 -24 28 -6 -5 -19 -13 30 -30
right_child=1 5 18 4 13 8 9 -9 12 11 -12 15 -14 -15 -16 -17 17 27 22 -21 -22 -23 23 -25 -26 -27 -28 -29 29 -31 -32
leaf_value=0.00050640184258267341 0.013678701220826166 0.015512074310105487 0 -0.0012087648739560961 0 -0.015429591145047952 -0.0040644611982066526 0.00066364980464444752 0.010552124072777952 0 -0.010864977798183332 0 -0.0026867761920640202 0.0023972384170437696 0.0014957219816131341 -0.00093217811888467129 0.017644902866678112 0.009647617555523064 -0.0227853299374891 0 0.0014306511037289677 0 -0.017273097703557866 0 0 -0.012011200532004369 0.0055829128189409175 -0.00090339582542662243 0.0088711042979511788 0.012704332022736414 -0.0018808495464066489
leaf_weight=4.1124823002610347 6.2053437498398116 59.820037642959505 1.8712330013513554 14.423038799082859 1.5505221597850312 2.5118466056883326 2.5832439791411153 7.9298965467605731 7.8955855797976238 6.152586772106587 43.270121073001064 3.3786823013797394 5.1663317065685987 5.7429344190750262 7.3926427485421291 2.9010942848399273 29.785133863799274 10.366085986606775 58.437801003921777 3.4052299482282242 2.0255927918478838 5.7565416931174687 16.188078958075494 2.986625897698107 2.8200145363807669 37.707795067923144 23.525939112063497 3.0129984486848107 14.501539398799652 36.516227870713919 4.8209050442092112
leaf_count=130 142 708 20 468 55 23 47 311 94 178 1378 94 74 214 263 37 380 147 875 100 86 119 235 26 52 1171 763 51 390 598 82
internal_value=-0.000248682 0.00650949 -0.0153817 -0.00147872 -0.00260257 0.0106892 0.0115066 -0.00789739 0.000275442 0.00944106 -0.00960395 0.00984161 0.00433108 -0.00628101 -0.00748894 0.0104058 0.0108198 0.0144419 -0.0204189 -0.00926628 -0.0102918 0.00831376 -0.0208329 -0.0141663 0.00915805 -0.0112289 0.00266057 0.00630649 0.00980899 0.010457 0.0055181
internal_weight=434.764 299.968 134.796 101.979 95.7737 197.989 182.415 55.3125 15.5738 122.595 47.3826 120.012 13.0619 57.8247 52.0818 113.859 110.958 43.1642 79.4837 44.6891 41.2839 67.7939 77.6125 19.1747 62.0374 39.2583 37.949 13.3791 59.2174 55.8387 19.3224
internal_count=9311 6336 2975 3262 3120 3074 2883 1819 191 2175 1508 2128 168 1889 1675 1950 1913 578 1156 1412 1312 1335 1136 261 1216 1226 1231 198 1164 1070 472
is_linear=0
shrinkage=0.0146917


Tree=1
num_leaves=32
num_cat=0
split_feature=28 9 9 28 14 27 19 9 5 5 7 14 27 24 28 22 7 16 19 16 14 18 14 18 13 24 24 9 8 25 11
split_gain=1239.74 154.902 124.089 62.1846 25.8253 23.2561 23.3388 22.2945 22.1896 20.1426 19.9405 19.6416 23.5094 18.9054 18.3836 17.3118 16.4232 18.986 20.8804 19.739 17.4684 15.8185 22.5279 20.7806 15.5528 15.2691 23.0238 15.1993 15.0669 14.4974 14.0871
threshold=95.468994914027988 0.0069122567945639913 0.01515870991161411 58.523962718597119 473.75005701491312 -218.07055733165092 -1.7099999999999997 0.0090877355703548098 0.22222222222222229 0.087595907928388769 0.75044999999999995 387.23149939069202 -259.73820279140642 0.011038468341015741 18.101370365283127 2.6730579802739438 0.20397000000000001 -0.0013869504295000543 -1.494999999999999 0.00076202024232776254 209.74908301735829 0.42353341058880861 312.99973430949245 0.36744098189814894 193967.50000000003 -0.00017683087572961662 0.0017951551925567968 0.0039488992834263359 1.0000000180025095e-35 0.042876461356313185 0.0056929498656581876
decision_type=8 10 8 10 10 10 2 10 10 10 2 10 10 2 10 10 2 2 2 2 10 2 10 2 2 2 2 10 8 2 10
left_child=1 4 11 8 5 6 -1 9 -3 -5 16 12 13 24 -7 -9 17 -8 -19 20 -20 22 23 -16 -2 -6 -27 -28 -17 -23 -26
right_child=2 3 -4 7 25 14 10 15 -10 -11 -12 -13 -14 -15 21 28 -18 18 19 -21 -22 29 -24 -25 30 26 27 -29 -30 -31 -32
leaf_value=0.017656362457991046 -0.015815274140137708 0.010275606419377475 -0.021998547613164204 -0.00077928295373427337 0.014356361781091377 0.0015734688733698629 0.012443966412843271 -0.0079461705454294367 -0.0070363598762732509 0.013993673606324133 -0.0028499845574942754 0.014224368026509933 -0.01485948857940152 -0.017018201030753619 0.011500448753137778 -0.0011678528478041531 0.014997601056702331 -0.015887931650008943 -0.0042902329554334517 0.0094503439287183903 0.0090690491779828689 0.016829387323557644 0.015086731790184126 -0.0095067895028248632 -0.0053647884591436976 -0.017165997652245624 -0.0034278361020931279 0.013854148733391074 0.022960889606646905 -0.00055081660497153075 0.0062498014248499635
leaf_weight=61.036745205521584 15.515745203942059 138.07030045799911 412.01590967830271 96.724041128531098 16.91560984402895 27.388794355094433 103.89299431815743 171.49130707234144 17.12135761231184 24.634052064269781 33.577874064445496 7.4755143560469142 96.074870878830552 23.559077583253384 19.653764320537448 49.877302411943674 75.381055507808924 9.8046903274953348 58.902432288974524 126.42096495628357 32.73744548484683 296.2162444666028 56.263443611562252 20.820713734254241 47.949772734194994 15.002431027591227 24.196893960237503 18.911020368337631 6.1669182516634455 9.2318514399230462 42.436871325597167
leaf_count=247 85 819 1060 695 44 64 395 1183 66 136 117 45 630 141 84 315 279 25 194 476 130 978 227 100 306 35 57 48 34 26 270
internal_value=-7.72528e-05 0.00719789 -0.0171327 0.000522858 0.0105283 0.0111996 0.00897438 -0.00289106 0.00828034 0.00211622 0.00774077 -0.00847047 -0.00928307 -0.00504053 0.0137672 -0.00561883 0.00864641 0.00716226 0.00469503 0.00568325 0.000342321 0.0145649 0.00906859 0.0003741 -0.00224706 0.0020206 -0.00135463 0.00385836 0.00127118 0.0162615 0
internal_weight=2155.47 1510.44 645.028 504.085 1006.35 931.329 501.754 348.894 155.192 121.358 440.717 233.012 225.536 129.461 429.575 227.536 407.14 331.759 227.866 218.061 91.6399 402.186 96.7379 40.4745 105.902 75.026 58.1103 43.1079 56.0442 305.448 90.3866
internal_count=9311 6774 2537 3248 3526 3342 1863 2363 885 831 1616 1477 1432 802 1479 1532 1499 1220 825 800 324 1415 411 184 661 184 140 105 349 1004 576
is_linear=0
shrinkage=0.0146917


Tree=2
num_leaves=32
num_cat=0
split_feature=28 20 31 28 21 10 13 12 25 16 12 10 12 23 16 14 12 3 28 12 19 6 29 27 10 27 19 14 19 10 1
split_gain=899.822 156.194 103.133 30.2931 27.4929 19.0732 18.7242 16.9052 19.4509 16.6176 15.9755 16.9318 16.0324 15.1853 13.7097 13.5444 13.4683 13.3155 12.2638 14.0447 11.6637 15.7896 12.3693 12.3595 14.3879 11.3656 11.2228 11.214 13.5845 11.1033 11.0275
threshold=86.259520602778693 18674.000000000047 0.88333333333333341 58.523962718597119 -3.0403304090279426 0.11551021509854344 193967.50000000003 -106.86125723034594 -0.014677160446267988 0.0052856619680804141 -94.408852895576317 0.091195551456830629 1100.0017959699828 0.027730695039935308 0.00057546410925925315 423.634325148355 -715.53566053635575 13.500000000000002 41.365404423508345 -173.81814117095334 -0.14499999999999955 5.2500000000000009 -1.3085451869215563 -407.48708276353437 -0.0047194685192550306 -904.64793286102952 -2.2100000000000022 437.76283757349637 0.065000000000000405 0.0067293821945344562 -0.10854269202087995
decision_type=8 8 10 10 10 10 2 10 2 2 10 10 10 2 2 8 10 2 10 8 2 2 10 10 10 10 2 10 2 10 2
left_child=2 6 3 -1 29 10 -2 8 -8 -9 13 12 20 27 -13 -10 -6 26 19 -15 21 22 30 25 -25 -23 -18 -4 -29 -5 -12
right_child=1 -3 5 4 16 -7 7 9 15 -11 11 14 -14 18 -16 -17 17 -19 -20 -21 -22 23 -24 24 -26 -27 -28 28 -30 -31 -32
leaf_value=0.006367882563016126 -0.015901987846768408 -0.021611831316798124 0.0059313397912964787 -8.0434274273345324e-05 0.009531989102650025 0.018633776471840384 0.022596650571873267 -0.0084308894920438523 -0.0041143764974205339 0.0098375748270197304 -0.00047962489520219335 -0.013907125502485981 -6.0626010745445256e-05 0.016829395674013706 0.010111931747181991 0.021456795837606631 0.0072862131713694635 -0.00020323499041223419 0.022463493275528972 -0.0055729706113936284 0.014160664053745569 0 -0.0060915644042597254 -0.004257659254984913 0.010523703193997135 0.020059255651664276 -0.011636775088016018 0.0036443156188912806 -0.014231918365083434 0.0095641791826409674 0.015251323696812874
leaf_weight=146.71203587390482 42.807142574340105 318.02581550460309 139.5057575199753 58.585387666709721 10.47566808387637 56.16644573956728 8.0549932494759542 183.34070775657892 50.858942165970802 10.732341118156908 15.852300249040125 10.582479432225229 23.460159029811621 12.155152533203362 9.5043048784136754 4.7717936486005774 6.409537572413682 43.897146137431264 20.310706630349159 10.763616584241392 258.75371405947953 7.0321110859513274 21.464941151440144 14.360307212918995 149.15468997508287 49.209993984550238 91.177324848249555 23.091236982494593 14.488115727901457 42.564999982714653 19.590850714594126
leaf_count=789 313 1057 504 434 78 149 60 1476 368 71 99 42 102 40 33 17 60 409 113 30 995 37 137 41 453 165 673 85 49 298 134
internal_value=7.8383e-05 -0.0144167 0.00723211 0.0010358 -0.00200402 0.0101127 -0.00675812 -0.00518657 0.00120708 -0.00735154 0.00949666 0.010807 0.011287 0.00599274 -0.00189826 -0.00167173 -0.00598757 -0.00723128 0.013919 0.00575092 0.0118085 0.00955966 0.00236645 0.0113623 0.00914516 0.0175647 -0.0102578 0.0039813 -0.00291022 0.00385187 0.00785685
internal_weight=1873.86 618.592 1255.27 399.822 253.11 855.447 300.566 257.759 63.6857 194.073 799.28 578.966 558.879 220.315 20.0868 55.6307 151.96 141.484 43.2295 22.9188 535.419 276.665 56.9081 219.757 163.515 56.2421 97.5869 177.085 37.5794 101.15 35.4432
internal_count=9311 3362 5949 2741 1952 3208 2305 1992 445 1547 3059 2238 2163 821 75 385 1220 1142 183 70 2061 1066 370 696 494 202 733 638 134 732 233
is_linear=0
shrinkage=0.0146917


Tree=3
num_leaves=32
num_cat=0
split_feature=20 4 5 5 5 8 12 16 5 12 21 21 16 12 9 8 21 0 8 21 0 4 12 5 1 0 30 4 12 20 9
split_gain=673.864 139.959 58.2682 54.1661 37.2939 24.8071 18.9956 18.2738 17.811 20.2892 17.6687 16.8605 24.8531 16.5289 13.7473 14.4222 13.1656 12.7404 12.725 13.9321 12.6168 15.4728 12.5108 12.0636 16.8184 14.0139 11.9272 11.7063 12.5618 11.3876 10.8404
threshold=18674.000000000047 0.20000000000000001 0.093143752259308432 0.028169014084507091 0.33249581239530995 0.00092280018984929014 65.619234443489901 -0.0019633222364838347 0.15100039901955195 -318.76349680280623 -2.5442918194884374 -3.2926454792519091 0.0014370566466733806 13.180454672415854 0.011186644799191049 0.0036038791786001194 -5.3303869029062172 -0.30497679797584831 0.0029358862928741299 -2.7764900071911072 0.37675376271884514 0.39999999999999974 65.619234443489901 0.059490204339582846 0.047109586833550827 -1.0000000180025095e-35 -0.63793227444880329 0.20000000000000065 -788.6448680882155 14099.50000000002 0.008274300000998578
decision_type=8 10 10 10 10 10 10 2 10 10 10 10 2 8 8 10 10 2 10 8 2 10 10 10 2 2 2 10 10 10 10
left_child=1 3 5 -1 7 6 10 -5 17 26 -3 12 22 16 15 -7 -4 -9 30 -20 21 -15 -11 24 27 -26 -10 -17 -29 -12 -18
right_child=-2 2 13 4 -6 14 -8 8 9 11 29 -13 -14 20 -16 23 18 -19 19 -21 -22 -23 -24 -25 25 -27 -28 28 -30 -31 -32
leaf_value=-0.0048757679584224426 -0.021090485327650184 -0.00092081024515603175 0.019326172771204374 0.015431327088664707 -0.0084917269280178325 0.0086256545744698657 -0.015727067230100936 0 0.0027399879097384314 0.0093235433794780029 -0.011231661744626923 -6.3666453519387988e-05 -0.0026846718855749216 0.0093350545429392792 0.021001190261805681 0.0018275313820150698 0.012124498591049063 0.010994093173520682 -0.018764135407945772 0.0066298398063645509 -0.013471287507474627 -0.0044402795134745997 0.023396769612664823 0.0037575135193011469 0.015519168350622342 -0.0038007604707917201 -0.016675294070695585 0.0077424060661793236 -0.015825483626374648 0.013760985471359052 0.0027673777893069138
leaf_weight=61.523419853299856 272.687849374488 103.31174895353615 19.350511860102415 116.41792633011937 23.675313364714384 27.959978231228888 48.307655775919557 22.247665781527758 11.579142592847349 38.940536886453629 84.080026081763208 46.05169440805912 21.042792469263077 33.600175078958273 6.3877537585794917 11.977317370474337 60.267881613224745 413.49235636927187 8.7682773172855359 8.8991546481847781 13.379678186029194 35.588169971480966 26.154296822845936 39.81429136171937 11.568759681656955 25.234182773157954 13.779118925333021 4.6484908014535895 46.314676512032747 3.6300027891993514 55.952643264085054
leaf_count=559 1064 897 80 453 85 170 382 110 31 114 809 135 65 169 43 115 285 1898 44 52 60 245 71 284 88 186 34 26 357 12 388
internal_value=8.15738e-05 0.00408944 -0.000954564 0.00822409 0.00934102 -0.00429645 -0.00736472 0.00995474 0.00885708 0.00447494 -0.00517865 0.00683546 0.0106731 0.00484636 0 -0.000882037 0.00770486 0.010411 0.00592219 -0.0052535 -0.000302437 0.00206313 0.01519 -0.00288228 -0.00566363 0.0019304 -0.00730805 -0.010309 -0.0134157 -0.0100425 0.00773442
internal_weight=1716.63 1443.95 649.041 794.904 733.381 413.235 239.329 709.706 593.288 157.548 191.022 132.189 86.1376 235.806 173.905 167.518 153.238 435.74 133.888 17.6674 82.568 69.1883 65.0948 139.558 99.7434 36.8029 25.3583 62.9405 50.9632 87.71 116.221
internal_count=9311 8247 4692 3555 2996 3369 2100 2911 2458 450 1718 385 250 1323 1269 1226 849 2008 769 96 474 414 185 1056 772 274 65 498 383 821 673
is_linear=0
shrinkage=0.0146917


Tree=4
num_leaves=32
num_cat=0
split_feature=28 26 26 31 8 28 4 5 10 10 15 5 23 12 26 8 22 12 29 7 18 24 28 16 26 18 3 27 12 29 5
split_gain=638.213 144.124 39.8353 46.2979 21.3939 24.9417 14.2106 15.3173 15.033 14.0595 12.3702 13.4358 17.706 18.8928 12.8868 12.2356 11.2233 11.6462 10.6116 11.5676 10.2672 11.3934 10.2476 10.216 10.1439 10.104 10.0816 14.2697 9.84722 9.28777 9.28715
threshold=75.016418461220937 -3456.7748079736343 -217.8833632646315 0.88333333333333341 0.0020602799151903119 96.524402447584109 0.19999999999999987 0.093143752259308432 -0.00024134598385525813 0.00046436157399181848 0.063899763464392093 0.19292803970223324 0.0033960279059817027 -106.86125723034594 -1142.9865345209396 0.00331898305283619 0.86889092274270963 -97.456137181261838 -4.7998523155684394 0.061005902777777711 1.5011553183691875 -0.0092881793623854608 41.679841392530129 -0.00012907428751590626 -896.38939735547672 0.31670944475856355 9.5000000000000018 -75.970763298181808 16.008005740038293 3.9242636769514685 0.13408239700374536
decision_type=8 10 10 10 10 10 10 10 10 10 8 10 2 10 10 10 10 10 10 2 2 2 10 2 10 2 2 10 10 10 10
left_child=2 -2 3 6 16 20 29 8 -8 -10 11 14 -13 23 -5 -4 24 -18 19 -16 21 -6 -12 -14 -3 -20 -21 -28 30 -1 -9
right_child=1 4 15 10 5 -7 7 28 9 -11 22 12 13 -15 18 -17 17 -19 25 26 -22 -23 -24 -25 -26 -27 27 -29 -30 -31 -32
leaf_value=0.0098132701616264577 -0.020503874180023057 -0.0054938133375335794 -0.015396127101215113 0.0017171426318579085 -0.01417664455042493 -0.0069107220147556162 0.002915784872010017 0.014274162579214569 -0.022912244237620654 -0.0043418591283026419 0.021415143323203188 -0.0035067303604528208 -0.016087388924220427 0.014044912016413315 -0.0074144075781206048 0.0020729908452717656 -0.0026766968634775873 -0.011683854760889801 0 0 0.021273398446839259 0.0050637926344484331 0.0064942845508076056 0.0063724393322243935 0.024173619921162532 0.012291048599846706 0.020093606257547244 0 -0.0022703805081336465 -0.0024288973790337642 0.0025708964591697626
leaf_weight=72.783015493303537 242.40379585139453 5.2397207990288734 20.198241036385298 38.197756230831146 7.2611032314598551 87.487150928005576 35.341536439955235 27.446076684631407 12.775953099131582 36.798703892156482 38.150619463995099 37.421910908073187 8.0142500549554843 45.509228020906448 11.797951124608515 13.053624480962752 44.061796450987458 151.13399425521493 13.660467761568723 21.502388004213572 7.4828146472573271 55.244400210678577 17.377683721482754 8.5580289028584939 4.0029538199305517 411.90063303895295 22.062560921534892 11.805210124701263 29.664348609745502 14.399935338646172 38.725291170179844
leaf_count=433 1061 60 76 243 44 690 321 211 113 390 132 125 29 181 49 50 371 1558 61 108 52 490 115 34 20 1614 105 50 213 111 201
internal_value=0.000165312 -0.0117167 0.00745272 0.00801075 -0.00579345 -0.00162108 0.00276389 0.000337799 -0.00412585 -0.00940631 0.0100409 0.0094071 0.00422479 0.00909398 0.0103534 -0.00815368 -0.00894263 -0.00971842 0.0109962 0.00520917 0.00480538 0.00261204 0.0169889 -0.00371947 0.00600738 0.0118784 0.00813767 0.0131293 0.00442873 0.00764177 0.00762805
internal_weight=1591.46 604.318 987.145 953.894 361.914 157.475 267.935 180.752 84.9162 49.5747 685.959 630.43 99.5034 62.0815 530.927 33.2519 204.438 195.196 492.729 67.1681 69.9883 62.5055 55.5283 16.5723 9.24267 425.561 55.3702 33.8678 95.8357 87.183 66.1714
internal_count=9311 4346 4965 4839 3285 1276 1993 1449 824 503 2846 2599 369 244 2230 126 2009 1929 1987 312 586 534 247 63 80 1675 263 155 625 544 412
is_linear=0
shrinkage=0.0146917


end of trees

feature_importances:
iv_to_spot_change_ratio_1dte_close=13
entry_bid_ask_spread_pct=12
iv_at_strike_minus_atmf_x_VIX_VIX9D_spread=9
vega=9
rom_roll_skew_30d=8
leverage=7
morning_spx_log_return=7
rom_roll_std_30d=7
theta_x_atmf_iv_5dte_percentile_252d=7
gamma_x_dte=6
gamma_x_morning_spx_rv_annualized=6
VIX_21d_pct_change=5
front_roll_yield=5
jobless_claims=5
morning_spx_rv_annualized=5
morning_vix_change=5
VIX_5d_pct_change=4
days_until_next_pce=4
entry_bid_ask_spread=4
spx_1d_returns=4
theta=4
prior_day_strategy_drawdown_max_5d=3
vega_x_VIX_5d_pct_change=3
entry_bid_ask_spread_pct_wd_rank=2
iv_term_slope_5d_30d=2
spx_10d_returns=2
spx_5d_returns=2
win_rate_30d=2
morning_atmf_iv_pct_change=1
morning_spx_range_pct=1
vix_z_60d=1

parameters:
[boosting: gbdt]
[objective: lambdarank]
[metric: ndcg]
[tree_learner: serial]
[device_type: cpu]
[data_sample_strategy: bagging]
[data: ]
[valid: ]
[num_iterations: 2000]
[learning_rate: 0.0146917]
[num_leaves: 32]
[num_threads: 4]
[seed: 20260829]
[deterministic: 1]
[force_col_wise: 0]
[force_row_wise: 0]
[histogram_pool_size: -1]
[max_depth: -1]
[min_data_in_leaf: 27]
[min_sum_hessian_in_leaf: 0.001]
[bagging_fraction: 0.684621]
[pos_bagging_fraction: 1]
[neg_bagging_fraction: 1]
[bagging_freq: 6]
[bagging_seed: 25539]
[bagging_by_query: 0]
[feature_fraction: 0.640214]
[feature_fraction_bynode: 1]
[feature_fraction_seed: 1518]
[extra_trees: 0]
[extra_seed: 10840]
[early_stopping_round: 0]
[early_stopping_min_delta: 0]
[first_metric_only: 0]
[max_delta_step: 0]
[lambda_l1: 0.886184]
[lambda_l2: 0.0445014]
[linear_lambda: 0]
[min_gain_to_split: 0]
[drop_rate: 0.1]
[max_drop: 50]
[skip_drop: 0.5]
[xgboost_dart_mode: 0]
[uniform_drop: 0]
[drop_seed: 2781]
[top_rate: 0.2]
[other_rate: 0.1]
[min_data_per_group: 100]
[max_cat_threshold: 32]
[cat_l2: 10]
[cat_smooth: 10]
[max_cat_to_onehot: 4]
[top_k: 20]
[monotone_constraints: ]
[monotone_constraints_method: basic]
[monotone_penalty: 0]
[feature_contri: ]
[forcedsplits_filename: ]
[refit_decay_rate: 0.9]
[cegb_tradeoff: 1]
[cegb_penalty_split: 0]
[cegb_penalty_feature_lazy: ]
[cegb_penalty_feature_coupled: ]
[path_smooth: 0]
[interaction_constraints: ]
[verbosity: -1]
[saved_feature_importance_type: 0]
[use_quantized_grad: 0]
[num_grad_quant_bins: 4]
[quant_train_renew_leaf: 0]
[stochastic_rounding: 1]
[linear_tree: 0]
[max_bin: 255]
[max_bin_by_feature: ]
[min_data_in_bin: 3]
[bin_construct_sample_cnt: 200000]
[data_random_seed: 4788]
[is_enable_sparse: 1]
[enable_bundle: 1]
[use_missing: 1]
[zero_as_missing: 0]
[feature_pre_filter: 1]
[pre_partition: 0]
[two_round: 0]
[header: 0]
[label_column: ]
[weight_column: ]
[group_column: ]
[ignore_column: ]
[categorical_feature: ]
[forcedbins_filename: ]
[precise_float_parser: 0]
[parser_config_file: ]
[objective_seed: 17936]
[num_class: 1]
[is_unbalance: 0]
[scale_pos_weight: 1]
[sigmoid: 1]
[boost_from_average: 1]
[reg_sqrt: 0]
[alpha: 0.9]
[fair_c: 1]
[poisson_max_delta_step: 0.7]
[tweedie_variance_power: 1.5]
[lambdarank_truncation_level: 5]
[lambdarank_norm: 1]
[label_gain: 0,1,3,7,15]
[lambdarank_position_bias_regularization: 0]
[eval_at: 1,3]
[multi_error_top_k: 1]
[auc_mu_weights: ]
[num_machines: 1]
[local_listen_port: 12400]
[time_out: 120]
[machine_list_filename: ]
[machines: ]
[gpu_platform_id: -1]
[gpu_device_id: -1]
[gpu_device_id_list: ]
[gpu_use_dp: 0]
[num_gpu: 1]

end of parameters

pandas_categorical:[]
