tree
version=v4
num_class=1
num_tree_per_iteration=1
label_index=0
max_feature_idx=9
objective=lambdarank
feature_names=vega gamma_x_morning_spx_rv_annualized theta jobless_claims VIX_21d_pct_change rom_roll_skew_30d morning_spx_log_return atmf_iv_10dte_intraday_range morning_spx_rv_annualized vix_z_60d
feature_infos=[10.153572579096968:166.46298008069991] [0.00050198565975699322:0.029708705204148592] [-7697.42948726533:-96.192032199531141] [152144:6161268] [-0.52839210998206809:4.8438162544169607] [-5.4772255750516701:5.0258428426019996] [-0.029011813819852964:0.026209351931648178] [0.0036813882916645474:0.2613707868372882] [0.17917490989228085:8.150433863579746] [-2.0770891229405501:6.9859947436689716]
tree_sizes=7400 9088 9002 8865 9274 9348 8764

Tree=0
num_leaves=70
num_cat=0
split_feature=0 0 1 1 3 0 8 0 4 9 9 6 9 8 0 5 6 4 3 3 3 6 9 0 3 1 6 4 3 6 9 4 3 4 7 8 8 9 0 5 6 4 1 4 4 3 9 4 0 3 9 9 6 4 4 4 4 9 8 0 4 6 4 4 0 8 6 4 9
split_gain=197.052 21.3644 19.343 6.24483 4.34841 5.94479 4.08692 4.05857 3.68376 3.14017 5.65664 2.43735 2.3655 2.19227 2.0864 1.88554 1.50394 2.3903 1.4789 1.82935 1.85798 1.44619 1.50782 1.4234 1.4106 1.38529 1.14922 1.01028 1.0045 0.985244 1.48142 1.44627 1.36376 0.881861 2.04102 0.874834 0.87345 0.772282 0.750395 0.740994 0.716934 1.26822 0.672129 0.637091 0.737025 0.588042 0.608071 0.575821 0.527771 0.523689 0.389303 1.02253 0.330236 0.743147 0.657392 0.491674 0.410994 0.256855 0.246919 0.217775 0.178636 0.169698 0.138032 0.136274 0.125627 0.122698 0.0841221 0.0542942 0.0159896
threshold=69.288721999922615 156.87205253019093 0.0082307502898983764 0.0045351004053118685 415736.00000000006 22.597209468237526 0.77791487853971653 56.150564943374171 -0.052603343121752848 -0.2002193039114758 0.036712519801910745 -0.0018622002228220441 2.0653247982557459 0.93520722844764115 95.358258426313995 -2.57676033010048 0.0028535849917539079 0.16893152983118379 198691.00000000003 317901.00000000006 242209.00000000003 -0.00062489340269722144 -0.61039483748165313 53.347496175105334 268783.00000000006 0.0046593057943975892 1.0000000180025095e-35 -0.16023593488325946 225856.00000000003 -0.0018622002228220441 -1.2559635906210831 -0.086767518021300324 243453.50000000003 -0.069706976177762767 0.018540476345895406 0.61556111913354827 1.4512114433814063 0.49613226309549568 77.654374453145877 -2.0662891384068653 0.00051835650738009159 -0.043413270943003894 0.0089966952875235266 0.17646920400192503 -0.11098037889039235 190142.50000000003 -1.0370976365966684 -0.21758432875742409 46.314677238566347 209260.00000000003 0.73990921113977814 1.2479676992785911 0.00040399477244036386 0.070555840475300294 0.20371873496873497 -0.097197738629094241 -0.19131922511242896 0.47766104836978024 0.41499115216913979 92.61213295271078 0.042663504364253153 0.0012883624228505622 -0.19922732872676621 0.25683641690304476 85.58556959946263 0.55056561179589625 -0.0033104030808303909 0.048253347708242973 0.1431677642121342
decision_type=8 8 10 10 2 10 2 10 2 2 2 2 2 2 10 10 2 2 2 2 2 2 2 10 2 10 2 2 2 2 2 2 2 2 10 2 2 2 10 10 2 2 10 2 2 2 2 2 10 2 2 2 2 2 2 2 2 2 2 10 2 2 2 2 10 2 2 2 2
left_child=2 3 4 37 5 6 8 15 -1 -3 -11 13 -12 -9 18 42 17 24 43 20 28 -21 27 33 45 -25 60 -23 38 48 47 32 35 34 -6 -32 50 40 -20 -17 41 -2 -4 44 62 -13 -47 -31 57 -40 58 -52 63 55 -55 56 -54 -7 -33 -42 -22 -44 -5 -16 -28 -60 -50 -46 -24
right_child=1 9 7 14 23 29 -8 11 -10 10 12 16 -14 -15 52 39 -18 -19 19 21 26 22 68 25 -26 -27 64 -29 -30 30 31 36 -34 -35 -36 -37 -38 -39 49 -41 59 -43 61 -45 67 46 -48 -49 66 -51 51 -53 53 54 -56 -57 -58 -59 65 -61 -62 -63 -64 -65 -66 -67 -68 -69 -70
leaf_value=0.0047970687638366604 0.0097543188724041295 -0.019532476722770552 0 -0.0029693253030478764 0.014931428687464351 0.016034503143975629 0.0091846445967757716 -0.019542888591811438 -0.0057776292770085795 -9.6532180824104418e-05 -0.017428407417730218 0 -0.0048218368284702676 -0.00013119203024718366 -0.014728784237784632 -0.0077755097121047631 -0.010283023197071361 0.0098691691720459822 0.0030505765154993443 -0.012833633078351885 0.013161240630922064 -0.0042770074100493072 -0.0021274192923045007 0.010570196440107156 0.0042030979228373511 0 -0.0029625902088110507 0.007048011661227432 -0.010325201934476599 0.0079115662100294332 0.011409633502025873 0.004890668999822525 0 0.016789929975140391 0.0043827698368903451 0.0023312333341641536 0.01472510814330006 0.0073387444511269252 -0.0066973868225463015 0.0010585413451270986 0 -0.0016044543943235 0.01053680813134413 -0.014900367756916852 0 0 -0.012514462486565882 0.017844809721523826 0 0 0 0.0079111863313607138 0 -0.019208717354751537 -0.0042095036388816835 0 -0.010882740543467571 0.0084433367321793407 0.015417725853529711 -0.0067563651724180289 0.00010876522227203027 0.00026598136639946826 -0.014413632487745498 -0.0053260219301370058 0.0004233480504521231 0.008445531785391246 0.0080758089578216886 -0.0022403985553126706 -0.01197262668874927
leaf_weight=10.604081932455303 2.3025091853924087 31.715858920011669 2.2795078204944712 2.2147205490618935 9.1190698957070726 12.800856839865451 11.103945124894379 2.6453911024145791 8.9515649005770701 5.2839725185185697 18.62720593158156 1.7168803345411996 4.2815732061862937 2.3315606936812401 11.338597744237633 1.8704614969901738 2.2439280336257079 2.9813506873324505 2.3939165244810301 5.9142271676100782 1.4637829994317137 1.7982065570540715 2.1796666085720053 2.8560964148491612 2.1434134626761079 2.1185747068375349 2.0369805986993015 2.3168704882264137 3.5571588407037771 5.0956831341609359 4.4615292870439607 6.7275165300816324 6.7260037055239073 19.748247845098376 7.0318538015708318 6.1873252093791962 6.3945429623126975 2.4559190460713571 3.9451230741105974 2.2462324462831011 2.0604013749398291 1.9432577877305437 5.7654166906140745 4.7918246984481803 1.9778137793764461 2.0308993496000736 2.5567825259640844 5.750254216603933 2.0364149436354637 1.8015907225199042 5.3500804509967548 6.9513841671869159 2.1636316811200222 2.1937433150596908 2.386957052629441 3.6725402909796676 2.4832747066393495 5.641344876959919 4.3222261751070645 2.107273125089705 1.4922095048241315 1.6918343189172445 2.1992407832294703 2.7524301214143625 1.9802931537851689 12.812458438798783 2.008724693208932 2.313726956024766 2.1165759824216366
leaf_count=78 86 451 76 79 99 143 94 69 69 55 281 71 60 83 353 62 86 99 97 201 81 74 64 78 85 78 71 95 133 85 117 110 105 216 105 91 102 78 142 79 59 60 231 149 74 93 81 107 68 88 102 125 76 68 69 108 61 81 106 71 51 80 67 73 58 217 67 64 72
internal_value=-2.98477e-06 -0.0108253 0.00787755 -0.00674318 0.00957099 0.00828633 0.00330499 -0.000509274 0 -0.0164561 -0.0127417 -0.00438573 -0.0153689 -0.0118222 -0.00803032 0.00423753 -0.0011769 7.15398e-05 -0.00612622 -0.00435834 -0.00140114 -0.00774401 -0.0033501 0.0132947 -0.00264754 0.00486263 0.00302005 0.000535631 -0.00459372 0.00985185 0.0088051 0.00777974 0.0040707 0.014275 0.0107636 0.00677327 0.00913567 0.00135851 -0.00125399 -0.0014218 0 0.00306663 0.00729355 -0.00994085 -0.00640991 -0.00601648 -0.00827237 0.013823 0.0128356 -0.00418305 0.00795212 0.00481608 -0.0110551 -0.00798511 -0.0129077 -0.00444603 -0.00712606 0.0140884 0.00928524 -0.00395408 0.00883832 0.00909045 -0.0102136 -0.0133738 0 0.0106156 0.00544587 -0.000934059 -0.00854723
internal_weight=341.567 144.263 197.303 84.3545 164.8 123.926 30.6596 32.5037 19.5556 59.9086 28.1928 18.6502 22.9088 4.97695 73.4851 13.8535 13.6733 11.4293 46.4939 32.9966 18.6711 14.3255 8.41132 40.8738 8.44798 4.97467 6.97327 4.11508 11.6978 93.2663 70.779 59.9331 17.3749 35.8992 16.1509 10.6489 42.5582 10.8694 8.14063 4.11669 8.41344 4.24577 9.73676 13.4973 8.7055 6.30456 4.58768 10.8459 22.4873 5.74671 36.1637 12.3015 26.9912 12.9001 4.5807 8.31945 4.64691 18.4422 23.8622 4.16767 2.95599 7.45725 4.41396 14.091 4.01727 17.1347 4.04514 4.29154 4.29624
internal_count=7307 3669 3638 2822 2443 1867 241 1195 147 847 396 667 341 152 2468 528 515 429 1660 1227 721 506 305 576 330 156 261 169 460 1626 1267 1075 313 420 204 208 762 354 327 141 276 146 387 433 284 245 174 192 359 230 660 227 808 382 137 245 137 224 433 130 132 311 146 426 129 323 135 138 136
is_linear=0
shrinkage=0.0121641


Tree=1
num_leaves=84
num_cat=0
split_feature=0 0 0 1 2 9 7 1 9 9 9 2 5 3 0 4 9 5 4 1 0 0 1 6 3 7 2 4 2 4 1 6 6 1 4 4 6 4 7 7 6 4 1 1 9 7 9 9 2 1 2 2 1 6 1 4 6 9 0 6 4 2 5 2 1 9 9 4 4 0 3 2 6 3 2 9 7 7 7 7 1 4 0
split_gain=894.824 137.346 107.77 53.2124 46.0416 40.5145 23.9025 19.9707 18.1728 23.0044 18.4519 16.0824 15.7636 15.722 15.2128 14.0221 14.7105 11.0951 10.8426 16.0886 10.723 20.5785 12.5166 10.3358 10.0357 8.96185 8.79569 9.74182 12.8514 10.3905 13.102 8.87265 8.28291 9.29238 8.21791 9.55533 7.7023 7.39415 25.3921 15.6484 15.3831 11.3774 11.1579 14.3407 8.91873 8.78109 8.3005 8.29904 7.37612 7.06778 6.9209 10.6077 12.6375 6.54251 6.16704 5.58343 9.56816 11.8196 5.86931 5.44394 4.99777 7.18637 5.97676 4.66942 4.58251 5.23361 4.34954 4.23998 4.21605 3.94502 3.78185 8.66309 3.62091 3.10111 2.78475 2.26314 1.79182 1.10478 4.68015 0.968103 0.745769 0.511786 0.45202
threshold=95.358258426313995 56.639227266504484 96.157951377052612 0.0092176420448151931 -351.67995465657697 -1.3097332563351427 0.020479739351480165 0.0051987353900088277 -0.2002193039114758 0.036712519801910745 2.1450327438065551 -521.35740380152959 -1.0000000180025095e-35 196205.00000000003 40.204262925918819 0.033404593460349193 1.1394558481960442 -4.9151336269923389 -0.29590588171016574 0.0051132556917854828 25.731937112203347 24.592433312404761 0.0028559968273436914 0.00051835650738009159 190381.50000000003 0.0091673039813295002 -415.09497670526821 -0.29590588171016574 -942.17057079108565 0.19834239901823339 0.0067320654960553025 0.00064388175418905573 0.00040399477244036386 0.0088275348115732042 -0.11098037889039235 0.15405811195445909 -0.0011855898776014918 0.053442805693706193 0.018620585012988512 0.026675019256056091 0.0002017166139345605 0.43397869686739282 0.011473982964162971 0.01065638347087171 -0.84819146561327829 0.01515824132168025 -1.3690994583155467 -1.1030145410927699 -962.732847643843 0.0035062570529218249 -914.76986385346288 -419.71519311117612 0.0033739350873651167 0.0017468839117614494 0.0086415799286223959 -0.069706976177762767 0.0010509725597505732 -1.0903784904950242 70.009305348490258 0.001876846684250513 0.024487068463037279 -679.79455646568113 -2.3880726371111605 -799.18796430501595 0.0037687970377369025 -0.2002193039114758 -0.2584944928498098 0.33988023917976901 -0.058925196432550057 74.576617534687074 221653.00000000003 -921.76614213558162 -0.00092590874365566713 317901.00000000006 -485.49677225969293 0.65143611085156305 0.015300838492201993 0.010248844571978897 0.016255428733976344 0.030363383162345551 0.0095464372534013291 -0.034055231517038313 28.637931783820747
decision_type=8 10 10 10 10 2 10 10 2 2 2 10 10 2 10 2 2 10 2 10 10 10 10 2 2 10 10 2 10 2 10 2 2 10 2 2 2 2 8 10 2 2 10 10 2 10 2 2 10 10 10 10 10 2 10 2 2 2 10 2 2 8 8 10 10 2 2 2 2 10 2 10 2 2 10 2 10 10 10 10 10 2 10
left_child=1 4 8 13 14 -6 12 23 77 -10 73 37 17 24 20 18 49 -7 -15 76 21 22 74 36 34 -21 27 -16 29 30 -29 54 60 48 -3 -36 -4 39 45 44 -41 42 43 -40 46 -39 -5 -48 -34 -17 -22 52 82 -25 68 56 57 -27 -57 -35 61 -9 -62 66 -33 -66 -46 -31 -30 -18 -51 -72 -54 79 -1 -44 -20 -2 -79 -11 -69 -74 -52
right_child=2 3 7 11 5 6 -8 32 9 10 -12 -13 -14 15 26 16 69 -19 19 25 50 -23 -24 53 -26 55 -28 28 31 67 -32 64 33 59 35 -37 -38 38 41 40 -42 -43 75 -45 63 -47 47 -49 -50 70 51 -53 72 -55 -56 58 -58 -59 -60 -61 62 -63 -64 -65 65 -67 -68 80 -70 -71 71 -73 81 -75 -76 -77 -78 78 -80 -81 -82 -83 -84
leaf_value=0.018263675180548913 -0.02313749728336344 -0.0067743891692791866 0 -0.014054931975448891 0.017115397375496194 0.0023976666132758738 -0.0089604100613146238 -0.01898550874216735 -0.0051278203803537961 -0.022696226405359069 -0.0068610718709186374 0.0086541940448336199 -0.002635194592347396 -0.00098262962011787204 0 0.0055918393445154226 0.012634808255580091 0.011426291159730241 0.018994564686773904 0.015987099466255646 0.0081566780475531321 0.0020292369473900568 0.0069395724071929753 -0.012209668894998296 -0.011576475006226834 -0.0070661031978662596 0 0.0074851024640957249 0.0075393359392382647 0.017092638230642835 -0.0063248932146189899 0.013249331829787063 -0.0034196864913215949 0.0068365206987392553 0.014889730618042196 -0.00069878915524539933 0.013043579189026015 0.00015728335489282696 -0.012686490761717592 -0.0071606513849282261 0.012409226128427068 0.00092445459341624584 -0.0088237431217139065 0.0083791509442524576 -0.0021910949355423781 0.015809313282393957 0.0040399953860050034 -0.0087092021512968892 -0.015515645682216229 -0.010235179777420729 0.022079216595211459 0.0093564682407677909 0.016334152758450942 0.0012097635587709197 0.020571990365231919 0.0061716006863847444 0.01534517512913426 0.0082338754797009073 -0.0073410333749378926 -0.0052434010530407558 -0.013026132673056393 -0.004771911864137131 -0.0003182570496464314 -0.018891890811461511 0.0089458331052357648 -0.00049598001209183408 -0.01490813714760833 0.0035515120294556022 0.01609411455530468 0.0029310399623891162 -0.0078633481696969241 0.0063322631916226885 0.0060194020292319407 -0.015295458085020766 0.012536309052857669 -0.017677263985587371 0.012286521656536755 -0.016365291451904965 -0.022038614586989774 -0.017613571988649039 0.0095449837509588003 0.010948563568132119 0.017767736257951063
leaf_weight=35.062219012528658 48.3050935305655 12.083109222352503 11.825880620628597 12.584228534251446 27.489062212407589 49.579298041760921 28.462039075791836 21.556259857490659 32.108522210270166 45.050153015181422 23.902712762355804 13.321708634495733 42.467921122908592 16.12511430028826 17.55598209425807 11.872959785163401 15.799248315393926 36.868675611913204 18.332806840538979 11.061383523046969 30.106314688920975 41.412704665213823 46.911698799580336 9.6905484348535555 12.309682328253983 11.572348996996878 19.341645341366529 22.085589073598385 21.534188907593489 10.827044643461702 18.507963895797729 16.986091412603855 19.725940281525254 12.332775462418796 9.4629861973226088 13.117554405704139 13.205545179545878 11.073702123016121 9.4336257725954074 13.40348217263818 10.473305676132439 21.492780709639192 11.196096286177637 9.3785897344350797 8.9735775776207465 11.93327074870467 15.220183750614522 14.301110330969101 14.100314643234013 13.610422443598507 40.66133776307106 41.888498496264219 20.965502072125673 10.28317786939442 23.141853451728821 7.875323589891198 12.416867163032292 19.860625024884943 11.194343483075498 9.5217337086796743 11.985506899654863 8.8037974871695059 12.079072628170254 18.867912432178855 19.479045569896698 13.420792695134876 9.9102669935673458 11.108009755611421 21.25378392636776 13.739442877471445 15.383638106286524 10.418163135647776 14.553697086870669 33.681647479534149 40.895368050783873 16.865807108581066 24.543732354417443 54.561556408181787 65.991893846541643 26.601774133741856 11.014455915428696 17.571042090654373 34.248914796859026
leaf_count=67 144 81 72 101 76 123 60 149 58 124 56 89 105 82 80 49 87 101 103 87 124 69 114 66 71 68 87 113 99 65 109 55 120 71 74 92 69 71 77 95 74 114 63 53 75 68 95 105 66 87 70 103 85 66 120 57 84 119 98 71 69 55 85 91 101 73 79 59 104 92 110 67 68 75 74 98 99 134 191 91 69 72 75
internal_value=0.000226584 0.00569327 -0.0137789 0.00048389 0.00883697 0.00348531 0.00105941 -0.00535314 -0.0177159 -0.0146459 -0.0169578 -0.00408196 0.00332424 0.00415825 0.0105009 0.00556656 0.00147009 0.00632712 0.00800608 0.00930214 0.0120753 0.00963823 0.0121483 0.00134957 -0.00211242 0.00571905 0.00793558 0.00866876 0.00947226 0.00532987 0.0010281 0.0120437 -0.00815156 -0.0046492 0.00106986 0.00556028 0.00666526 -0.00498658 -0.00235486 -0.00724008 0.00115708 -0.00613016 -0.00950194 -0.00184294 -0.00983174 0.00857194 -0.00571061 -0.00191889 -0.0086667 -0.00236984 0.0140423 0.0150448 0.0168519 -0.00498624 0.0150871 0.00380137 0.00621908 0.00239198 -0.00141806 0.00127556 -0.011609 -0.01509 -0.00692911 -0.0142447 0.00788202 0.00490026 -0.00922696 0.0104243 0.011952 0.00835176 -0.00493685 -0.00187815 0.0119858 -0.0191837 0.0152741 -0.0143944 0.0153216 -0.0206067 -0.0195312 -0.020911 0.00684163 0.00892844 0.0202055
internal_weight=1729.92 1244.61 485.314 469.209 775.401 184.867 157.378 155.111 330.203 161.345 129.236 208.43 128.916 260.78 590.534 213.806 80.8239 86.448 132.983 116.857 364.277 164.282 122.869 45.0052 46.9733 73.9809 226.256 206.915 189.359 73.5431 40.5936 115.816 110.105 55.6808 34.6636 22.5805 25.0314 195.108 91.3739 103.734 23.8768 68.3669 46.8741 18.8122 79.8573 23.007 42.1055 29.5213 33.8263 51.2852 199.995 169.889 128 19.9737 65.9298 62.9195 43.8498 31.433 19.0697 21.8545 54.4246 30.3601 24.0646 37.7518 49.8859 32.8998 18.8838 32.9495 42.788 29.5387 39.4122 25.8018 53.0902 105.334 75.9576 28.0619 42.8765 168.859 120.553 71.6519 22.1225 32.1247 74.9103
internal_count=7307 5475 1832 2955 2520 465 389 959 873 404 346 1348 329 1607 2055 1289 492 224 797 715 921 324 255 273 318 513 1134 1047 967 415 222 552 686 328 247 166 141 1259 544 715 169 405 291 130 546 139 301 200 186 313 597 473 370 132 323 426 271 187 155 142 358 204 154 245 229 174 154 193 203 179 264 177 225 290 141 161 202 469 325 215 128 140 145
is_linear=0
shrinkage=0.0121641


Tree=2
num_leaves=83
num_cat=0
split_feature=0 0 5 1 1 2 9 1 1 3 8 5 5 3 9 8 9 2 9 9 6 0 6 1 7 0 6 5 7 7 9 9 8 3 3 6 0 6 3 3 0 0 5 3 7 9 7 6 7 8 0 6 6 3 6 1 3 9 8 6 6 6 6 5 5 6 6 1 9 8 2 7 6 1 3 8 7 6 7 7 7 3
split_gain=691.544 99.2746 87.0894 29.9506 27.1721 25.4529 45.3537 40.3135 18.883 17.6633 16.4771 15.7564 15.0767 16.6129 14.5705 14.2642 15.6394 14.2325 13.7007 16.1728 12.0977 11.956 11.8555 9.19124 9.0192 8.88003 8.42862 7.4214 7.21036 11.8936 15.3896 7.11761 6.98211 6.73988 6.61581 9.24363 11.4892 6.53616 6.41195 10.9467 7.50535 8.55573 10.5657 6.74041 6.26311 6.23672 6.22467 6.06276 5.79862 5.92042 5.64362 5.61025 6.57711 8.71445 9.01294 5.50789 5.46825 5.46543 5.2488 5.18418 4.97435 4.61807 4.75672 4.2336 7.55574 4.02263 3.68992 3.51345 3.17797 2.93452 2.92292 2.68847 2.55933 2.47099 1.89047 1.72205 1.51893 1.07791 0.175817 1.89685 0.289959 0.0357551
threshold=95.358258426313995 65.83106516990695 -3.0631293273913753 0.0092176420448151931 0.0045351004053118685 -446.78175509720671 -1.3571625414605266 0.01201737130432313 0.0028559968273436914 261815.00000000003 0.60547077785332493 -1.0000000180025095e-35 -3.9551961899312658 261815.00000000003 2.2165203635883697 1.2656477456849731 0.2737354309099192 -671.42694163432304 -1.0825737795899186 -1.3097332563351427 0.0017468839117614494 55.829792285439957 0.0020517308596872757 0.0023725885011301033 0.015013351477930302 23.086647622106508 -0.00099751033317375579 -1.8839310119245256 0.0092561126325261065 0.0170054873423626 -0.2002193039114758 0.13238197294164189 0.593597158084613 243553.00000000003 188185.00000000003 0.00051835650738009159 116.30575075513123 -0.00038309776201195033 184097.50000000003 200993.00000000003 41.45546684468669 43.390766510839875 -2.4773329062222285 239664.00000000003 0.011873065947853452 -0.40821204180079523 0.033328339494538624 0.00058431335522233705 0.014864711660551514 0.63400355293460076 52.325280212295461 -0.0019909944479249366 0.0014457206461522217 224156.00000000003 0.00025674827946649395 0.0062730724985581429 201172.50000000003 0.51830367787327525 0.8013138444427732 9.1261362435826135e-05 0.0016232549005268859 -0.00054058247082583021 0.0027317672154516261 -5.4125616485184622 -4.5357464702321026 0.0018629227533764157 -0.0002595030609709097 0.0044932579524793173 -0.94232186439856835 1.1061356959642006 -1111.993150740919 0.016668743691401419 0.0027317672154516261 0.0059934239218736472 205972.00000000003 0.78767887469766296 0.043057464007347314 0.0011685828189745074 0.024385397574931415 0.042408652384337324 0.030031232523775476 231877.00000000003
decision_type=8 10 10 10 10 10 2 10 10 2 2 10 10 2 2 2 2 10 2 2 2 10 2 10 10 10 2 10 10 10 2 2 2 2 2 2 10 2 2 2 10 10 10 2 10 2 10 2 10 2 10 2 2 2 2 10 2 2 2 2 2 2 2 10 10 2 2 10 2 2 10 10 2 10 2 2 10 2 10 10 10 2
left_child=1 5 14 9 -4 7 -7 8 63 27 20 12 22 67 28 18 -17 32 19 -5 50 -9 23 -8 -13 -12 -23 31 -2 30 68 48 55 47 -6 44 65 -18 -27 71 46 -42 43 -43 -36 -28 66 -25 49 73 -10 -20 53 -53 -55 -11 -50 75 -45 -52 74 -34 -63 -1 -65 -37 -41 -14 81 -66 77 -40 78 -3 -33 -46 -73 -60 -31 80 -80 -30
right_child=2 3 4 15 34 6 11 21 10 17 25 24 13 -15 -16 16 37 -19 51 -21 -22 26 -24 33 -26 38 45 -29 29 72 -32 60 61 -35 35 36 -38 -39 39 40 41 42 -44 58 57 -47 -48 -49 56 -51 59 52 -54 54 -56 -57 -58 -59 70 -61 -62 62 -64 64 69 -67 -68 -69 -70 -71 -72 76 -74 -75 -76 -77 -78 -79 79 -81 -82 -83
leaf_value=0.018171604432777409 -0.022304500521049937 -0.0068847216560427539 0.0086670023279106032 -0.010538199060815986 -0.014976582642224701 0.018688188591834708 0.0082183498758414027 0.0076079452035407186 0.019813131473306565 0.0045762423831095956 -0.00018281728664426846 -0.0082372473214343093 0 0.017810769093503296 -0.0058154044084822356 0.0086414182041510898 0.0018669500437224161 0.016173714771573703 -0.016919057223404376 0.010210815353652042 0.0035758935692990013 -0.012539748151943236 -0.0072524246088198109 -0.0003609113014244755 0.002477855684354744 0.002317957899154757 -0.0075373283036710296 -0.010586832416197371 -0.021792027721483438 -0.021793390086453705 -0.0059670872856742449 0.0054780793402645755 0.00078575423723822044 -0.0055413984241001633 0 0.010124810927308717 -0.0079703245976479146 -0.011772164149111817 0.0080732293879579795 0.017221048256845832 -0.0040167821454711395 0.014032192158150922 -0.003422982149356752 0.011556655103170162 -0.019691164954746081 0.0049304258419756728 0.0050148506870423158 0.00914885000028344 -0.014175426544027566 0.0085493632310287768 0.0047014940113311232 -0.010704816974184139 -0.013831811503747092 0.0093285285316540099 -0.0083181251608108117 -0.009196657195536289 -0.00030489729238775002 -0.0034820932949412011 0.0089348738198166897 0.01653752673574373 0.012648445833223648 0.014517161571551827 0.0029897672698610323 0.0068845137777846762 0.01233010050159232 -0.0004842001887313507 0.0090139778813986132 0.0078566127364409506 -0.012547526765310797 0.019228613408829535 -0.00077712284552667666 0.017033559192632414 -0.014971225834148038 0.0012434123300057657 -0.00063908699456968635 -0.01058326852152355 0.010667969638288222 0.0019939626747521458 -0.018051515990245442 -0.021563801958948275 -0.012406157548671075 -0.016335650321102367
leaf_weight=42.391772920265794 42.196374614723027 10.697699829936033 20.679870082065463 10.008266990073027 13.012568488717077 29.669169249013066 36.288622207939625 17.814071122556925 36.249034933745861 7.7305633872747448 18.811746496707201 26.916803834959865 18.364830907434225 21.871976841241121 19.579107571393251 20.770575072616339 7.5799842737615135 20.251490438356996 15.561912521719931 12.287759102880953 14.814277615398167 12.634819579310713 18.132544405758381 23.623042464256287 19.139715895056725 27.988862056285143 10.149810743518174 9.6561523526906949 17.585353718139231 44.448429495096207 34.544715339317918 12.223088789731266 14.400651598349212 18.898771617561579 7.6757285296916953 11.806618734262885 17.128448508679867 12.593863204121588 16.411195389926434 21.113166518509388 13.084659285843371 21.451963230967522 13.13258485496044 15.384630452841519 10.125004656612875 14.109380686655641 24.833389483392239 15.668365050107239 9.4897086657583731 10.047945717349647 11.858715144917371 16.856143509037793 19.191297300159931 9.717375894077124 7.3953903634101144 8.7446434125304204 9.3292925879359228 10.567638438194988 10.00981262698769 14.635493133217095 9.0804590284824354 14.873156547546388 10.828498354181646 26.280758246779442 31.787647761404514 7.5492549315094939 21.8221604982391 18.393439754843712 27.737461438402534 23.466944996267557 16.267773509025581 30.226216688752174 34.967191066592932 9.150724293664096 15.182725623250006 12.048145772889255 16.17242843285203 9.4825699813663942 15.776575699448587 25.867052685469389 15.813456337898968 18.482412301003933
leaf_count=106 148 62 122 101 87 111 102 111 162 58 65 106 62 78 59 113 72 94 105 84 81 96 61 119 73 127 73 80 66 174 98 87 121 67 79 79 97 96 70 74 50 123 83 79 88 103 101 54 73 77 89 115 124 94 57 79 74 77 79 87 81 93 59 72 90 90 87 66 91 58 80 126 93 81 91 90 69 64 66 87 75 66
internal_value=0.000449927 0.00553701 -0.0130501 -0.000342599 -0.00375745 0.00783608 0.00455554 0.00934518 0.0104785 0.0029832 0.0089968 0.00259285 0.00430898 0.00933323 -0.0164875 -0.00471856 0.00110608 0.0073223 -0.00740975 0.000602763 0.0140509 -0.000431473 0.00163288 0.0034095 -0.00364456 0.00755215 -0.00449387 -0.000464056 -0.0172162 -0.0162721 -0.0128177 0.000611055 0.00402968 0.000295022 -0.00669011 -0.00519617 -0.000563155 -0.00633119 0.00814277 0.00882452 0.00710448 0.00483671 0.00626528 0.00810857 -0.00921255 -2.13056e-05 0.0103102 0.00327088 -0.00234218 0.000793234 0.0164164 -0.010103 -0.00797398 -0.00446044 0.00132053 -0.00234364 -0.00766025 -0.0115332 0.00548762 0.0115005 0.00473097 0.00681025 0.00992598 0.0146511 0.0127328 0.0056582 0.0132137 0.0040979 -0.0164184 0.0153896 0.0026845 0.0132752 -0.0187022 -0.00281442 0.0018555 -0.0150636 0.0149663 0.00590314 -0.0199121 -0.0183293 -0.0154509 -0.0191976
internal_weight=1490.59 1083 407.591 303.649 110.593 779.353 246.967 532.386 477.678 171.687 353.751 217.298 171.242 58.6302 296.998 131.963 40.9444 76.829 91.0181 22.296 77.5575 54.7081 112.611 94.4788 46.0565 276.193 36.894 94.8578 277.419 235.223 98.3499 85.2016 56.5775 58.1902 89.9134 76.9008 36.4843 20.1738 257.381 229.393 166.583 98.814 85.7293 72.5967 40.4165 24.2592 67.7687 39.2914 48.7154 29.8964 62.7432 68.7221 53.1602 33.9689 17.1128 16.4752 18.819 32.7408 51.1448 26.4942 36.4863 40.1023 25.7017 123.927 81.5354 19.3559 42.9353 36.7583 63.8052 55.2546 35.7602 62.8098 136.873 19.8484 27.4058 22.1732 46.3986 19.4924 101.906 57.4571 31.59 36.0678
internal_count=7307 5475 1832 2171 809 3304 899 2405 2022 1210 1696 788 609 206 1023 961 281 504 680 185 419 383 403 342 179 1277 272 706 964 816 321 626 410 240 687 600 266 168 1212 1085 820 558 508 425 334 176 262 173 367 220 338 495 390 266 151 137 147 255 302 176 259 273 152 326 220 169 161 128 223 148 223 265 495 143 178 178 195 143 402 228 141 132
is_linear=0
shrinkage=0.0121641


Tree=3
num_leaves=82
num_cat=0
split_feature=0 0 5 2 9 5 3 4 8 4 9 5 8 3 3 2 9 9 3 7 7 6 8 6 5 0 9 5 7 9 0 0 2 0 7 6 0 7 8 0 7 6 7 7 9 4 6 4 0 9 9 8 9 2 4 5 3 9 7 0 8 5 9 7 9 0 3 4 0 3 9 8 9 2 6 6 0 5 5 7 3
split_gain=574.208 82.3316 73.52 37.1986 36.776 21.8688 17.4553 16.6245 14.9184 17.1536 14.6217 14.5423 14.2845 13.1828 12.2567 11.081 11.8187 10.7115 11.4679 11.1557 9.12976 11.4232 11.3746 8.51938 8.62386 8.06978 25.9784 10.1255 12.3702 10.9576 7.95271 7.84203 7.76798 8.3003 7.76699 9.2577 7.43996 7.72142 11.9556 7.36461 7.40825 7.20535 6.49821 11.9242 13.4268 6.14828 6.04583 6.00511 7.17049 5.84775 10.0982 9.00976 5.62994 5.60991 5.3482 5.29144 5.03139 4.96756 5.41575 4.6339 4.31038 5.12194 3.7262 3.69468 3.56253 3.38196 3.30457 3.23313 5.2396 4.40853 3.05087 2.89688 2.41625 2.01831 1.98262 5.61397 1.97509 1.79452 2.26454 0.582787 0.288362
threshold=95.358258426313995 53.347496175105334 -3.0631293273913753 -446.78175509720671 -1.3571625414605266 -2.5402071332498584 242209.00000000003 -0.29590588171016574 1.4977216307683474 -0.070865358116177266 2.2165203635883697 -1.0000000180025095e-35 0.42825487834033077 313660.00000000006 415736.00000000006 -821.39849629259709 -0.3638166821496579 -1.2129230270284028 211675.00000000003 0.021918402944028071 0.0097073848117082851 1.0000000180025095e-35 0.41499115216913979 -0.0058438459838517113 -1.3434775998221078 25.731937112203347 0.069982826182702962 -3.6971314897935739 0.033036724590957252 -0.79419104293856724 35.676158185619556 72.270312369419727 -386.20088242155924 24.901871125347409 0.023608129613982776 -0.00026751879486765733 66.752163848288191 0.030363383162345551 0.64252686142105386 65.115014003467408 0.014589711413490756 0.00023259034141672388 0.0096169028288578696 0.0170054873423626 -0.2002193039114758 0.048253347708242973 0.00092837607244035966 0.013589929631805055 43.390766510839875 0.75858085741748515 -0.72416709507606225 0.44955412325319505 -0.45046686168787348 -684.94536895508588 0.15542463494427752 -2.688030935983583 230800.00000000003 0.074869692100106147 0.027611944274919673 41.99325432843213 1.0300763324533564 -3.6291869279918934 1.1142528887025867 0.015013351477930302 0.16052553458590582 65.623653581579262 284667.00000000006 -0.11942866735681711 112.69547567134784 313660.00000000006 -0.61039483748165313 0.81214734692717749 -0.94232186439856835 -908.92145300997879 0.0014290253551063929 0.0031038784037920888 72.270312369419727 -3.7947574641359294 -3.1433773972466525 0.024108750595582405 236536.50000000003
decision_type=8 10 10 10 2 10 2 2 2 2 2 10 2 2 2 10 2 2 2 10 10 2 2 2 10 10 2 10 10 2 10 10 10 10 10 2 10 8 2 10 10 2 10 10 2 2 2 2 10 2 2 2 2 10 2 10 2 2 10 10 2 10 2 10 2 10 2 2 10 2 2 2 2 10 2 2 8 10 10 10 2
left_child=1 3 10 23 -5 7 36 -3 9 17 42 14 -4 46 20 16 70 39 52 77 21 -6 -22 -1 25 26 -25 30 29 -29 79 60 -24 -34 63 -36 45 38 -38 -9 -41 -13 -2 44 72 -7 -8 48 -32 50 -17 -52 -19 -50 64 71 -30 67 -59 -31 61 -18 -39 -15 -40 -53 -60 68 -14 -69 -11 -33 -44 -49 -45 -76 -10 -20 -79 -27 -73
right_child=2 5 12 4 11 6 13 8 76 15 -12 41 57 34 -16 49 31 18 19 -21 22 -23 32 24 -26 27 -28 28 56 59 47 55 33 -35 35 -37 37 62 54 40 -42 -43 43 74 -46 -47 -48 73 53 -51 51 65 -54 -55 -56 -57 -58 58 66 -61 -62 -63 -64 -65 -66 -67 -68 69 -70 -71 -72 80 -74 -75 75 -77 -78 78 -80 -81 -82
leaf_value=0.0030807765941917968 -0.022044687094574116 -0.0088758822446522653 0.006342393047671209 0.017038750414346285 5.4364313922054479e-05 -0.0070173853920689174 0.013599119181293444 0.0083746996688548528 0.0099654078941341338 -0.0051519639715812684 -0.0050131414042744217 0.00021792224052794189 0 -0.00097737559409265045 0.011584677579352455 0.0096814513584910118 0.0059715802348432228 -0.0064213367154398546 0.021596597490858651 0.0043090544329583711 -0.0081040664308801788 0.016590180898772216 -0.0034817799090254456 -0.0025893436960259409 0.017657414161954488 0.019755279489689779 0.013342383700593635 0.0011224256376393274 -0.0026882351180252833 0.018889792884806602 0.0040472917766438401 -1.506366188546181e-05 -8.0448461032536705e-05 0.010175264529134736 -0.0060268250066112146 0.012157675328504577 -0.01441823347740543 -0.020786954760861311 -0.00043076723237496831 0.0020576948003469503 -0.012711937429955975 -0.01036114320794089 -0.018793970157239624 -0.020261092924025798 -0.005546585858859204 0.0037785615301382841 0.00049919522885332563 0.010442692428372261 0.0065856042714485929 0.011268578631611124 -0.008782169778567047 0.0082639351788242089 0.0081798879772903565 0.01840042419276678 -0.0081665705067778781 0.0038928598600425418 0.0064477569448161531 0.0039597756954405944 -0.0017334992114363685 0.010072251843309971 0.0080631721469716488 -0.0070700406100817972 -0.0087625750389889439 -0.012157823795937587 0.010864782533860345 -0.00052589112177225559 -0.011927860251479674 -0.016425965103426348 -0.011633926431162353 -0.00563664212099669 -0.015935268642714724 -0.0063802460738185043 -0.012200264842922772 0.016913040389842982 -0.01010818558066656 -0.019933041595591287 0.019899011320270589 0.007809628768322972 0.018104614422227709 0.014856219892361648 -0.01281324090458571
leaf_weight=23.475697264075279 38.481032540090382 15.644795648753641 16.332313194870949 27.587669759988785 13.79416210204363 14.44884675787762 16.121042659506205 13.639655057340859 13.730408642441036 11.075265996158125 17.873788814991713 17.555136471986771 13.661691028624775 9.5537527650594729 24.189918402582407 18.469230081886053 9.1965567953884619 7.8502611331641674 13.021504838019604 17.147858876734972 19.750982541590929 12.489629827439783 21.005029886960983 26.6658775806427 29.727551706135273 25.844202496111393 33.315823286771774 13.21975385956466 16.141831073909998 20.829994149506092 31.576134581118822 7.631985764950513 20.172506283968687 24.160308644175529 7.0329979117959764 9.0919070392847043 12.439778491854666 9.8995404187589902 7.2066843621432799 13.243540190160276 7.5683410018682471 18.152040977030993 29.841340063139796 71.781546686775982 31.028278429061174 16.26723306439817 9.2806112952530366 19.347449721768498 14.00718321464956 14.140391081571577 14.586782734841107 10.981287957169117 7.5731748137623054 14.665739165619014 6.8808928057551375 7.9043954797089127 18.304293047636747 12.513468801975248 14.721490975469353 24.617061693221331 18.766581654548645 8.5329924933612329 10.848686158657072 11.000488344579933 7.223784152418375 12.683573609218 8.5324117764830572 14.050403595902027 9.129161421209572 13.515870608389376 9.2706334069371206 8.4607097208499926 23.726927898824215 30.367905020713806 19.304641770198941 24.549687413498759 7.4164297282695761 9.177006993442772 10.349839015863841 28.062501609325409 8.2649508863687497
leaf_count=90 163 114 106 96 66 110 106 88 103 96 59 83 116 58 61 111 68 83 83 85 72 72 86 71 103 67 108 83 75 74 120 83 85 95 69 81 114 71 83 116 57 89 128 335 94 105 74 97 74 73 66 63 57 70 69 43 99 101 124 123 119 60 76 85 48 97 71 98 69 124 60 71 84 103 83 77 81 71 66 91 59
internal_value=0.000528356 0.00521923 -0.0126828 0.00828365 0.00398633 0.00127347 -0.00253215 0.00318722 0.00388399 0.00304993 -0.0161688 0.00184235 -0.00388597 0.00229704 0.0036892 0.000537929 -0.0022696 0.00701826 0.00993551 0.0127832 0.00191226 0.00817286 0 0.0105739 0.0110621 0.0104208 0.00615396 0.0113902 0.00800061 0.0114212 0.013274 4.80305e-05 0.00242127 0.00536576 -0.00222584 0.00382751 -0.00612623 -0.00884207 -0.00494741 0.00130992 -0.00301449 -0.00498309 -0.0169758 -0.0159649 -0.0122513 -0.00109027 0.00907762 0.0112167 0.00836137 0.00415954 0.00226572 -0.00115082 0.000328875 0.0128729 0.000291853 -0.00422134 0.00197922 -0.00590337 -0.00218189 0.01427 0.00400111 0 -0.0148422 -0.00728969 0.00478719 0.00328471 -0.00576801 -0.00841341 -0.00451645 -0.0113879 -0.0104068 -0.00712392 -0.0160063 0.0145364 -0.0186202 -0.0157698 0.0137878 0.0170369 0.0136253 0.0173387 -0.00997094
internal_weight=1371.69 1012.65 359.044 569.026 198.857 443.624 147.296 296.328 280.683 259.537 256.587 171.27 102.457 62.0808 135.563 159.965 89.1041 99.5712 65.1196 49.6962 111.373 26.2838 85.0888 370.169 346.693 316.966 59.9817 256.984 93.1129 58.6668 163.871 68.7582 65.3378 44.3328 36.6791 16.1249 85.2154 54.4994 33.7511 34.4515 20.8119 35.7072 238.713 200.232 84.5965 30.7161 25.4017 109.964 60.2491 70.8613 56.7209 38.2516 15.4234 28.6729 21.3114 32.262 34.4461 86.1245 35.7674 45.4471 36.4961 17.7295 20.7482 20.5542 14.4305 23.6649 23.2539 50.3571 22.7909 27.5663 20.3459 24.3576 53.5683 49.7154 115.636 43.8543 21.1468 32.5484 19.5268 53.9067 16.7257
internal_count=7307 5475 1832 2253 805 3222 1149 2073 1959 1775 1023 709 809 473 537 1069 659 706 445 305 476 138 338 1448 1358 1255 179 1076 454 280 622 503 266 180 293 150 676 461 314 261 173 172 964 801 306 215 180 464 264 410 337 226 140 144 200 256 174 703 296 197 247 128 147 143 131 160 195 407 185 222 156 213 212 200 495 160 184 220 137 158 130
is_linear=0
shrinkage=0.0121641


Tree=4
num_leaves=86
num_cat=0
split_feature=0 0 1 2 9 1 0 8 6 2 9 9 8 9 7 1 2 1 0 8 3 6 4 4 6 1 7 3 2 6 6 9 0 7 3 1 7 9 3 7 3 2 4 1 7 4 4 1 3 1 2 8 6 7 9 4 9 3 6 1 0 8 8 2 6 1 4 4 1 6 8 0 0 2 3 3 4 8 1 6 4 1 7 4 4
split_gain=494.313 72.5791 57.7198 29.3332 29.8069 29.0865 20.7048 13.6775 19.7083 14.4851 12.7402 19.9397 12.3593 12.0657 11.9955 11.7871 11.396 10.7499 15.5096 10.6598 11.1394 10.5088 9.59207 11.3014 17.9554 11.5829 15.2312 9.25116 9.84084 8.91212 13.8151 11.0882 8.8237 8.80185 8.44402 8.28185 7.39058 7.30074 7.69038 7.1924 6.96172 6.40799 6.59372 6.31631 6.17186 6.08729 5.60894 5.5617 10.703 5.01617 4.93857 4.91334 4.87166 4.75283 4.6768 4.58672 4.18523 4.14335 6.27042 7.17068 5.10473 4.48879 4.06545 3.9958 3.62452 3.56092 3.52216 7.72317 4.12075 3.91077 3.47785 3.0883 4.26565 2.55542 2.44025 2.43633 2.37815 1.63686 1.54794 1.17335 1.03551 0.358381 0.033881 0.0181828 0.608319
threshold=95.358258426313995 53.650259333367451 0.0051987353900088277 -446.78175509720671 -1.3571625414605266 0.0092176420448151931 152.49738493209097 1.2836028566284836 -0.0019909944479249366 -546.91378280765605 -0.2002193039114758 0.036712519801910745 0.42825487834033077 2.2165203635883697 0.018620585012988512 0.0042707740192596622 -252.36854876617272 0.0028559968273436914 23.086647622106508 0.48112091060930379 225190.00000000003 -0.00038309776201195033 -0.2308401232593473 0.19834239901823339 -0.0002595030609709097 0.0025114294001946664 0.010018068531425168 1286604.5000000002 -1562.3861101737184 0.00054806916807593391 0.0046613878718765106 1.4493657521660361 22.597209468237526 0.057233471167550572 316331.00000000006 0.0077510744894052864 0.016255428733976344 -0.83091750872653314 310876.50000000006 0.016753975370824157 251227.50000000003 -1043.7876325087348 0.21434537699748893 0.0042707740192596622 0.018983036773881797 -0.058925196432550057 0.013589929631805055 0.006891631674207724 239664.00000000003 0.011701077845567965 -794.35983563581726 0.62788186157822479 0.00027160106684382052 0.024108750595582405 -1.1584054315322003 0.43397869686739282 1.1673852599796579 196301.00000000003 0.00051835650738009159 0.0092176420448151931 124.78554542550499 0.49932900547593434 0.55056561179589625 -477.22194620196575 -0.0014607339426205219 0.0070021447222424786 0.22451352853965914 0.042663504364253153 0.006248093367960005 -0.0017398844074253651 0.832525171186841 69.482561014308729 84.409536563592994 -1629.0130666290793 317901.00000000006 211675.00000000003 -0.043413270943003894 0.37644109406863341 0.012256123381592855 0.00059515824382244946 -0.27476542480057448 0.0050652350510764178 0.030363383162345551 -0.1069575860025027 1.0000000180025095e-35
decision_type=8 10 8 10 2 10 8 2 2 10 2 2 2 2 8 10 10 10 10 2 2 2 2 2 2 10 10 2 10 2 2 2 10 8 2 10 8 2 2 10 2 10 2 10 10 2 2 10 2 10 10 2 2 10 2 2 2 2 2 10 10 2 2 8 2 10 2 2 10 2 2 10 10 10 2 2 2 2 10 2 2 10 10 2 2
left_child=1 3 12 17 -5 15 57 8 49 27 80 -12 -2 74 -9 71 22 45 -19 20 -17 56 -6 24 62 -26 -27 28 -10 31 35 36 -18 37 39 47 64 43 41 46 -35 42 -39 -20 -36 -1 54 48 -31 -7 -45 -14 -47 65 -30 78 -16 -4 60 70 61 -59 -24 -11 -21 -43 67 68 -38 -70 -60 76 -73 -63 82 -55 -3 -22 -41 -52 -8 -40 -13 -82 -85
right_child=2 5 6 4 16 7 10 14 9 63 11 13 51 -15 21 19 32 18 33 29 77 -23 23 -25 25 26 -28 -29 34 30 -32 -33 -34 40 44 -37 66 38 81 55 -42 53 -44 50 -46 52 -48 -49 -50 -51 79 -53 -54 75 -56 -57 -58 58 59 -61 -62 73 -64 -65 -66 -67 -68 -69 69 -71 -72 72 -74 -75 -76 -77 -78 -79 -80 -81 83 -83 -84 84 -86
leaf_value=0.0088563428087450203 0.014583434978214913 0.015425330928062078 -0.014618354424624115 0.01599798948322537 -0.0041351191534191112 -0.0054657983936763207 -0.014160012300027759 0.013271078833475568 -0.018627012160758273 0.013352826198539777 -0.0022010094601901146 -0.021533484612803116 -0.0082404721583014887 -0.0054838829982452571 0 -0.00047257962597444073 -0.010485595870437535 -0.0028983677431941059 0 0.0061019072614067194 0.0083326004493626902 -0.0089550294267552264 0.0090364552858902547 -0.0044202840263005702 0.0092061832094598971 0.0084789636133639507 -0.0083413426954104843 0.006936465574341231 0.0043526368314528788 0.013664689544120678 -0.0090598927225474593 0.0085116912701928057 0.0013351276540861236 0.0085904207356149089 -0.017524719548289967 0 -0.0092694837600754646 -0.00079301040459968961 0.014021060597476915 -0.0055089377254829014 -0.0036238353229923739 0.016983240139351218 0.010862272574822265 0.0020563041545070522 -0.0011464122507365345 0.012011621200195584 0.010469823886119209 0.016645368117522194 -0.0014887078374820886 -0.019820572655829653 0.014787167158622669 0.002072825612323248 0.019643490903311602 0.011267042952906276 -0.0075652023120082916 2.6907849466440486e-05 0.011263482087665434 -0.0024351028098895319 -0.012352196618273486 0.0047282406928690459 -0.00064229070443383267 -0.0096898722744153381 0.019854589234353643 0.00067666455574914971 -0.0022349340226652924 0.0091045642857554392 0.00046133910332215737 -0.014956590985671458 -0.0056918418954018373 0.0057916033506912696 -0.00035432736608551903 0 0.010146865082117582 -0.020396572348531313 -0.01338058741673759 0.0042107492169166962 0.0073167853291711757 0.017932533902570977 -0.015490215225871094 0.0081427542055715774 -0.021502156393609022 0.019540788350074136 -0.016481866432865876 -0.015836728024277602 -0.021244677925151039
leaf_weight=32.427978225052357 8.8494450878351909 15.280380100011827 15.175738144665955 26.170102205127478 18.424329318106174 6.7598441205918816 15.096921710297464 12.155246548354624 8.4605012340471131 8.7094911681488139 22.077618829905987 28.832072763703763 10.912089966237547 16.125549215823412 10.633546799421312 10.566131219267847 16.826295403763652 15.209353577345608 16.675326490774751 14.334530644118788 7.866004183888438 13.770745193585752 12.820843476802112 14.483086399734018 25.308228105306625 12.884196504950522 20.205106109380722 8.6039880439639074 9.735594851896165 13.742946065962316 9.0522761568427068 14.19128245487809 19.095067378133535 13.961814645677807 10.656269192695619 16.595874145627022 10.954767465591432 14.296274002641441 19.404160648584366 7.6602620556950587 12.716804444789885 32.45009508728981 12.71148121729493 13.16584577038884 6.3230314143002024 32.094195060431957 8.6489370474591833 13.223510574549435 12.416232906281946 14.392799442633985 14.841058880090715 16.586883945390582 32.256121747195721 18.983861025422812 9.2206795951351577 7.5309596359729758 8.4941134862601739 6.065599984489384 9.6935233864933306 11.383608121424912 7.4710759483277789 9.5857732929289359 14.767980096861718 8.3719597831368464 15.205637175589798 18.025864638388157 8.7040412072092277 13.851357713341711 8.4338527955114824 9.0276069827377814 7.5105182882398358 12.872364621609451 12.757808141410349 11.073033913969992 21.62083094380796 18.371903918683529 15.461708180606363 11.762452956289051 7.1881016623228788 14.964269315823911 45.50022460334003 17.707403145730495 17.408544013276696 29.829213414341211 18.784294115379453
leaf_count=96 59 77 115 96 72 85 63 80 82 81 56 124 97 54 95 100 81 67 67 89 64 120 91 71 77 67 109 64 64 101 79 88 84 75 94 123 60 76 72 74 72 118 68 82 78 96 58 84 87 131 71 119 94 83 109 38 69 56 96 100 52 98 57 55 109 94 77 102 74 77 57 74 77 129 70 59 76 116 90 66 195 113 99 120 73
internal_value=0.000549261 0.00502838 -0.012271 0.00800513 0.00396774 0.00118889 -0.0140659 -0.00270157 -0.00483276 -0.00251892 -0.0160467 -0.0128415 0.00202951 -0.0155586 0.00293635 0.00385823 0.00188844 0.010072 0.00868062 0.00236034 0.00901309 -0.000695456 0.00373097 0.00523943 0.00694357 0.00297875 -0.00159271 -0.00464327 -0.0060536 0.00106002 0.00454819 -0.00126729 -0.00402601 0.00944745 -0.00435759 0.00687004 -0.00307529 0.0102885 0.0117592 -0.00168301 0.00252742 0.0100526 0.00445939 0.00642716 -0.0118256 0.0136439 0.00229553 0.00990712 0.00623191 -0.0155598 0.00889117 -0.00178879 0.0159482 0.0116954 -0.00110473 -0.00687694 0.00491684 -0.00850718 -0.00691789 -0.00240642 -0.0104918 -0.0129966 0.0150835 0.00753692 0.0015928 0.0143081 -0.00590765 -0.00737257 -0.00343087 0 -0.00750559 0.00878407 0.0051712 -0.0157718 -0.0178519 0.00797926 0.0115737 0.0144416 -0.0108074 0.011685 -0.0190941 0.0168484 -0.0197884 -0.0198101 -0.018076
internal_weight=1274.45 944.866 329.583 531.249 180.985 413.617 293.234 167.316 122.262 101.11 215.275 106.065 36.3484 83.987 45.0537 246.301 154.815 350.264 253.486 189.929 30.1946 32.8984 118.894 100.469 85.9864 58.3975 33.0893 84.0283 75.4243 159.734 65.0308 94.7031 35.9214 238.276 66.9638 55.9786 80.5118 211.598 151.951 49.9845 26.6786 114.839 27.0078 59.6465 16.9793 96.7783 27.6052 39.3827 26.1592 21.1526 42.9712 27.499 64.3503 87.8317 18.9563 22.3793 19.1277 77.9589 62.7831 28.5876 34.1955 26.7244 27.5888 17.0815 29.5402 50.476 50.9716 42.2676 28.4162 17.4615 17.204 56.3723 25.6302 20.6588 67.8614 37.3558 30.7421 19.6285 14.8484 29.8053 109.211 37.1116 46.2406 94.1137 48.6135
internal_count=7307 5475 1832 2274 805 3201 1557 1467 1103 887 854 403 275 347 364 1734 709 1469 1183 1430 280 284 544 472 401 253 176 751 687 1150 474 676 165 1116 605 395 588 969 683 433 147 498 144 286 172 286 231 272 188 216 219 216 190 354 173 202 164 703 588 253 335 283 148 136 198 212 390 313 211 151 153 304 151 227 293 142 153 180 164 137 451 185 223 388 193
is_linear=0
shrinkage=0.0121641


Tree=5
num_leaves=87
num_cat=0
split_feature=0 1 1 0 2 0 8 9 9 0 3 8 2 4 3 8 3 6 9 9 1 9 9 2 4 8 9 7 4 3 8 9 6 6 3 4 2 8 1 0 2 4 0 7 9 0 2 8 6 0 9 9 6 1 7 0 6 6 7 3 2 9 2 8 3 0 0 9 6 8 6 3 6 9 1 2 2 2 8 4 9 2 4 4 8 7
split_gain=437.763 64.4097 47.5199 23.3156 19.1141 15.6002 13.1644 12.5547 20.9041 12.527 12.6275 12.2689 15.5278 13.5804 12.066 11.2754 19.2881 10.5956 13.8442 12.5296 9.82762 9.75066 9.43843 14.3383 9.68169 8.38874 8.28716 8.26765 7.81 8.61203 7.71815 7.06431 10.8163 11.9678 7.77265 6.97701 10.2242 6.78445 9.15654 8.53661 6.75481 6.63394 6.22318 5.98261 8.8294 7.28819 6.64323 5.73911 5.71842 5.62376 5.2678 7.82343 6.98748 6.16056 5.08968 5.00918 5.54117 11.6979 4.73607 4.81942 4.68047 4.5528 4.03238 3.57461 5.63013 3.53889 3.51609 4.36865 3.22758 2.66052 2.61963 2.35769 2.34089 2.18746 1.63885 1.58865 1.30242 1.26568 1.40499 1.20481 0.977182 0.559215 0.18489 0.640325 0.145428 0.130512
threshold=95.358258426313995 0.007310806565056613 0.0051987353900088277 59.682389743838783 -230.59133511703399 152.49738493209097 0.42825487834033077 -0.2002193039114758 0.036712519801910745 68.677878837707866 196301.00000000003 1.2836028566284836 -521.35740380152959 -0.073966635343797479 219172.50000000003 1.3624569568698714 198691.00000000003 -0.0017671853058028218 -1.3571625414605266 -1.0825737795899186 0.0092176420448151931 2.2165203635883697 -1.3571625414605266 -376.44711613103135 -0.34138968931337466 1.5222280471224596 -0.91990158412628409 0.0098418122779220258 0.053442805693706193 649483.50000000012 0.43210696630832318 -1.2129230270284028 0.0020194824706198642 -0.00488207511921206 179879.50000000003 0.19834239901823339 -855.19316965154269 0.50779410157066185 0.0028559968273436914 23.086647622106508 -473.04016668000344 0.16578296766976011 77.344126782641965 0.017477626319305387 0.77941780495685054 50.108631061494442 -485.49677225969293 1.7644529220310623 0.0033063142879553808 24.592433312404761 -0.40821204180079523 -0.1797448921194196 -0.00023588688475888233 0.0052375234196479908 0.012171171956002489 141.04209748872881 0.00040399477244036386 0.00095447658815235906 0.02790197948965269 245445.50000000003 -395.12995319400324 0.58036414546087189 -557.50875221553849 0.88533398306069266 282648.50000000006 36.450114329998414 35.055652248243256 1.1142528887025867 0.00023259034141672388 0.62788186157822479 0.0011206543764669069 317901.00000000006 0.00075542054808991745 -0.61039483748165313 0.0037687970377369025 -1196.4231621727502 -789.39799578482928 -611.39994115002696 0.78767887469766296 -0.27476542480057448 0.470333915569213 -1372.3289879304657 -0.1069575860025027 1.0000000180025095e-35 1.0853134053621767 0.035283758111284029
decision_type=8 10 8 10 10 8 2 2 2 10 2 2 10 2 2 2 2 2 2 2 10 2 2 10 2 2 2 10 2 2 2 2 2 2 2 2 8 2 10 10 8 2 10 10 2 10 8 2 2 10 2 2 2 10 10 10 2 2 10 2 10 2 8 2 2 10 10 2 2 2 2 2 2 2 10 10 10 8 2 2 2 10 2 2 2 10
left_child=1 4 6 31 9 55 -2 79 -9 22 -11 12 13 17 -14 -13 -17 -5 -19 -20 -21 71 60 24 -24 -18 -6 -25 29 42 -29 -3 33 -33 -35 58 68 54 63 -40 50 -30 -12 46 45 -45 -36 -27 -34 -32 52 -52 -41 65 -26 56 77 -58 81 -60 62 69 -1 64 -39 -53 -55 -68 -37 -8 -65 85 -67 -59 -56 -22 -44 78 -4 -7 -75 -15 -81 -84 -80 -10
right_child=2 3 5 11 26 7 61 8 21 10 28 15 14 35 -16 16 25 18 19 20 75 -23 23 27 37 47 -28 30 41 -31 49 32 48 34 43 36 -38 38 39 40 -42 -43 76 44 -46 -47 -48 -49 -50 -51 51 53 -54 66 74 -57 57 73 59 -61 -62 -63 -64 70 -66 72 67 -69 -70 -71 -72 -73 -74 80 -76 -77 -78 -79 84 82 -82 -83 83 -85 -86 -87
leaf_value=0.014551067534728257 0.013810744430897356 -0.0032834857401965985 -0.019781274385620367 -0.011916244761209128 0.0039909638684123344 -0.01345654988618958 -0.011326891169900833 -0.0012581067138101715 -0.020973880424621099 -0.007543638307444196 0.0041384224378073807 0.01527033288090086 -0.0028798212072048326 -0.0096683388725606941 0.017902568023966402 -0.010639263979713659 -0.0023756996598552093 -0.011719254775273188 0.012338592096700017 0.0072408881754396836 -0.0018454760512682509 -0.0057801904171955699 -4.9103404287080661e-05 0.010613139115914555 0.007625094557638587 0.018745249834206567 -0.0092515812302908142 -0.0061093653824080248 -0.0078154441909413959 0 -0.0013414719219992618 -0.002366014218624867 -0.0083119982535773771 0 0.021453556962575535 -0.003283826540102138 0.0080325455003321354 0.0026884326602381946 -0.0015330933614818799 0.0092792199817424634 -0.00038448371155171195 0.0050243263600149796 0.011116716112661478 0.0099481226401795016 0.014656862269464268 -0.0048586842895704677 0.007131568181860665 0.003349490769116328 0.004457231343714398 0.0072735007456952794 0.018669640413001183 0.016375406588824352 0 -0.00019660192644218059 0.020985161386218285 0.0002090099824654369 0.0059410162362778709 -0.0045832223966601453 -0.012368659240523376 0.002343422905682133 0.020001503152257412 0.0043758636919163478 0.0047976516705806197 0.011335360318332717 0.012389004193918233 0.011305298689685722 0.0030105453573304286 0.01271451620592003 -0.01482828361918412 -0.00099338953839663642 0.017747125446966463 -0.012784588296877028 0.0036514735780885147 -0.01740356769366435 0.012874577100903868 -0.011869558853735817 0.020229108516753792 -0.0061253609179984323 -0.0071062971690342234 -0.021319650331049749 -0.0077622990912910974 -0.01627397858676884 -0.015282978387655558 -0.020910290997716047 -0.013705903241097215 -0.015366084699533425
leaf_weight=19.1187056414783 9.2353524062782508 13.211110487580298 9.4238880751654523 10.985374640673397 13.431515885517003 14.049811221659182 8.9179166704416328 21.45674542337656 28.816987855359912 12.856034137308596 11.91531145758927 9.1232647374272329 7.5425247177481642 8.9444602057337743 8.0267329365015012 14.952409759163855 8.6936075612902659 9.709071842953561 17.100123584270474 11.048852168023592 5.8718230109661782 15.232675474137066 15.137507051229475 17.00749358907342 15.217179710045455 8.8043085113167781 13.700124971568583 16.372282262891531 9.816853182390334 12.911232762038706 17.78478055819869 13.332107596099375 10.483725849539043 10.384306780993937 15.507231917697935 10.187079321593048 7.3742977324873236 16.965763714164495 14.569797009229658 24.419621095061302 12.302751071751116 14.995434340089558 9.577948644757269 9.1841315254569071 15.840215660631655 9.9497074531391245 9.3970824144780654 8.1111443992704135 9.5813710782676917 25.929970063269138 14.597956396639345 17.901630602777004 22.48284075781703 11.741948187351225 15.121717084199192 7.1200372986495486 8.572886271402238 9.4415097916498762 6.1021499326452595 5.8364189527928829 15.331990744918583 7.5140300597995511 13.077874880284069 36.746429681777954 24.611547861248255 22.281983867287636 19.829377241432667 12.929642379283903 7.7908719293773165 8.9128040559589845 22.571418773382902 19.804733249358833 12.18867341801524 7.7828847579658049 13.960859343409536 7.8490540515631455 10.183056131005289 5.972229052335023 6.4731292426586178 40.685016508214176 6.3037519212812185 22.501226376742128 27.639589307829738 17.119413048028946 10.4833796788007 13.225070485845206
leaf_count=96 59 98 112 116 61 63 88 56 145 107 91 59 70 96 68 126 78 109 114 67 43 54 61 94 75 75 77 68 73 102 84 69 68 61 101 104 49 65 76 122 66 111 69 72 110 82 69 83 90 110 71 61 93 45 64 43 54 99 58 74 60 54 52 102 98 111 122 75 61 74 67 70 75 81 73 105 74 61 81 195 76 249 120 73 96 78
internal_value=0.000622983 0.00492112 -0.0119729 0.000456369 0.00732408 -0.0136968 0.00127878 -0.0154992 -0.0122157 0.00781651 0.00330445 -0.00207875 -0.00386595 -0.00525747 0.0074349 0.00307197 0.00015537 -0.00103701 0.00116107 0.00431176 -0.000977624 -0.0151792 0.00859162 0.00797564 0.00904399 0.00671907 -0.00245954 0.00309997 0.00541111 0.00845306 0.000859301 0.00477501 0.0058658 0.00780621 0.00982939 -0.00900131 -0.00355007 0.00948024 0.00873125 0.00703368 0.00780338 0 0.0118626 0.0115133 0.00788186 0.00191417 0.0163309 0.0117726 -0.0018933 0.00362149 0.00848054 0.00997722 0.00477908 0.00859294 0.0141588 -0.00861286 -0.00968806 -0.00573071 -0.0120305 -0.00464784 0.0139213 -0.00304521 0.0108025 0.0117794 0.00859372 0.0115211 0.00499316 0.00705021 -0.00867034 -0.00654029 0.0138953 -0.0173836 0.00879525 -0.0102631 0.0173385 -0.00807147 0.0161729 -0.0134014 -0.0147901 -0.0186794 -0.0135848 -0.0146168 -0.0194552 -0.0175975 -0.0115927 -0.019381
internal_weight=1197.2 893.015 304.184 313.426 579.589 269.604 34.5801 198.03 98.5362 552.458 82.2559 196.555 146.87 131.301 15.5693 49.6847 40.5615 62.5643 51.5789 41.8699 24.7697 77.0795 470.202 422.673 345.579 25.6091 27.1316 77.0945 69.3998 44.5875 60.087 116.871 103.66 83.5948 70.2627 68.7365 25.3522 330.441 286.141 185.246 170.676 24.8123 31.6763 59.8784 34.9741 19.1338 24.9043 16.9155 20.0651 43.7148 158.374 111.471 46.9025 96.8733 44.2998 71.5737 64.4537 32.101 43.3843 11.9386 47.5286 25.3448 32.1966 100.895 41.5773 52.3723 44.501 32.759 17.978 17.8307 59.3178 61.8468 34.4707 23.5281 29.0826 13.7209 19.761 32.3526 26.3804 99.4938 14.0866 31.4457 85.444 44.759 16.9565 42.0421
internal_count=7307 5475 1832 2624 2851 1557 275 854 403 2713 627 1804 1383 1245 138 421 362 554 438 329 215 347 2086 1878 1522 236 138 356 520 336 262 820 722 564 495 691 214 1461 1249 917 841 184 234 434 264 154 170 158 158 194 775 560 215 489 212 703 660 310 477 132 208 216 148 332 163 247 242 197 165 162 169 293 186 256 137 148 143 350 289 451 157 345 388 193 177 223
is_linear=0
shrinkage=0.0121641


Tree=6
num_leaves=81
num_cat=0
split_feature=0 0 5 1 2 1 3 8 9 2 8 6 8 9 3 5 3 9 9 2 2 9 5 1 8 8 2 8 9 2 9 6 6 5 0 9 6 3 8 9 1 1 7 0 7 8 8 8 9 6 2 6 9 1 0 0 0 1 1 7 8 6 3 3 2 5 7 5 3 2 8 7 6 3 3 9 8 2 3 6
split_gain=387.974 49.6054 43.4814 28.2709 24.559 18.7373 11.6628 11.2224 10.2475 8.83927 12.3173 13.5523 11.6481 12.3399 8.85284 8.79486 11.1825 8.50269 22.6573 11.8956 13.0493 10.9636 10.3109 9.92931 8.22699 7.83117 7.8144 7.49985 7.21056 7.02084 6.89529 5.9667 20.7552 5.93017 9.84976 18.5239 8.7439 24.5376 5.83893 6.9693 7.07632 5.78562 5.68519 5.39103 5.35685 5.04053 16.953 8.38901 5.55066 4.80148 6.32004 6.24606 4.64892 6.23895 6.10087 4.53343 4.26812 4.17786 3.77538 3.76313 7.93869 4.4264 3.19654 3.15679 2.80295 2.63689 2.45312 2.2592 2.16458 1.84311 1.70308 1.59074 1.43486 0.928569 1.27345 1.50129 3.63182 0.858113 0.408159 0.204557
threshold=95.358258426313995 55.829792285439957 -3.0631293273913753 0.0090294491990580549 -230.59133511703399 0.0051987353900088277 196205.00000000003 0.48112091060930379 2.2165203635883697 -521.35740380152959 1.2836028566284836 -0.0018622002228220441 1.3624569568698714 0.25203044084552256 198691.00000000003 -4.2464873380086283 1286604.5000000002 -1.3571625414605266 -1.2343339456508062 -446.78175509720671 -934.61133041331561 0.47766104836978024 -1.1623011257341915 0.0023725885011301033 0.42825487834033077 0.61322758253959131 -1562.3861101737184 0.48112091060930379 -0.50453286925248431 -1083.8462036614274 -0.91990158412628409 0.0023074554737387933 0.0032666205511356536 -1.3991622022790817 25.731937112203347 0.074869692100106147 0.00071879573681972442 224156.00000000003 1.4358270855543414 -1.449038238974206 0.0042707740192596622 0.0038222634529073269 0.033036724590957252 69.482561014308729 0.012804965851958951 0.59785345599868689 0.70232072984565319 0.8725108328541723 0.11783787623797579 -0.0007680014147472856 -1550.0452948265738 0.0026559644705182696 1.1673852599796579 0.0078519423997262128 45.723446811048326 77.881380851980353 82.654354962433715 0.0062108245910169708 0.011398850805624637 0.010886857353766636 0.78767887469766296 0.00040399477244036386 239664.00000000003 363738.00000000006 -573.60373509150725 -3.9463714959611251 0.013513267763527405 -2.0844185022166317 187152.50000000003 -2411.5909119984749 0.76411875110590077 0.016509532258745675 -8.0826276967030014e-05 211675.00000000003 827135.50000000012 -0.64375368596720184 0.53918034269442439 -554.54645925387638 392798.50000000006 0.00067581493718413905
decision_type=8 10 10 10 10 10 2 2 2 10 2 2 2 2 2 10 2 2 2 10 10 2 10 10 2 2 10 2 2 10 2 2 2 10 10 2 2 2 2 2 10 10 10 10 10 2 2 2 2 2 10 2 2 10 10 10 10 10 10 10 2 2 2 2 8 10 10 10 2 8 2 10 2 2 2 2 2 10 2 2
left_child=1 4 8 6 17 24 43 28 31 10 11 58 -12 -14 -15 -13 26 25 -19 20 29 22 23 -21 -4 -1 -17 -25 72 52 -6 68 -33 34 35 -22 42 -38 39 -9 63 -39 66 -3 -45 48 -47 -48 64 56 -51 55 53 -20 -54 62 57 -42 -5 -7 79 67 -52 -41 -28 -31 -36 -62 -2 -16 -26 -29 -8 -70 75 -75 -77 -68 -74 -61
right_child=2 3 5 9 30 59 7 38 -10 -11 12 15 13 14 69 16 -18 18 19 21 33 -23 -24 27 70 -27 45 71 -30 65 -32 32 -34 -35 36 -37 37 41 -40 40 49 -43 -44 44 -46 46 47 -49 -50 50 51 -53 54 -55 -56 -57 -58 -59 -60 60 61 -63 -64 -65 -66 -67 77 -69 73 -71 -72 -73 78 74 -76 76 -78 -79 -80 -81
leaf_value=0.018960032834571688 -0.011981288372345768 0.0032575619718647479 0.013886577863408389 -0.0055419153689930485 0.0012840357516826402 -0.0011352329460466179 0.020471732560472546 0.01398138124241235 -0.0042782898941228281 0.0071842397974755771 0.015024202376314322 0.010099746656861907 0.007925657540821248 -0.016840733519578772 -0.0049938522512271641 -0.018752650506642429 0.0087805994065796641 -0.0039939661665990608 0.0079625492830456262 0.013565319939493546 -0.0051433468603453792 -0.0039457739443244828 -0.0027418320809665169 0.010488013532895652 -0.00411986574743195 0.007790948770094396 -0.016056199695160873 -0.0027453213295817926 0.0020906676201160657 0.0031940644471405342 -0.011411731893470448 -0.00024563561187649941 -0.018183035985837495 0.017131417828284777 0.020715302914443744 0.010976807668274611 -0.0024502682457762325 0.019359441713841106 0.013207777009173064 0.011150282645312055 -0.0067506975189403507 0.0085013906850280874 0.0085808578765276169 0.00085800286253010579 -0.011063465570410816 0.01285939008921567 -0.014567280329846435 0 0 0.01233317817904714 0.0055629775925294511 -0.0064784484407701282 0.0055307394592414121 -0.0032937251445384363 0.017666775729552046 0.010327139769490904 -0.010949997178310853 0.0040238447044114818 -0.019243844676758409 -0.018699345815632495 -0.014250439558824336 -9.9311783202087926e-05 -0.0038396518170932042 0.0021719817645542506 -0.0033802606894113144 -0.0047126369012865524 0.012075460796736133 -0.0033140525465721574 -0.020741796320032365 0.0035324138824359397 0.0030611468945982798 0.0031370205388242859 0.015106130280648462 -0.018035328526784779 -0.020533191089222219 -0.0069134442313812999 -0.015760353075774718 0.017058868354069889 0.0074673537143495339 -0.010744911278296203
leaf_weight=19.991751121357083 20.779522040858865 15.822155948728321 8.3887793868780154 5.8613345213234451 11.997991610318424 11.147093055769799 9.3927897997200489 8.3006012924015504 14.606546121649442 11.738709188997744 7.8536126967519513 5.9532745294272891 13.18301137909293 8.2532214391976613 7.6757796294987202 7.3830403368920079 7.3794361986219874 24.235418204218149 17.973583845421675 29.648580298759043 16.808942627161741 18.62323871999979 14.973680652678011 16.888990417122841 9.6516344882547873 22.974532622843981 12.374613289721308 13.687786825001242 9.3976935930550081 12.87077444791794 11.698603820055721 16.999526064842939 24.16367715690285 22.127661885693669 16.370075080543756 26.574834126979113 22.073222609236836 16.196062136441469 9.665468364953993 15.992430321872236 9.2113889418542438 19.285780994221568 29.152161113917828 8.326039047911765 12.532084332779048 8.4914445378817636 11.330121975392105 11.727062644436954 5.9267960898578158 8.3545407205820066 9.6903692185878807 12.471841720864175 17.324744209647182 11.215057432651518 11.969337727874516 10.142353242263196 8.2226933352649194 12.226201269775627 13.18948401045054 11.58742915093899 8.9811776019632799 14.078029601834713 11.641794748604296 12.415815610438584 5.1067915856838288 11.702809246256946 35.771564118564129 6.7999982200562981 27.542259812355042 6.7520245686173421 9.4102975279092771 13.36498177051544 7.8046743217855692 32.895093683153391 19.826297229155898 13.116193703375755 29.949665667489171 19.708472050726414 7.1175823546946049 6.0081956833600989
leaf_count=105 96 108 38 79 63 114 83 74 59 101 48 56 102 76 67 90 52 101 117 98 59 111 91 127 93 98 153 67 63 59 77 64 101 81 85 103 116 55 113 76 60 89 105 69 124 81 120 112 58 71 60 81 83 101 84 91 70 115 137 123 83 127 88 85 57 87 158 74 166 65 72 64 80 187 113 73 164 70 56 85
internal_value=0.000645699 0.00475687 -0.0116111 0.00120667 0.00719551 -0.00427181 0.00422931 0.00564118 -0.0147368 -0.00274973 -0.00364097 -0.00611967 0.00158126 -0.00119418 -0.00678662 -0.00369282 -0.00496913 0.00779566 0.00725485 0.00792892 0.00916617 0.00432089 0.00613381 0.00802886 0.00385745 0.0131522 -0.00670585 0.00413611 0.0119796 0.00489772 -0.00471743 -0.015525 -0.0109409 0.0107181 0.00997986 0.00458188 0.0114142 0.00736916 0.00392214 0.00310673 0.00222507 0.0136574 0.0136509 -0.00182987 -0.00599998 -0.0049565 -0.00152785 -0.00712173 -0.00928893 0.000326918 0.00261552 0.000610381 0.00719523 0.00341582 0.010729 0.00363094 -0.00348713 -0.000306009 -0.0153901 -0.00819104 -0.00970877 -0.00554086 0.000128784 0.0074641 -0.0127415 -0.000307898 0.0156113 -0.00997043 -0.0167858 -0.000554062 -0.00023434 0 0.0155242 -0.0175383 -0.0165409 -0.0154029 -0.0132261 0.0139741 0.011928 -0.0163834
internal_weight=1140.05 854.119 285.931 348.908 505.211 86.0526 198.729 162.048 199.879 150.18 138.441 94.7234 43.7176 35.864 22.681 75.6726 69.7193 481.514 438.548 414.312 307.125 107.187 88.564 73.5903 27.4507 42.9663 62.3399 43.9418 33.7127 83.0563 23.6966 185.272 41.1632 224.069 201.941 43.3838 158.557 57.5551 128.335 118.67 110.369 35.4818 101.002 36.6803 20.8581 54.9568 31.5486 23.0572 23.4082 81.9612 52.3009 43.9464 58.4827 29.1886 29.2941 31.4745 29.6603 21.4376 19.0508 58.6019 47.4548 29.8592 21.3322 28.4082 17.4814 24.5736 71.8501 15.7812 144.109 14.4278 19.0619 27.0528 24.315 123.33 95.7873 75.961 43.0659 55.48 14.9223 17.5956
internal_count=7307 5475 1832 3021 2454 809 1567 1266 1023 1454 1353 995 358 310 208 779 723 2314 2111 2010 1452 558 447 356 203 203 671 258 282 531 140 964 165 921 840 162 678 260 984 871 797 144 418 301 193 581 313 232 268 636 391 320 385 218 167 239 245 175 216 606 492 284 148 161 210 146 313 157 799 132 165 131 219 703 537 424 237 228 136 208
is_linear=0
shrinkage=0.0121641


end of trees

feature_importances:
vix_z_60d=83
morning_spx_log_return=71
vega=66
jobless_claims=59
VIX_21d_pct_change=56
gamma_x_morning_spx_rv_annualized=53
morning_spx_rv_annualized=52
atmf_iv_10dte_intraday_range=50
theta=49
rom_roll_skew_30d=27

parameters:
[boosting: gbdt]
[objective: lambdarank]
[metric: ndcg]
[tree_learner: serial]
[device_type: cpu]
[data_sample_strategy: bagging]
[data: ]
[valid: ]
[num_iterations: 2000]
[learning_rate: 0.0121641]
[num_leaves: 108]
[num_threads: 4]
[seed: 20260828]
[deterministic: 1]
[force_col_wise: 0]
[force_row_wise: 0]
[histogram_pool_size: -1]
[max_depth: -1]
[min_data_in_leaf: 64]
[min_sum_hessian_in_leaf: 0.001]
[bagging_fraction: 0.631542]
[pos_bagging_fraction: 1]
[neg_bagging_fraction: 1]
[bagging_freq: 10]
[bagging_seed: 14791]
[bagging_by_query: 0]
[feature_fraction: 0.892446]
[feature_fraction_bynode: 1]
[feature_fraction_seed: 10223]
[extra_trees: 0]
[extra_seed: 6913]
[early_stopping_round: 0]
[early_stopping_min_delta: 0]
[first_metric_only: 0]
[max_delta_step: 0]
[lambda_l1: 0.536237]
[lambda_l2: 0.0396379]
[linear_lambda: 0]
[min_gain_to_split: 0]
[drop_rate: 0.1]
[max_drop: 50]
[skip_drop: 0.5]
[xgboost_dart_mode: 0]
[uniform_drop: 0]
[drop_seed: 17684]
[top_rate: 0.2]
[other_rate: 0.1]
[min_data_per_group: 100]
[max_cat_threshold: 32]
[cat_l2: 10]
[cat_smooth: 10]
[max_cat_to_onehot: 4]
[top_k: 20]
[monotone_constraints: ]
[monotone_constraints_method: basic]
[monotone_penalty: 0]
[feature_contri: ]
[forcedsplits_filename: ]
[refit_decay_rate: 0.9]
[cegb_tradeoff: 1]
[cegb_penalty_split: 0]
[cegb_penalty_feature_lazy: ]
[cegb_penalty_feature_coupled: ]
[path_smooth: 0]
[interaction_constraints: ]
[verbosity: -1]
[saved_feature_importance_type: 0]
[use_quantized_grad: 0]
[num_grad_quant_bins: 4]
[quant_train_renew_leaf: 0]
[stochastic_rounding: 1]
[linear_tree: 0]
[max_bin: 255]
[max_bin_by_feature: ]
[min_data_in_bin: 3]
[bin_construct_sample_cnt: 200000]
[data_random_seed: 4785]
[is_enable_sparse: 1]
[enable_bundle: 1]
[use_missing: 1]
[zero_as_missing: 0]
[feature_pre_filter: 1]
[pre_partition: 0]
[two_round: 0]
[header: 0]
[label_column: ]
[weight_column: ]
[group_column: ]
[ignore_column: ]
[categorical_feature: ]
[forcedbins_filename: ]
[precise_float_parser: 0]
[parser_config_file: ]
[objective_seed: 7621]
[num_class: 1]
[is_unbalance: 0]
[scale_pos_weight: 1]
[sigmoid: 1]
[boost_from_average: 1]
[reg_sqrt: 0]
[alpha: 0.9]
[fair_c: 1]
[poisson_max_delta_step: 0.7]
[tweedie_variance_power: 1.5]
[lambdarank_truncation_level: 5]
[lambdarank_norm: 1]
[label_gain: 0,1,3,7,15]
[lambdarank_position_bias_regularization: 0]
[eval_at: 1,3]
[multi_error_top_k: 1]
[auc_mu_weights: ]
[num_machines: 1]
[local_listen_port: 12400]
[time_out: 120]
[machine_list_filename: ]
[machines: ]
[gpu_platform_id: -1]
[gpu_device_id: -1]
[gpu_device_id_list: ]
[gpu_use_dp: 0]
[num_gpu: 1]

end of parameters

pandas_categorical:[]
