tree
version=v4
num_class=1
num_tree_per_iteration=1
label_index=0
max_feature_idx=32
objective=lambdarank
feature_names=VIX_21d_pct_change VIX_5d_pct_change VIX_VIX9D_ratio VVIX_5d_pct_change atmf_iv_10dte_intraday_range atmf_iv_1dte_percentile_252d atmf_iv_30dte_intraday_pct_change atmf_iv_30dte_percentile_252d days_until_next_pce entry_bid_ask_spread front_roll_yield gamma_x_dte gamma_x_morning_spx_rv_annualized iv_at_strike_minus_atmf_x_VIX_VIX9D_spread iv_term_slope_5d_30d leverage morning_atmf_iv_pct_change morning_spx_log_return morning_spx_range_pct morning_spx_rv_annualized morning_vix_change prior_day_strategy_drawdown_max_5d rom_roll_skew_30d rom_roll_std_30d spx_10d_returns spx_1d_returns spx_5d_returns theta theta_x_atmf_iv_5dte_percentile_252d vega vix_curvature_9d_30d_3m vix_z_60d win_rate_30d
feature_infos=[-0.52839210998206809:4.8438162544169607] [-0.42827256425582794:1.6965317919075145] [0.62891809908998986:1.5167853509664293] [-0.32030341620065339:0.70757303583246678] [0.0036813882916645474:0.2613707868372882] [0:0.99603174603174605] [-0.24318986529363051:0.74536575348065082] [0:0.99603174603174605] [0:44] [0.049999999999999822:29.899999999999999] [-6.7375000000000007:4.8832999999999984] [0:0.033556061189271305] [0.00050198565975699322:0.029708705204148592] [-6.5795764598266988:0.58289359397191487] [-0.50666580450779986:0.067287322754047196] [12.51586456957032:1073.1554712918908] [-0.33382759238393778:0.44486063275178811] [-0.029011813819852964:0.026209351931648178] [0.00081068192656181268:0.047613469070574892] [0.17917490989228085:8.150433863579746] [-17.640000000000001:24.859999999999999] [0:30374.000000000073] [-5.4772255750516701:5.0258428426019996] [7.1417041269969607e-17:19.770253581632318] [-0.23386323847009061:0.19052471618843292] [-0.11984050283657066:0.093827657101993367] [-0.1796662632195084:0.17397425583266291] [-7697.42948726533:-96.192032199531141] [-7575.2480668325461:0] [10.153572579096968:166.46298008069991] [-4.4899999999999949:17.299999999999997] [-2.0770891229405501:6.9859947436689716] [0.46666666666666667:1]
tree_sizes=2628 2636 2618 2625 2614 2619 2619 2616

Tree=0
num_leaves=23
num_cat=0
split_feature=32 11 32 23 15 23 31 15 11 28 20 25 7 7 13 17 17 17 13 15 17 19
split_gain=150.156 23.8619 16.241 11.9055 7.12741 5.08338 3.40715 2.54731 2.44367 2.37642 1.94507 2.42852 1.4074 1.20719 1.20067 0.901549 2.24499 0.413956 0.286595 0.270224 0.213472 0.2012
threshold=0.81666666666666676 0.021276716568485864 0.91666666666666685 2.6387008952696593 474.04359286242817 2.9599395830437518 0.470333915569213 398.27537304122842 0.002567614907827052 -355.58786016326547 -0.65500000000000103 -0.0010136310414010084 0.71626984126984139 0.29960317460317465 0.015760425345757074 -0.0010657156825335497 0.0012883624228505622 0.00018495001396222913 0.019222716260516363 160.27861375917118 0.0010737631355688868 0.59785345599868689
decision_type=10 8 10 10 10 10 2 10 10 10 2 2 2 2 8 2 2 2 10 8 2 2
left_child=1 5 3 7 8 9 19 12 -4 15 -5 -12 14 -11 -2 -1 17 -17 -10 -7 -8 -16
right_child=2 -3 4 10 -6 6 20 -9 18 13 11 -13 -14 -15 21 16 -18 -19 -20 -21 -22 -23
leaf_value=-0.071259214023061485 -0.050951657926902628 -0.10068799727295985 0.068369271124313694 0.057726917923286783 0.0014114814619370208 -0.035182978693262999 0.037685292537731466 0.019030279687668742 0.01155683749256807 -0.026813678161047294 0.035395293510680825 -0.010833719885061932 0.0028778787235531206 0.01209569638400337 0.0017852302506185336 -0.016728966040030397 -0.054657260412716381 0.0073775778077768269 0.037813748023442555 -0.0057262004733192725 0.0058897373920740901 -0.017629756183737164
leaf_weight=15.413534048479049 14.274954068241643 58.864920114632696 99.983452286571264 16.082212926354259 13.031764068175105 4.9408407990122223 5.9255503192543966 5.1742187859490505 8.3538423886057007 9.7197984948288632 16.19055014336482 8.7078245587181282 5.3928311271592966 5.2108633182942858 4.3496445110067743 5.7203691923059541 11.24698713282123 5.4649164685979486 12.539735289756207 4.8590716333128521 3.4628129586344585 4.187787567730993
leaf_count=436 516 833 1292 346 166 144 258 165 209 298 408 231 176 178 173 165 383 148 241 172 167 143
internal_value=5.42152e-06 -0.064738 0.0410701 0.0110127 0.0570645 -0.032128 0.0021287 -0.0224245 0.0628409 -0.0440212 0.0379526 0.0197528 -0.0313349 -0.0133418 -0.0388713 -0.0539868 -0.0342998 -0.00575747 0.030481 -0.0259767 0.0308187 -0.00976724
internal_weight=339.098 130.83 208.269 74.36 133.909 71.9647 19.1883 33.3794 120.877 52.7765 40.9806 24.8984 28.2052 14.9307 22.8124 37.8458 22.4323 11.1853 20.8936 9.79991 9.38836 8.53743
internal_count=7248 3182 4066 2158 1908 2349 741 1173 1742 1608 985 639 1008 476 832 1132 696 313 450 316 425 316
is_linear=0
shrinkage=0.0782433


Tree=1
num_leaves=23
num_cat=0
split_feature=29 29 29 22 11 3 26 13 28 20 13 22 20 19 20 26 0 18 20 13 6 31
split_gain=342.817 73.6997 47.095 44.6708 22.8081 15.1198 17.9698 15.4162 11.5059 15.6001 11.0808 13.6088 11.4548 13.9652 10.3897 12.356 10.3246 9.41776 8.88515 9.62468 8.65111 20.3385
threshold=95.358258426313995 59.110260655714221 20.380527637660894 -2.9750174907880127 0.0013050527862727534 -0.047300450115235697 0.016544103742682007 -0.0065334938286699994 -905.69135010119305 1.1050000000000015 0.11603291587662611 -1.0000000180025095e-35 0.11000000000000033 0.6796746606060059 -1.0599999999999994 -0.013211562896838057 0.026935819499051664 0.0046623390815375958 -1.0450000000000015 0.00057142322953881942 -0.0012286414252472564 0.31663236303140785
decision_type=8 10 10 10 10 2 2 10 10 2 10 10 2 2 2 2 2 2 2 10 10 2
left_child=1 2 -1 -2 5 6 17 -7 -4 10 11 12 20 -14 -9 -16 -6 -3 -5 -20 21 -10
right_child=3 4 8 18 16 7 -8 14 9 -11 -12 -13 13 -15 15 -17 -18 -19 19 -21 -22 -23
leaf_value=-0.011596894158898412 -0.095485336958584674 0.077071247877463722 0.012842066351229763 -0.070037161334108713 0.041020408153096322 0.021027456222410486 -0.033289773867730563 0.0046082873818164864 0.057310637826515978 0.085887407328918489 0.083075444040482088 0.0023733438253697677 0.045907938465494284 -0.012502154942626244 -0.0015571937808561871 -0.067842109499032965 -0.0049904685143849943 0.00047905638296167713 -0.054041188919776738 0.0065061573130179183 0.077684459774505402 -0.0066261579574223581
leaf_weight=100.8577995300293 196.01892421930097 19.121663078665733 60.038924535736442 19.377616720274091 62.062929838895798 22.850683439522982 31.69280587695539 20.348385166376829 131.32207550853491 65.283247340470552 39.836020339280367 53.389068063348532 55.43532651104033 41.547304859384894 21.523145733401179 88.055318660102785 53.543613297864795 17.687762074172497 20.060188464820385 49.2155767288059 71.51942128688097 38.422495562583208
leaf_count=228 1052 171 398 181 452 219 268 216 611 286 106 172 237 169 190 697 358 177 200 384 319 157
internal_value=0.000363188 0.0220688 0.0372533 -0.0748335 -0.00763962 -0.022252 0.00800495 -0.0357187 0.0461237 0.0500275 0.0439763 0.0393222 0.0450652 0.0212724 -0.0459984 -0.0552806 0.0201438 0.0434456 -0.0273278 -0.0126659 0.0541957 0.0429725
internal_weight=1279.21 994.538 657.652 284.672 336.886 221.28 68.5022 152.778 556.794 496.755 431.472 391.636 338.247 96.9826 129.927 109.578 115.607 36.8094 88.6534 69.2758 241.264 169.745
internal_count=7248 5431 2683 1817 2748 1938 616 1322 2455 2057 1771 1665 1493 406 1103 887 810 348 765 584 1087 768
is_linear=0
shrinkage=0.0782433


Tree=2
num_leaves=23
num_cat=0
split_feature=22 9 27 22 10 13 10 23 27 16 16 21 20 2 21 20 9 2 23 18 13 27
split_gain=185.578 45.4427 20.5895 19.6577 15.2394 10.6656 9.59464 8.76387 13.4134 11.2588 8.39848 9.26685 7.9177 7.73401 6.82223 8.71705 10.3444 8.40253 7.5439 8.22637 7.35635 6.20559
threshold=4.3709734013169248 0.14999999999999999 -252.36854876617272 -3.1996487556211606 -0.12321428571428554 0.036710972719580952 0.28822500000000034 2.6176031405253548 -753.64641455359663 -0.042988186319446002 -0.0062331539647612058 235.50000000000003 0.44500000000000034 1.2504288841266973 1659.7500000000111 0.45500000000000101 0.45000000000000012 1.0651804065416426 3.4327945067616725 0.0041755039404372139 0.017659771577047179 -529.68358541492955
decision_type=8 10 10 10 2 10 2 10 10 10 8 10 2 2 10 2 10 2 10 2 10 10
left_child=1 2 5 7 -5 6 -1 8 9 -3 11 -9 -12 14 15 16 17 -6 19 -16 -19 -10
right_child=-2 3 -4 4 13 -7 -8 10 21 -11 12 -13 -14 -15 18 -17 -18 20 -20 -21 -22 -23
leaf_value=0.041847116745477322 -0.087830633054454196 0.022341148761970821 -0.016511376913507597 0.031570811085318277 -0.0016481384334415426 0.065593994750917484 -0.0020914352537260623 -0.013054574505780981 0.047824394328878334 -0.048955792094684508 0.075178273883571164 0.043663087641482252 0.016627699298931757 0.029153655253692325 0.021792598816983002 -0.059984401885874145 0.032627428024066471 -0.071092528112970371 0.025593912231626915 -0.035616006648020074 -0.0112584289091148 0.003890135545160967
leaf_weight=137.36929827090353 121.53464085143059 17.796627731993794 35.877666963264346 38.960487795993686 39.668494275771081 100.20047287084162 38.261924089863896 39.514829233288765 31.710684346966445 37.705101604573429 33.620381888002157 26.9072315399535 27.020378816872835 16.250450571998954 18.660712064243853 46.309607492759824 16.791924107819796 31.818236573133618 29.137809086591005 50.581424443982542 22.069489743560553 46.756469568237662
leaf_count=765 834 166 160 290 349 448 223 280 276 358 213 197 144 163 226 416 190 336 233 535 195 251
internal_value=0.00146997 0.0140496 0.0379068 0.000882277 -0.0123667 0.0451087 0.0323979 0.0165979 0.00245461 -0.0260731 0.0310418 0.0108698 0.0513678 -0.0189951 -0.0224121 -0.0324005 -0.0193747 -0.0295428 -0.00593532 -0.0198121 -0.048729 0.0229104
internal_weight=1004.52 882.99 311.709 571.28 310.249 275.832 175.631 261.032 133.969 55.5017 127.063 66.4221 60.6408 271.288 255.038 156.658 110.348 93.5562 98.3799 69.2421 53.8877 78.4672
internal_count=7248 6414 1596 4818 2933 1436 988 1885 1051 524 834 477 357 2643 2480 1486 1070 880 994 761 531 527
is_linear=0
shrinkage=0.0782433


Tree=3
num_leaves=23
num_cat=0
split_feature=29 29 12 27 3 7 27 27 7 29 29 19 12 17 9 17 0 18 7 18 7 12
split_gain=141.69 43.4548 23.7312 20.9042 14.3405 11.1076 6.99153 10.9859 12.7033 9.92978 10.0281 6.87532 9.0035 8.91325 6.69237 6.00915 5.54376 4.83605 9.25227 4.78766 4.7166 4.62298
threshold=95.358258426313995 53.087562494256083 0.0051987353900088277 -295.30438426825248 -0.05723985438831191 0.069444444444444461 -927.36590742285568 -446.78175509720671 0.49801587301587308 25.731937112203347 29.779811769425667 1.4882856680275702 0.0082307502898983764 0.00043405924189624906 0.37499999999999939 -0.0014283599934211855 -0.076272004164365401 0.0036448230568882638 0.53769841269841279 0.0050935574566246091 0.83928571428571441 0.0069660535574230494
decision_type=8 10 8 10 2 2 10 10 2 10 10 2 10 2 10 2 2 2 2 2 2 10
left_child=1 3 -2 6 19 -6 21 9 -9 -8 -11 12 13 15 -4 -7 -12 18 -14 -3 -21 -1
right_child=2 4 14 -5 5 11 7 8 -10 10 16 -13 17 -15 -16 -17 -18 -19 -20 20 -22 -23
leaf_value=0.033068409642754412 0.011827072848180478 0.037303788729045578 -0.077865418042589785 -0.012473539029129722 0.038079016782839065 -0.0018576412508080288 0.026440492780599147 0.049482950437393459 -0.0034229537356420159 0.10805993737316177 0.029956264344245816 0.014355306546025714 -0.054716157847988313 0.016394929552183437 -0.030036985984971523 -0.057695756693093687 0.070996578951578404 -0.061351944966745224 0.020248715878351302 -0.028264837700347465 0.027626352934839227 -0.0075694468306534762
leaf_weight=41.296751061454415 24.048459505196661 50.476785812526941 125.82796497223899 47.952515434473753 18.917346798814833 22.47179966326803 49.565909381955862 59.102918889373541 49.144184932112694 33.10186080634594 44.104965061880648 27.466850973665714 17.872033922933042 42.754070904105902 27.826767589896917 22.32839086279273 54.063827641308308 44.976607567630708 16.590669821947813 15.809969656169416 14.520491739735006 25.942454881034791
leaf_count=250 274 512 1194 292 208 212 203 289 214 121 284 285 274 419 349 214 343 589 183 182 143 214
internal_value=0.00278534 0.0186989 -0.0589365 0.0352417 -0.00416514 -0.0147751 0.0417277 0.0470324 0.0260539 0.0588729 0.0701359 -0.0204886 -0.0264065 -0.00850767 -0.0700468 -0.0318233 0.0541813 -0.0449573 -0.0199488 0.0232896 -0.00133218 0.0177311
internal_weight=876.164 698.46 177.703 404.275 294.185 213.378 356.323 289.084 108.247 180.837 131.271 194.46 166.994 87.5543 153.655 44.8002 98.1688 79.4393 34.4627 80.8072 30.3305 67.2392
internal_count=7248 5431 1817 2210 3221 2384 1918 1454 503 951 748 2176 1891 845 1543 426 627 1046 457 837 325 464
is_linear=0
shrinkage=0.0782433


Tree=4
num_leaves=23
num_cat=0
split_feature=27 12 27 8 30 20 19 12 11 8 6 1 9 1 4 12 30 2 12 8 20 1
split_gain=93.3411 25.665 14.1859 10.5345 9.43769 10.2183 9.11646 6.77911 6.63716 6.49287 6.40405 5.99263 5.37432 5.93719 5.68131 5.7052 5.0874 5.03913 4.82245 4.67394 5.63969 5.04699
threshold=-200.01558028491436 0.0028016302237757387 -921.76614213558162 13.500000000000002 0.21999999999999978 -0.69000000000000028 1.0771084137313911 0.009068870878613482 0.0037145389850472316 15.500000000000002 0.010314755711311132 0.044611945454117292 0.2999999999999981 0.012678843048671841 0.014417894903144638 0.0059934239218736472 0.96499999999999997 1.1031663507677012 0.0094317657056443883 13.500000000000002 1.0450000000000002 0.011635293480570021
decision_type=8 10 10 2 2 2 2 10 10 2 10 2 10 2 10 10 2 2 10 2 2 2
left_child=1 3 6 -1 18 16 7 8 17 12 -9 -2 13 14 15 -7 -6 -3 -4 20 21 -8
right_child=11 2 4 -5 5 9 19 10 -10 -11 -12 -13 -14 -15 -16 -17 -18 -19 -20 -21 -22 -23
leaf_value=0.056271208393770346 -0.084535350167425902 0.025176100593194962 0.047063401616132663 0.0085726511880446429 0.0061802712273447257 -0.037279567541042002 -0.015177714904854729 -0.07106368602840224 -0.039606377764937931 0.022849278996812782 -0.0021855370321472809 -0.034510092713416332 -0.03963003605073076 -0.025086776340285624 0.040934604420735266 0.023041512938717812 0.050687118620369592 -0.023813000671103254 -0.00054416370688294678 0.021036894991204601 -0.033826448089747677 0.032061769349416284
leaf_weight=93.38231135904789 63.169732176698744 30.205491184256971 64.483668375760317 42.246299159713089 28.065900721587241 15.91646203864366 25.462570905685425 25.844514932483435 27.141888770274818 39.452775117009878 11.958113367669283 28.033683150075376 29.564248591661453 38.455312997102737 22.57890364062041 15.945585940964518 36.302065949887037 17.609152131713927 15.875064535997806 55.26997737120837 28.369368774816394 23.583601390011609
leaf_count=469 610 378 550 238 202 154 266 357 309 289 214 273 311 295 163 188 321 218 262 557 377 247
internal_value=0.00196523 0.0119365 0.00433745 0.041999 0.015488 0.00705199 -0.00960205 -0.0256266 -0.0110053 -0.0035357 -0.051296 -0.0709543 -0.0124412 -0.00268119 0.0136293 -0.00768504 0.0325885 0.00669878 0.0379765 0.00428908 -0.00800664 0.00807643
internal_weight=778.917 687.713 552.085 135.629 306.64 226.281 245.445 112.759 74.9565 161.913 37.8026 91.2034 122.461 92.8963 54.441 31.862 64.368 47.8146 80.3587 132.686 77.4155 49.0462
internal_count=7248 6365 5658 707 2735 1923 2923 1476 905 1400 571 883 1111 800 505 342 523 596 812 1447 890 513
is_linear=0
shrinkage=0.0782433


Tree=5
num_leaves=23
num_cat=0
split_feature=27 12 20 9 0 22 0 16 27 2 16 27 31 20 17 1 15 10 0 9 1 2
split_gain=69.7903 22.9538 10.4934 10.1056 10.9033 7.66784 8.20785 7.22027 10.2869 16.3208 11.3425 6.42944 5.61686 7.87955 9.28199 5.61303 5.48597 5.46768 5.09237 4.85955 4.46093 3.65691
threshold=-200.01558028491436 0.0050652350510764178 1.1349999999999982 0.17499999999999985 0.42392007796309922 -2.5402071332498584 -0.2324498420535395 -0.0084597737362697139 -619.97362507341415 1.0642706737190373 -0.034788776716790253 -872.79375772577816 -1.2343339456508062 0.34000000000000169 -0.0019599343320584285 -0.065066755462531364 163.35225495869443 0.18258333333333357 0.036690171653083199 0.10000000000000007 0.044611945454117292 0.92494988856799998
decision_type=8 10 2 10 2 10 2 10 10 2 10 10 2 2 2 2 10 2 2 10 2 2
left_child=1 2 7 17 5 12 -7 8 10 -10 -1 -9 -5 14 -14 -13 -16 18 -3 -11 -2 -8
right_child=20 3 -4 4 -6 6 21 11 9 19 -12 15 13 -15 16 -17 -18 -19 -20 -21 -22 -23
leaf_value=0.067722474333285917 -0.07869681587686983 0.05267107964314667 0.061731161758055673 -0.038973920031440408 0.025479440011380566 0.014658335633064155 -0.00088642973751384231 -0.00064145246216312909 -0.051035532306036323 0.033816231380686589 -0.0049081294461384185 0.070230318860247956 -0.022561285722866357 -0.020125171430131674 -0.0049936528071105888 0.025162603329370148 0.052774955123509638 -0.005545650079870376 0.001971892891597262 -0.0064443801068621463 -0.032314074383502096 -0.047250139930191525
leaf_weight=27.780155745334923 52.1736253593117 34.450672756880522 44.406188215129077 18.666975780390203 44.546046209521592 18.037158079445362 12.353484595194457 21.606337919831276 29.320761202834547 36.840932446531951 21.95086629036814 33.85339898429811 19.205194686539471 45.603930769488215 12.697419196367262 42.707881685346365 35.768325358629227 27.755479699932039 18.439702546223998 31.920261125080287 26.0593475936912 73.368508888408542
leaf_count=247 610 342 312 248 423 250 124 212 165 190 169 206 232 595 197 271 518 284 148 197 273 1035
internal_value=0.00301339 0.0115081 0.0277495 -0.00168689 -0.00873988 -0.0154855 -0.0310465 0.0208575 0.0095412 -0.0052787 0.0373176 0.0369919 -0.00276145 0.00412661 0.0206902 0.0472323 0.0382369 0.0221592 0.0362165 0.0156527 -0.0652408 -0.0408863
internal_weight=729.513 651.28 290.387 360.893 280.247 235.701 103.759 245.981 147.813 98.082 49.731 98.1676 131.942 113.275 67.6709 76.5613 48.4657 80.6459 52.8904 68.7612 78.233 85.722
internal_count=7248 6365 1969 4396 3622 3199 1409 1657 968 552 416 689 1790 1542 947 477 715 774 490 387 883 1159
is_linear=0
shrinkage=0.0782433


Tree=6
num_leaves=23
num_cat=0
split_feature=29 12 12 6 18 22 28 28 30 30 21 20 11 26 9 5 5 5 5 28 18 22
split_gain=62.5837 17.0974 8.76259 10.5137 8.44984 7.1388 8.16662 8.44991 6.72602 6.65822 6.10272 8.45441 6.85688 5.48876 5.31946 5.59806 4.65518 4.30869 5.02645 5.49791 4.30399 4.21422
threshold=66.527108672379285 0.01201737130432313 0.0023725885011301033 -0.039330742479200868 0.0032655142938906594 -5.477203549692276 -295.29111952026727 -395.22113485752249 2.1500000000000008 1.0349999999999986 3139.5000000000077 0.34000000000000169 0.011012217065730278 0.016322227342888133 0.15000000000000027 0.87103174603174616 0.63690476190476197 0.85515873015873023 0.62896825396825407 -466.81630480164023 0.0051904892790718511 -3.4163180204233847
decision_type=8 8 10 10 2 10 10 10 2 2 10 2 10 2 10 2 2 2 2 10 2 10
left_child=2 9 4 16 -1 -5 7 14 -3 10 11 12 13 -2 -7 -16 -4 18 19 20 -11 -8
right_child=1 8 3 5 -6 6 21 -9 -10 17 -12 -13 -14 -15 15 -17 -18 -19 -20 -21 -22 -23
leaf_value=0.012438784666273031 0.015340885178592906 -0.063014980532922663 -0.027137931704183244 -0.0077335241895175313 0.062143341766184523 0.048316295773689892 0.06088740090703669 -0.031183367205140759 -0.011163949778928865 0.040261906303076737 0.047103407679305626 -0.052080771844184935 0.056746864506017347 -0.044714207972001881 0.022028471337468391 -0.025583849042663823 0.016186801601532862 0.009777597656133924 -0.056267167921566448 -0.034952298892060689 -0.018369913530823935 0.020113542955162531
leaf_weight=37.460476288571954 22.24640538636595 77.599385710898787 43.216818059794605 40.026715785264969 51.469136631116271 31.995509624481201 49.038901050575078 17.837925250642002 21.096762852510437 11.744356368668379 13.772815314121543 14.144365025684236 11.084395225625483 11.387995332479475 59.028262492269278 16.851500045508146 19.769296654500067 17.208265132270753 29.295638786628842 35.313558368012309 12.621276310645042 28.982199576683342
leaf_count=221 300 1049 406 305 266 239 407 183 271 198 183 217 162 185 699 164 168 217 384 483 165 299
internal_value=0.00123401 -0.027063 0.0211486 0.0145731 0.0424475 0.0218871 0.0277519 0.0147318 -0.0526898 -0.0121949 0.00589696 -0.00570959 0.0114974 -0.00711584 0.0230602 0.0107835 -0.0133641 -0.0244005 -0.0311579 -0.0164538 0.0112308 0.0472268
internal_weight=673.192 277.515 395.677 306.747 88.9296 243.761 203.734 125.713 98.6961 178.819 72.636 58.8632 44.7188 33.6344 107.875 75.8798 62.9861 106.183 88.9748 59.6792 24.3656 78.0211
internal_count=7171 3814 3357 2870 487 2296 1991 1285 1320 2494 1047 864 647 485 1102 863 574 1447 1230 846 363 706
is_linear=0
shrinkage=0.0782433


Tree=7
num_leaves=23
num_cat=0
split_feature=29 29 8 29 8 26 9 21 16 24 24 30 26 15 31 26 29 15 10 29 2 10
split_gain=46.1997 9.4403 9.56526 7.24092 7.89077 7.63839 8.50658 6.9364 6.60327 5.48318 7.7182 5.46231 5.57919 5.19384 4.96478 4.93741 4.71319 4.07724 6.25027 5.20688 4.01377 5.2695
threshold=95.358258426313995 64.697840203802272 13.500000000000002 22.597209468237526 18.500000000000004 -0.019493085931451045 0.19999999999999987 3539.7500000000441 -0.066738537102142656 -0.0099010074309374679 0.0034553490662244672 1.4599999999999984 0.00033123457969175268 135.53019966652781 0.49613226309549568 -0.003578354863156163 42.323748748421828 438.47315066559071 0.1145532352941178 30.836014306190759 1.254726066746749 0.84134166666666654
decision_type=8 10 2 10 2 2 10 10 8 2 2 2 2 10 2 2 10 10 2 10 2 2
left_child=1 3 9 -1 5 -5 15 20 -8 -3 -11 12 -4 -10 -15 -7 -6 18 -17 -20 21 -2
right_child=7 2 11 4 16 6 8 -9 13 10 -12 -13 -14 14 -16 17 -18 -19 19 -21 -22 -23
leaf_value=-0.011209472073428218 -0.059139439027055915 -0.046037189826267838 0.002178807634867322 0.056569495348453881 -0.038004903980855181 0.002805890678374084 0.037099345014715415 0.0069455860998051365 0.02025200858364664 0.041770959597193465 -0.01792164081969767 -0.0096920142144216233 0.065938274807042965 -0.0069702694279037934 -0.062753958998678902 0.066727270473154729 0.014557776260795144 0.0048875384259895157 -0.0027526761781301134 0.040637743824275249 -0.0016779229805734511 -0.00098284558047054184
leaf_weight=42.242119142785668 85.95704193576239 27.139146981760859 14.428113203030078 42.562474203296006 16.814297152683139 33.295423944480717 16.748017910402268 15.110266484320162 15.65647900290787 13.179200564511119 64.539343581069261 19.286726213991642 17.959005302749574 26.138720571063459 13.401574386283754 40.532343098893762 18.849350205622613 22.023893296718597 24.140714280307293 49.478675003163517 10.727503463625906 10.924070688895879
leaf_count=275 1231 407 189 414 150 225 209 232 139 213 892 247 287 341 117 321 223 183 140 403 169 164
internal_value=0.00131229 0.0115807 -0.0043955 0.0184763 0.0224841 0.0268168 0.0208581 -0.0411989 -0.0016357 -0.0178347 -0.00645712 0.0222478 0.0404792 -0.0148874 -0.0293651 0.0302715 -0.0112804 0.0367374 0.042543 0.026869 -0.0479918 -0.0528632
internal_weight=641.135 518.416 156.532 361.884 319.642 283.978 241.416 122.719 71.9448 104.858 77.7185 51.6738 32.3871 55.1968 39.5403 169.471 35.6636 136.176 114.152 73.6194 107.609 96.8811
internal_count=7171 5375 2235 3140 2865 2492 2078 1796 806 1512 1105 723 476 597 458 1272 373 1047 864 543 1564 1395
is_linear=0
shrinkage=0.0782433


end of trees

feature_importances:
vega=13
morning_vix_change=12
theta=11
gamma_x_morning_spx_rv_annualized=10
entry_bid_ask_spread=8
iv_at_strike_minus_atmf_x_VIX_VIX9D_spread=7
morning_spx_log_return=7
rom_roll_skew_30d=7
VIX_VIX9D_ratio=6
atmf_iv_30dte_percentile_252d=6
leverage=6
morning_spx_range_pct=6
spx_5d_returns=6
VIX_21d_pct_change=5
VIX_5d_pct_change=5
days_until_next_pce=5
front_roll_yield=5
gamma_x_dte=5
morning_atmf_iv_pct_change=5
theta_x_atmf_iv_5dte_percentile_252d=5
vix_curvature_9d_30d_3m=5
atmf_iv_1dte_percentile_252d=4
morning_spx_rv_annualized=4
prior_day_strategy_drawdown_max_5d=4
rom_roll_std_30d=4
vix_z_60d=4
atmf_iv_30dte_intraday_pct_change=3
VVIX_5d_pct_change=2
spx_10d_returns=2
win_rate_30d=2
atmf_iv_10dte_intraday_range=1
spx_1d_returns=1

parameters:
[boosting: gbdt]
[objective: lambdarank]
[metric: ndcg]
[tree_learner: serial]
[device_type: cpu]
[data_sample_strategy: bagging]
[data: ]
[valid: ]
[num_iterations: 2000]
[learning_rate: 0.0782433]
[num_leaves: 23]
[num_threads: 4]
[seed: 20260828]
[deterministic: 1]
[force_col_wise: 0]
[force_row_wise: 0]
[histogram_pool_size: -1]
[max_depth: -1]
[min_data_in_leaf: 156]
[min_sum_hessian_in_leaf: 0.001]
[bagging_fraction: 0.627009]
[pos_bagging_fraction: 1]
[neg_bagging_fraction: 1]
[bagging_freq: 6]
[bagging_seed: 14791]
[bagging_by_query: 0]
[feature_fraction: 0.604155]
[feature_fraction_bynode: 1]
[feature_fraction_seed: 10223]
[extra_trees: 0]
[extra_seed: 6913]
[early_stopping_round: 0]
[early_stopping_min_delta: 0]
[first_metric_only: 0]
[max_delta_step: 0]
[lambda_l1: 0.0382559]
[lambda_l2: 3.34291]
[linear_lambda: 0]
[min_gain_to_split: 0]
[drop_rate: 0.1]
[max_drop: 50]
[skip_drop: 0.5]
[xgboost_dart_mode: 0]
[uniform_drop: 0]
[drop_seed: 17684]
[top_rate: 0.2]
[other_rate: 0.1]
[min_data_per_group: 100]
[max_cat_threshold: 32]
[cat_l2: 10]
[cat_smooth: 10]
[max_cat_to_onehot: 4]
[top_k: 20]
[monotone_constraints: ]
[monotone_constraints_method: basic]
[monotone_penalty: 0]
[feature_contri: ]
[forcedsplits_filename: ]
[refit_decay_rate: 0.9]
[cegb_tradeoff: 1]
[cegb_penalty_split: 0]
[cegb_penalty_feature_lazy: ]
[cegb_penalty_feature_coupled: ]
[path_smooth: 0]
[interaction_constraints: ]
[verbosity: -1]
[saved_feature_importance_type: 0]
[use_quantized_grad: 0]
[num_grad_quant_bins: 4]
[quant_train_renew_leaf: 0]
[stochastic_rounding: 1]
[linear_tree: 0]
[max_bin: 255]
[max_bin_by_feature: ]
[min_data_in_bin: 3]
[bin_construct_sample_cnt: 200000]
[data_random_seed: 4785]
[is_enable_sparse: 1]
[enable_bundle: 1]
[use_missing: 1]
[zero_as_missing: 0]
[feature_pre_filter: 1]
[pre_partition: 0]
[two_round: 0]
[header: 0]
[label_column: ]
[weight_column: ]
[group_column: ]
[ignore_column: ]
[categorical_feature: ]
[forcedbins_filename: ]
[precise_float_parser: 0]
[parser_config_file: ]
[objective_seed: 7621]
[num_class: 1]
[is_unbalance: 0]
[scale_pos_weight: 1]
[sigmoid: 1]
[boost_from_average: 1]
[reg_sqrt: 0]
[alpha: 0.9]
[fair_c: 1]
[poisson_max_delta_step: 0.7]
[tweedie_variance_power: 1.5]
[lambdarank_truncation_level: 5]
[lambdarank_norm: 1]
[label_gain: 0,1,3,7,15]
[lambdarank_position_bias_regularization: 0]
[eval_at: 1,3]
[multi_error_top_k: 1]
[auc_mu_weights: ]
[num_machines: 1]
[local_listen_port: 12400]
[time_out: 120]
[machine_list_filename: ]
[machines: ]
[gpu_platform_id: -1]
[gpu_device_id: -1]
[gpu_device_id_list: ]
[gpu_use_dp: 0]
[num_gpu: 1]

end of parameters

pandas_categorical:[]
