tree
version=v4
num_class=1
num_tree_per_iteration=1
label_index=0
max_feature_idx=4
objective=lambdarank
feature_names=vega iv_at_strike_minus_atmf iv_at_strike_minus_atmf_wd_rank theta entry_bid_ask_spread_pct
feature_infos=[10.153572579096968:166.46298008069991] [-0.040643324853528728:0.35516611695907097] [1:8.5] [-7697.42948726533:-96.192032199531141] [0.0053050397877982946:1.9748427672955975]
tree_sizes=3711

Tree=0
num_leaves=33
num_cat=0
split_feature=0 0 0 4 1 0 1 0 1 4 1 4 1 0 4 4 1 0 1 1 4 1 4 4 1 4 1 0 0 4 4 4
split_gain=287.172 29.5771 11.3839 12.7407 8.17895 4.55401 4.54569 3.2371 3.08137 3.00568 2.76818 2.36264 1.88025 1.75839 1.60573 1.558 1.42948 1.0573 1.03788 0.844616 0.730687 0.687126 0.444284 0.672523 0.393685 0.344462 0.433179 0.407485 0.405763 0.326745 0.542797 0.0671054
threshold=67.574738649108994 129.81223581053823 52.121682881290447 0.13408239700374536 0.0080594129804434245 19.751897719444546 0.0092804318103783933 92.760235838972093 0.026619170347515018 0.054054054054054043 0.026619170347515018 0.097560975609756143 0.0030384311235932969 39.243192613238143 0.089674078586658587 0.19758530942741476 0.0034744805829695917 81.61997194638208 0.019297577384975461 0.0005838912983439985 0.057396262274311154 0.015635651878545157 0.048054982817869511 0.060606060606060601 0.012750378703847003 0.038461538461538471 0.0005838912983439985 97.85701586447513 98.199130201373478 0.041728855721393142 0.026058908411849616 0.037105879113314082
decision_type=8 8 10 10 10 10 10 10 10 10 10 10 10 10 10 10 8 10 10 10 10 10 10 8 10 10 10 10 8 8 8 10
left_child=2 4 3 8 12 -5 9 22 13 -4 15 -10 17 21 -15 -7 -11 -2 24 -3 29 -1 -6 -24 -8 26 -19 -27 -28 30 -14 -9
right_child=1 19 6 5 7 10 18 31 11 16 -12 -13 20 14 -16 -17 -18 25 -20 -21 -22 -23 23 -25 -26 27 28 -29 -30 -31 -32 -33
leaf_value=0.031106937903491279 -0.014354484147080739 -0.035317529692975046 0.014260199585566591 0.0045440937971746248 -0.0025948832978992149 0.017395766839956067 0.015992457034646055 -0.013034126299434347 0.038190740998822074 -0.016168405926134416 0.023773461536909995 0.025682745730334813 -0.019454623575459015 0.023420833293830799 0.0090281829103944448 0.0056348385332909241 -0.00050143193606902111 -0.025802224209968395 0.021519633760775057 -0.027382965256802581 -0.0063490887695741615 0.023823160613580047 0.011733828261391166 5.1182950752598766e-05 0.0064499663309810131 -0.031873494903947287 -0.023653966690333768 -0.022765307730269742 -0.013867372048576751 -0.020533743846747398 -0.0085509325036660141 -0.018664175014784016
leaf_weight=18.313072943128645 10.40651544369757 77.504112921655178 6.3191612539812949 23.742926847189665 8.9059842908754963 18.702968850731853 5.1275688000023383 4.669249609927645 25.186482158489525 6.3959845849312815 28.649822078645229 17.883876154199243 5.7048667855560824 14.234262836631389 8.4906346322968584 12.965542599558828 10.114688753616068 10.476549871731551 10.344346406869589 11.500178792513905 7.5296122187282881 20.306298460811377 5.509327883832154 8.461026556789875 7.7557498891837895 7.3476501316763452 5.6794106070883545 8.3639910514466447 7.245736579876394 7.4576220144517711 7.5361136663705119 4.8644510433077812
leaf_count=190 320 1093 212 184 349 260 192 179 281 208 280 205 202 354 250 187 338 317 318 321 308 196 192 316 262 254 189 238 233 255 295 197
internal_value=-0.000482222 -0.0232458 0.0188444 0.0216542 -0.0143014 0.0141609 0.00732459 -0.00338689 0.0276771 -0.000805066 0.0179302 0.0330221 -0.0188387 0.0239069 0.0180874 0.0126117 -0.00662998 -0.0218963 0.0153538 -0.0343043 -0.013439 0.0273046 0.00183605 0.00472755 0.0103247 -0.023877 -0.0216736 -0.0270923 -0.0182468 -0.015971 -0.0133244 -0.0160124
internal_weight=433.696 199.162 234.533 188.476 110.158 84.0613 46.0575 32.41 104.415 22.8298 60.3183 43.0704 77.7481 61.3443 22.7249 31.6685 16.5107 49.5199 23.2277 89.0043 28.2282 38.6194 22.8763 13.9704 12.8833 39.1133 23.4017 15.7116 12.9251 20.6986 13.241 9.5337
internal_count=9175 5258 3917 2387 3844 911 1530 1233 1476 758 727 486 2611 990 604 447 546 1551 772 1414 1060 386 857 508 454 1231 739 492 422 752 497 376
is_linear=0
shrinkage=0.0257768


end of trees

feature_importances:
entry_bid_ask_spread_pct=12
iv_at_strike_minus_atmf=11
vega=9

parameters:
[boosting: gbdt]
[objective: lambdarank]
[metric: ndcg]
[tree_learner: serial]
[device_type: cpu]
[data_sample_strategy: bagging]
[data: ]
[valid: ]
[num_iterations: 2000]
[learning_rate: 0.0257768]
[num_leaves: 34]
[num_threads: 4]
[seed: 20260830]
[deterministic: 1]
[force_col_wise: 0]
[force_row_wise: 0]
[histogram_pool_size: -1]
[max_depth: -1]
[min_data_in_leaf: 180]
[min_sum_hessian_in_leaf: 0.001]
[bagging_fraction: 0.581506]
[pos_bagging_fraction: 1]
[neg_bagging_fraction: 1]
[bagging_freq: 2]
[bagging_seed: 3520]
[bagging_by_query: 0]
[feature_fraction: 0.602117]
[feature_fraction_bynode: 1]
[feature_fraction_seed: 25582]
[extra_trees: 0]
[extra_seed: 14767]
[early_stopping_round: 0]
[early_stopping_min_delta: 0]
[first_metric_only: 0]
[max_delta_step: 0]
[lambda_l1: 0.036267]
[lambda_l2: 0.00456186]
[linear_lambda: 0]
[min_gain_to_split: 0]
[drop_rate: 0.1]
[max_drop: 50]
[skip_drop: 0.5]
[xgboost_dart_mode: 0]
[uniform_drop: 0]
[drop_seed: 20645]
[top_rate: 0.2]
[other_rate: 0.1]
[min_data_per_group: 100]
[max_cat_threshold: 32]
[cat_l2: 10]
[cat_smooth: 10]
[max_cat_to_onehot: 4]
[top_k: 20]
[monotone_constraints: ]
[monotone_constraints_method: basic]
[monotone_penalty: 0]
[feature_contri: ]
[forcedsplits_filename: ]
[refit_decay_rate: 0.9]
[cegb_tradeoff: 1]
[cegb_penalty_split: 0]
[cegb_penalty_feature_lazy: ]
[cegb_penalty_feature_coupled: ]
[path_smooth: 0]
[interaction_constraints: ]
[verbosity: -1]
[saved_feature_importance_type: 0]
[use_quantized_grad: 0]
[num_grad_quant_bins: 4]
[quant_train_renew_leaf: 0]
[stochastic_rounding: 1]
[linear_tree: 0]
[max_bin: 255]
[max_bin_by_feature: ]
[min_data_in_bin: 3]
[bin_construct_sample_cnt: 200000]
[data_random_seed: 4792]
[is_enable_sparse: 1]
[enable_bundle: 1]
[use_missing: 1]
[zero_as_missing: 0]
[feature_pre_filter: 1]
[pre_partition: 0]
[two_round: 0]
[header: 0]
[label_column: ]
[weight_column: ]
[group_column: ]
[ignore_column: ]
[categorical_feature: ]
[forcedbins_filename: ]
[precise_float_parser: 0]
[parser_config_file: ]
[objective_seed: 28250]
[num_class: 1]
[is_unbalance: 0]
[scale_pos_weight: 1]
[sigmoid: 1]
[boost_from_average: 1]
[reg_sqrt: 0]
[alpha: 0.9]
[fair_c: 1]
[poisson_max_delta_step: 0.7]
[tweedie_variance_power: 1.5]
[lambdarank_truncation_level: 5]
[lambdarank_norm: 1]
[label_gain: 0,1,3,7,15]
[lambdarank_position_bias_regularization: 0]
[eval_at: 1,3]
[multi_error_top_k: 1]
[auc_mu_weights: ]
[num_machines: 1]
[local_listen_port: 12400]
[time_out: 120]
[machine_list_filename: ]
[machines: ]
[gpu_platform_id: -1]
[gpu_device_id: -1]
[gpu_device_id_list: ]
[gpu_use_dp: 0]
[num_gpu: 1]

end of parameters

pandas_categorical:[]
