tree
version=v4
num_class=1
num_tree_per_iteration=1
label_index=0
max_feature_idx=9
objective=lambdarank
feature_names=vega iv_at_strike_minus_atmf iv_at_strike_minus_atmf_wd_rank theta entry_bid_ask_spread_pct morning_vix_change gamma_x_morning_spx_rv_annualized VIX_21d_pct_change vix_z_60d rom_roll_std_30d
feature_infos=[10.153572579096968:166.46298008069991] [-0.040643324853528728:0.35516611695907097] [1:8.5] [-7697.42948726533:-96.192032199531141] [0.0053050397877982946:1.9748427672955975] [-17.640000000000001:24.859999999999999] [0.00050198565975699322:0.029708705204148592] [-0.52839210998206809:4.8438162544169607] [-2.0836522372647459:6.9859947436689716] [7.1417041269969607e-17:24.825182971967418]
tree_sizes=6879 6829

Tree=0
num_leaves=63
num_cat=0
split_feature=1 3 6 3 4 1 6 6 7 7 3 1 3 8 1 6 4 5 7 7 7 8 3 1 3 6 3 7 7 7 6 3 5 5 4 7 5 4 1 1 4 6 7 8 5 8 1 4 8 6 7 5 7 6 6 8 1 7 7 7 7 4
split_gain=254.907 48.5381 23.7235 17.1343 11.332 11.3204 8.8908 5.36088 5.03224 5.00722 4.48423 3.35615 3.54972 2.64853 2.57037 3.46871 2.51687 2.51463 2.50208 2.36019 2.33547 2.1413 3.51857 2.13711 2.32957 1.51314 1.45344 2.18539 1.38713 1.19093 1.12386 1.50015 1.09466 1.04976 1.0334 0.990069 0.931435 0.90826 0.817218 0.806092 0.951222 0.799824 0.79308 0.720099 0.612761 0.848327 0.784801 0.608935 0.60323 0.588202 0.804393 0.778505 0.560253 0.550947 0.653096 0.533165 0.500432 0.639551 1.15396 0.481773 0.480122 0.479751
threshold=0.0035548851913335543 -898.12373680059704 0.0051990004119700011 -254.37982441752794 0.02739726027397257 0.019297577384975461 0.0031874113652108752 0.008202152339427041 0.58409687942034016 0.43453225291677028 -624.58786426102324 0.026619170347515018 -209.86520500711239 2.7861819477674201 0.011576720329665531 0.0033246884813975101 0.046511627906976764 -0.25999999999999884 -0.36347005068894123 -0.013465529147624165 0.71287052049899091 1.5804352428320467 -588.18797778844691 -1.0000000180025095e-35 -841.84113117050867 0.0067327604306484058 -314.47736614457347 -0.35484806346947789 -0.18624200805114835 0.0039321218718128001 0.0095288538100315231 -2492.6091429055018 5.1900000000000004 -0.87 0.11251780344991295 0.46671608227104094 0.40000000000000041 0.13408239700374536 0.025694262896183599 0.010416522652657205 0.026607669616519083 0.013474498369861976 -0.17186526687247924 -0.39258711115091283 0.45000000000000112 -1.0000000180025095e-35 0.012316404999282689 0.03994301994301986 1.1357980086112505 0.010688078763764963 -0.18624200805114835 -0.15500000000000111 -0.071315843507001972 0.0034186203118801712 0.0052702010533563024 0.040819558601975059 0.077506612014708112 0.37073631214600383 0.41252219386339678 -0.0058601399692598246 -0.19888738627981309 0.30283094098883578
decision_type=10 10 8 10 10 10 10 10 2 2 10 10 10 2 10 10 10 2 2 2 2 2 8 10 10 8 10 2 2 2 10 10 2 2 10 2 2 10 10 8 10 10 2 2 2 2 10 10 2 10 2 2 2 8 10 2 10 2 2 2 2 10
left_child=2 5 23 6 8 7 21 16 30 42 18 12 -5 14 28 -16 17 48 -6 -13 -10 26 -23 -1 36 47 27 -3 34 49 -4 -32 38 -18 60 -20 59 39 53 40 -30 -42 55 -40 45 -35 -46 -19 -2 51 -51 -12 -52 -7 -55 -9 57 -45 -59 -25 -8 -17
right_child=1 3 4 11 10 32 13 9 20 -11 29 19 -14 -15 15 61 33 25 35 -21 -22 22 -24 24 -26 -27 -28 -29 37 -31 31 -33 -34 44 -36 -37 -38 -39 43 -41 41 -43 -44 56 46 -47 -48 -49 -50 50 52 -53 -54 54 -56 -57 -58 58 -60 -61 -62 -63
leaf_value=-0.013988824119500363 -0.03385847070419002 0.017387650901901187 -0.066763543261233751 0.011645392442843317 0.013583258538049861 0.023689352783201934 -0.00020878456015924288 -0.019155979960928684 0.021945005220726954 0.014314273806044168 0.0047763400885813111 0.031264731399883332 -0.035022307605581088 -0.016504286255170929 -0.0039714386328329387 0.042827253844396437 0.025341452805450006 0.020782267748063896 -0.042443894706987707 -0.010790399299722269 -0.028990835114805331 0.047138578802654527 -0.0057428221104889252 -0.025836763482748538 0.041348506619357572 -0.018161095616268153 0.028269749128641469 0.05745096197271822 -0.0067174573427864655 0.019975237986532696 0.0074928272848238811 -0.038136585110235939 -0.0054292611198885994 -0.018657173737366368 0.019252214946937071 -0.0033776178317571435 0.016249085793167691 -0.0016469054190289831 -0.0011370393736086304 -0.0005268397060208649 0.033660898501777059 -0.0031798929877963557 -0.047188335174896373 0.0423145055606126 0.022744000198048453 0.0092742682945957059 -0.0071681059338123904 -0.0065324303546977214 0.00050758318073897937 -0.015983524587663986 0.024353393668661152 -0.032495448715437143 -0.0052264073699350337 -0.012412767144425548 0.01061062652005826 0.0084579924444981979 0.0019903967785590273 -0.013373531521108824 0.023616767768950629 0.0036289164778782038 -0.02497662113836701 0.0084346144620268612
leaf_weight=2.9228852977976212 8.4988613980822247 5.7790444772690526 92.145184690132737 4.770955353975296 1.0343088570516545 1.3101003970950884 4.4129930650815359 2.5644050422124631 1.812801444903015 3.1351328259333959 1.085248480550945 6.2938468083739281 7.4670933447778243 1.6811355738900591 3.848371365107595 36.050922954920679 4.0437359693460158 5.0589526817202577 38.90954257035628 3.4417059458792192 2.40671231970191 3.3787649124860764 5.2183956131339055 1.385534711182117 5.1075584059581134 3.1325507266446957 12.497591473162172 89.969509698916227 0.84099353197962301 2.0517076184041798 1.2198918815702198 6.4069182097446165 2.6794027220457783 4.0127073191106311 1.7321872587781397 2.0806542467325917 1.4298103791661558 2.8390781655907622 1.3960282206535364 2.2242340883240166 15.286882854998112 0.99287582747638303 16.168600117787719 8.0814613363472656 2.6351650976575911 2.4723679237067691 2.0377435516566038 1.2982603698037563 1.1266119319479901 1.5404458171688018 1.4883255418390033 1.8610702976584415 1.3091869316995146 3.0956775592640051 4.1775051280856133 0.87446598708629597 1.6048740185797221 1.3575590569525964 3.0141023811884224 1.1328147482126951 1.2301899255253408 2.3347675185650578
leaf_count=54 289 40 1514 60 43 32 156 116 21 107 63 54 64 39 50 853 147 227 1175 31 49 34 46 45 100 103 99 892 31 68 32 203 67 149 56 62 38 84 35 66 540 36 558 209 103 79 60 42 46 53 45 40 32 97 165 25 17 22 107 37 37 37
internal_value=-0.00104344 0.0257406 -0.0481757 0.0378815 -0.0531695 -0.00517582 0.0424797 -0.0171305 -0.062562 -0.0341913 -0.032387 -0.00209041 -0.0176491 0.0279143 0.0294263 0.0371696 -0.00443488 -0.0153711 -0.0387998 0.0169488 -0.00675492 0.0509606 0.0200564 0.0146976 0.0250421 0.00234857 0.0529637 0.0554833 0.0165497 -0.00149918 -0.0647119 -0.03058 0.0196655 0.00939335 -0.00114532 -0.0407733 -0.00278097 0.0221061 0.0227565 0.0255085 0.0286857 0.0311922 -0.0426837 0.0290098 0.000332351 -0.00810252 0.0112237 0.0147172 -0.0302912 -0.0109105 0.00112038 -0.0220969 0.0137967 0.0077855 0 -0.0112078 0.0318904 0.0347493 0.0111896 -0.0165275 -0.0112247 0.0413382
internal_weight=463.398 296.068 167.331 212.292 155.352 83.7763 190.318 57.0596 103.992 22.7426 51.3605 21.9736 12.238 73.4746 71.7935 42.2341 34.317 19.1152 42.0245 9.73555 4.21951 116.843 8.59716 11.9786 9.05572 9.48976 108.246 95.7486 29.5594 9.33598 99.772 7.62681 26.7167 15.2017 7.37537 40.9902 3.94816 22.1841 24.0373 19.345 17.1208 16.2798 19.6075 15.454 11.158 6.48508 4.67291 6.35721 9.62547 7.28428 4.33796 2.94632 2.79751 8.58328 7.27318 3.43887 14.058 12.4531 4.37166 2.51835 5.64318 38.3857
internal_count=9781 6107 3674 3305 3400 2802 3096 2051 1819 806 1581 209 124 1985 1946 940 1245 707 1280 85 70 1111 80 274 220 372 1031 932 1006 301 1749 235 751 538 249 1237 120 757 684 673 607 576 699 390 391 228 163 269 335 233 130 103 77 294 262 141 355 338 129 82 193 890
is_linear=0
shrinkage=0.0481239


Tree=1
num_leaves=63
num_cat=0
split_feature=3 2 6 7 7 4 2 4 7 3 4 9 7 4 6 4 5 5 6 4 6 6 3 6 9 2 7 7 6 9 2 3 3 3 7 6 3 3 3 4 9 3 5 2 3 7 9 9 4 4 5 6 2 5 7 6 9 9 4 5 5 3
split_gain=697.693 295.169 32.4571 19.3404 18.8936 18.3972 17.5799 14.237 13.9254 12.5515 15.2712 11.6285 11.5321 16.1667 9.63254 14.4113 13.6714 9.57049 8.88242 8.78249 8.37583 12.3781 10.9852 10.1773 7.97322 7.72671 8.51372 6.92269 6.81886 9.93517 8.41512 10.0813 9.39371 13.1577 14.5947 6.78156 6.63269 6.54335 8.99935 6.21011 5.68312 5.61321 7.43185 5.42193 7.20041 5.28606 8.02223 5.19872 6.76009 5.18664 5.03673 8.54583 5.02069 5.35942 4.8508 5.10754 7.88399 4.77597 6.24826 4.73149 4.68369 6.75984
threshold=-209.86520500711239 4.2500000000000009 0.0026442250986984457 0.58409687942034016 0.43453225291677028 0.19758530942741476 3.2500000000000004 0.20067114093959734 -0.36347005068894123 -624.58786426102324 0.11582225416217512 2.7311738817250285e-16 -0.36347005068894123 0.070755110554860348 0.0056601406338787396 0.02739726027397257 0.12999999999999992 -4.4349999999999996 0.0017489569454517153 0.082031562925578838 0.0042534422900551731 0.0031874113652108752 -403.04753852701919 0.0081405682545815736 3.2055891828104266 7.5000000000000009 -0.24671536388140161 -0.017082751189426423 0.0030088173524959239 0.43162937567655196 5.2500000000000009 -479.32808369320816 -461.07262027660221 -424.32012682358908 0.063365734918562913 0.010843574878343025 -418.58743895841377 -454.67239831431328 -429.00484510805211 0.067474098934773019 2.7853620526986824 -2201.9702520720698 -0.25499999999999895 2.7500000000000004 -752.59737178811849 0.092077326447407085 2.0198693612306261e-16 2.8774735981201807 0.040816326530612242 0.061906769376205616 -0.14999999999999944 0.0057097655499349512 6.2500000000000009 3.4049999999999998 -0.23178792956812008 0.0027882450931039013 2.4315420533094971 2.2736152168454429 0.040816326530612242 1.9799999999999998 -1.1300000000000014 -1008.0066374862137
decision_type=8 2 10 2 2 10 2 10 2 10 10 8 2 8 10 10 2 2 10 10 10 10 10 10 10 2 2 2 10 10 2 10 10 10 2 10 8 10 10 8 10 10 2 2 10 2 10 10 8 8 2 10 2 2 2 10 10 10 10 2 2 10
left_child=1 4 7 11 6 12 8 25 -1 14 19 -2 13 -4 15 16 -10 -14 -9 39 21 -7 -23 24 -22 26 -3 -13 29 -19 31 35 52 -34 50 40 60 -27 -39 -11 57 47 -43 -16 59 46 -40 48 -6 -44 51 -35 53 -32 -31 -56 -57 58 -30 -45 61 -8
right_child=3 2 5 -5 41 20 36 18 9 10 -12 27 17 -15 43 -17 -18 28 -20 -21 23 22 -24 -25 -26 37 -28 -29 30 54 32 -33 33 34 -36 -37 -38 38 45 -41 -42 42 49 44 -46 -47 -48 -49 -50 -51 -52 -53 -54 -55 55 56 -58 -59 -60 -61 -62 -63
leaf_value=0.021742571719812479 -0.0078213531313910539 -0.01702370199801859 -0.058662368350333984 -0.015641068466950812 -0.047916035133416232 0.018024172826005658 -0.0056489627317329715 -0.026853988767636314 -0.013617603177473958 -0.013742725839833488 0.042410558244238034 -0.077736162199844 -0.024384442024237559 0.034127959084361122 -0.039013594037118897 -0.035046414752350576 0.062488525827041771 0.053585941790869243 0.025652481437246778 -0.049886535624257849 0.051077615727419701 0.0059358146321102827 -0.052794536193153239 -0.017047113120972436 -0.00046943881817693367 0.058216441606723179 0.0342267316102247 -0.058819680422088023 -0.014557399816296356 -0.033429465111476001 0.032646034391270208 0.057637467555781779 -0.016596994237877569 -0.0043370409691905303 -0.017765044950215771 0.050029765604945528 0.040289096293763267 0.0023135414567287049 0.013659528567698306 0.040612953311069337 0.022248393693838374 0.063634431394579902 0.031014285057778892 -0.029503970365921121 0.036277876461385389 0.019082850395325597 0.054834799733695962 0.025508375528244812 0.011451079084832125 -0.018353388791394948 0.052035890839177035 0.049448298588347761 0.045946833708568419 -0.013906754943776543 0.031282137562219654 0.029228736102446258 -0.021350542745059108 -0.017902208428889566 0.022498895721679055 0.015758061688766367 -0.010563963774368251 0.05166027351261724
leaf_weight=12.467249451205133 8.0136620067059976 7.3569610789418212 7.0283155255019638 19.265716932713985 7.1124652847647676 18.405208725482225 12.218642462044956 8.9085710644722003 10.904969658702614 17.897243576124314 10.483702275902031 151.04225799627602 6.610487598925828 6.3435834422707567 177.01809305185452 19.914014974609017 7.6985056195408097 8.2606779076158983 21.442482098937035 11.346642069518564 17.591875761747364 11.272655669599773 17.003548989072442 12.020916748791931 10.550312433391808 111.34833144769073 51.337554425001144 140.00892629753798 14.472322314977644 5.7369653508067122 113.84449263941497 12.244852390140293 17.170979583635926 14.414940427988769 11.486796312034128 9.2083061411976797 5.4124381653964511 13.579048402607439 14.709680352360008 4.3114110231399527 48.985621707513928 6.9434444606304195 7.9694773703813526 44.778376063331962 3.0211179247125974 20.535495866090059 81.747501742094755 6.7292701900005332 7.2075716815888891 7.6367000602185735 30.219310581684113 10.290632298216222 129.08454410359263 4.8386032730340949 12.068400245159863 8.8174917511641997 18.474041491746902 19.701744694262743 27.587051138281822 4.6401112824678412 95.59558342769742 5.2888812758028498
leaf_count=74 39 25 36 57 44 53 109 25 82 158 39 591 29 45 1616 146 51 31 87 76 67 42 50 58 43 304 219 532 103 13 754 96 51 55 37 72 38 40 42 47 400 61 47 511 29 46 207 77 37 42 112 50 620 33 54 30 70 154 213 41 822 49
internal_value=-0.000317292 0.0139427 0.0294693 -0.0645536 -0.0165118 0.0228593 -0.0194882 0.0416953 -0.0252523 -0.0272708 -0.00322952 -0.0675654 0.026172 -0.0158605 -0.0311576 -0.00826939 0.0209453 0.0273092 0.00942916 -0.0192205 0.00222052 -0.0113922 -0.0305305 0.0178703 0.0330041 0.0448572 0.0273988 -0.0691347 0.0280713 0.0111292 0.0299573 0.0191332 0.0341205 0.0193536 0.0289053 0.0142529 -0.00352277 0.0488096 0.03997 -0.000485006 0.0103759 0.0131857 0.0288037 -0.0348798 -0.0199133 0.0442041 0.0490057 -0.00455903 -0.0202835 0.00743208 0.039 0.0201247 0.0388872 0.03052 0.0012512 0.0078068 -0.0040088 0.000500494 0.00961378 -0.02474 -0.00634018 0.0152657
internal_weight=1759.63 1441.3 954.7 318.331 486.596 623.735 442.997 330.966 324.481 312.014 44.039 299.065 536.89 13.3719 267.975 38.5175 18.6035 523.518 30.3511 33.5553 86.8445 46.6814 28.2762 40.1631 28.1422 300.615 58.6945 291.051 516.908 53.3576 463.55 132.2 331.35 83.5827 66.4117 119.955 118.516 241.92 130.572 22.2087 110.747 43.5989 22.5496 229.458 52.4396 116.993 96.4572 21.0493 14.32 15.6062 54.9249 24.7056 247.768 118.683 45.0969 39.3599 27.2915 61.7611 42.0594 49.4185 113.103 17.5075
internal_count=9781 8562 4366 1219 4196 3371 3888 995 2870 2796 320 1162 3058 81 2476 279 133 2977 112 281 313 145 92 168 110 883 244 1123 2948 198 2750 1038 1712 305 254 942 1018 639 335 205 870 308 150 2197 581 295 249 158 81 89 217 105 1407 787 167 154 100 470 316 552 980 158
is_linear=0
shrinkage=0.0481239


end of trees

feature_importances:
VIX_21d_pct_change=25
theta=20
gamma_x_morning_spx_rv_annualized=20
entry_bid_ask_spread_pct=17
morning_vix_change=13
iv_at_strike_minus_atmf=9
rom_roll_std_30d=8
iv_at_strike_minus_atmf_wd_rank=6
vix_z_60d=6

parameters:
[boosting: gbdt]
[objective: lambdarank]
[metric: ndcg]
[tree_learner: serial]
[device_type: cpu]
[data_sample_strategy: bagging]
[data: ]
[valid: ]
[num_iterations: 2000]
[learning_rate: 0.0481239]
[num_leaves: 63]
[num_threads: 4]
[seed: 20260830]
[deterministic: 1]
[force_col_wise: 0]
[force_row_wise: 0]
[histogram_pool_size: -1]
[max_depth: -1]
[min_data_in_leaf: 31]
[min_sum_hessian_in_leaf: 0.001]
[bagging_fraction: 0.618437]
[pos_bagging_fraction: 1]
[neg_bagging_fraction: 1]
[bagging_freq: 6]
[bagging_seed: 3520]
[bagging_by_query: 0]
[feature_fraction: 0.667412]
[feature_fraction_bynode: 1]
[feature_fraction_seed: 25582]
[extra_trees: 0]
[extra_seed: 14767]
[early_stopping_round: 0]
[early_stopping_min_delta: 0]
[first_metric_only: 0]
[max_delta_step: 0]
[lambda_l1: 0.043737]
[lambda_l2: 2.11958]
[linear_lambda: 0]
[min_gain_to_split: 0]
[drop_rate: 0.1]
[max_drop: 50]
[skip_drop: 0.5]
[xgboost_dart_mode: 0]
[uniform_drop: 0]
[drop_seed: 20645]
[top_rate: 0.2]
[other_rate: 0.1]
[min_data_per_group: 100]
[max_cat_threshold: 32]
[cat_l2: 10]
[cat_smooth: 10]
[max_cat_to_onehot: 4]
[top_k: 20]
[monotone_constraints: ]
[monotone_constraints_method: basic]
[monotone_penalty: 0]
[feature_contri: ]
[forcedsplits_filename: ]
[refit_decay_rate: 0.9]
[cegb_tradeoff: 1]
[cegb_penalty_split: 0]
[cegb_penalty_feature_lazy: ]
[cegb_penalty_feature_coupled: ]
[path_smooth: 0]
[interaction_constraints: ]
[verbosity: -1]
[saved_feature_importance_type: 0]
[use_quantized_grad: 0]
[num_grad_quant_bins: 4]
[quant_train_renew_leaf: 0]
[stochastic_rounding: 1]
[linear_tree: 0]
[max_bin: 255]
[max_bin_by_feature: ]
[min_data_in_bin: 3]
[bin_construct_sample_cnt: 200000]
[data_random_seed: 4792]
[is_enable_sparse: 1]
[enable_bundle: 1]
[use_missing: 1]
[zero_as_missing: 0]
[feature_pre_filter: 1]
[pre_partition: 0]
[two_round: 0]
[header: 0]
[label_column: ]
[weight_column: ]
[group_column: ]
[ignore_column: ]
[categorical_feature: ]
[forcedbins_filename: ]
[precise_float_parser: 0]
[parser_config_file: ]
[objective_seed: 28250]
[num_class: 1]
[is_unbalance: 0]
[scale_pos_weight: 1]
[sigmoid: 1]
[boost_from_average: 1]
[reg_sqrt: 0]
[alpha: 0.9]
[fair_c: 1]
[poisson_max_delta_step: 0.7]
[tweedie_variance_power: 1.5]
[lambdarank_truncation_level: 5]
[lambdarank_norm: 1]
[label_gain: 0,1,3,7,15]
[lambdarank_position_bias_regularization: 0]
[eval_at: 1,3]
[multi_error_top_k: 1]
[auc_mu_weights: ]
[num_machines: 1]
[local_listen_port: 12400]
[time_out: 120]
[machine_list_filename: ]
[machines: ]
[gpu_platform_id: -1]
[gpu_device_id: -1]
[gpu_device_id_list: ]
[gpu_use_dp: 0]
[num_gpu: 1]

end of parameters

pandas_categorical:[]
