tree
version=v4
num_class=1
num_tree_per_iteration=1
label_index=0
max_feature_idx=35
objective=lambdarank
feature_names=VIX_21d_pct_change VIX_5d_pct_change VIX_VIX9D_spread VVIX_5d_pct_change days_until_next_pce entry_bid_ask_spread entry_bid_ask_spread_pct entry_bid_ask_spread_pct_wd_rank gamma gamma_x_dte gamma_x_morning_spx_rv_annualized iv_at_strike_minus_atmf iv_at_strike_minus_atmf_wd_rank iv_at_strike_minus_atmf_x_VIX_VIX9D_spread iv_term_slope_5d_30d jobless_claims leverage morning_atmf_iv_pct_change morning_spx_directionality morning_spx_range_pct morning_spx_rv_annualized morning_vix_change prior_day_strategy_drawdown_max_5d rom_roll_skew_30d rom_roll_std_30d spx_10d_returns spx_1d_returns spx_252d_rv spx_5d_returns spx_realized_skew_21d theta theta_x_atmf_iv_5dte_percentile_252d vega vix_pcr_21d_avg vix_z_60d win_rate_30d
feature_infos=[-0.52839210998206809:4.8438162544169607] [-0.46669080376538741:1.6965317919075145] [-28.090000000000003:6.4700000000000024] [-0.32030341620065339:0.85349160517591693] [0:44] [0.049999999999999822:30] [0.0053050397877982946:1.9748427672955975] [1:8.5] [0.00033523060713275678:0.072209098383669706] [0:0.033556061189271305] [0.00050198565975699322:0.029708705204148592] [-0.040643324853528728:0.35516611695907097] [1:8.5] [-6.5795764598266988:0.58289359397191487] [-0.50666580450779986:0.067287322754047196] [152144:6161268] [12.51586456957032:1073.1554712918908] [-0.33382759238393778:0.8768424828297523] [-0.99475890985327808:0.99778270509972999] [0.00070837031052892977:0.047613469070574892] [0.17917490989228085:8.150433863579746] [-17.640000000000001:24.859999999999999] [0:30374.000000000073] [-5.4772255750516701:5.0258428426019996] [7.1417041269969607e-17:24.825182971967418] [-0.23386323847009061:0.19052471618843292] [-0.11984050283657066:0.093827657101993367] [0.067700138624190859:0.34896258123526319] [-0.1796662632195084:0.17397425583266291] [-3.020948396923655:1.8366420072588208] [-7697.42948726533:-96.192032199531141] [-7575.2480668325461:0] [10.153572579096968:166.46298008069991] [0.33857142857142858:1.6957142857142857] [-2.0836522372647459:6.9859947436689716] [0.46666666666666667:1]
tree_sizes=8041 9388 9278 9353 9197 9041 9133 9086 8950 9077

Tree=0
num_leaves=86
num_cat=0
split_feature=32 12 11 30 12 0 12 9 30 16 17 31 0 16 20 30 23 33 4 25 22 12 32 23 24 35 32 32 31 24 33 19 2 21 3 19 23 19 27 11 0 27 20 2 21 10 11 11 12 32 11 33 23 17 8 25 1 10 10 33 31 11 3 19 19 19 32 33 33 32 32 24 22 24 33 8 11 28 25 21 0 27 21 23 23
split_gain=487.077 56.5098 34.4742 20.7286 15.2681 4.65455 4.57812 3.56957 3.29299 2.9551 2.49827 2.56595 2.18932 2.16167 2.13937 2.12867 2.10821 2.65101 3.54656 2.0255 1.96454 1.93091 1.94371 3.25595 1.67264 1.68622 1.36394 1.25664 1.22458 1.21497 1.59095 1.17152 1.09268 1.0908 1.08815 1.01476 0.816124 0.807889 0.908614 0.888208 0.76809 0.797943 0.752318 0.652749 0.517119 0.516249 0.436207 0.629581 0.429722 0.429004 0.405908 0.341571 0.241924 0.223398 0.201249 0.428902 0.181244 0.147632 0.809701 0.95704 0.754294 0.165543 0.145072 0.0888261 0.327009 0.170762 0.0731422 0.0709938 0.0695145 0.362403 0.0460243 0.0387677 0.029454 0.21145 0.198746 0.262761 0.101057 0.0254527 0.0214677 0.154252 0.021278 0.00614845 0.00269529 3.45761e-05 0.0153473
threshold=74.942459761985319 5.2500000000000009 0.00082198769546561201 -209.86520500711239 4.2500000000000009 0.43453225291677028 3.7500000000000004 0.011012217065730278 -653.99359362627183 57.06494544439758 -0.030540688791821365 -448.81074884036792 0.58409687942034016 75.920756738204773 0.27862974912890254 -676.32845845667168 -4.2208870798067695 0.41785714285714298 13.500000000000002 0.050883147035161842 5418.5000000000264 6.7500000000000009 16.995115923905416 3.3173106601604707 0.73134868817452914 0.55000000000000016 34.456404773508034 19.751897719444546 -46.054391150585523 4.5801885565448943 0.36928571428571438 0.0050597425644368791 3.3600000000000008 -1.0400000000000016 0.10802711645338704 0.0025209495149958855 -1.0000000180025095e-35 0.0014945879392712161 0.11723539683783388 0.0016042187512795016 -0.40239575956310164 0.097941072827529188 0.34853692817042731 5.3400000000000007 0.87499999999999922 0.01418495074881468 0.0009552498088336443 0.029175697813546789 5.7500000000000009 46.197937504652167 0.02097530801214029 0.36928571428571438 -4.4415308600006211 -0.11889145197977406 0.0063501800482057445 0.024553128612917145 0.017211908717433614 0.010762906689074014 0.0056223960080171347 0.39738095238095245 -473.2734360131517 0.0084872930002536113 -0.092038079386356261 0.005316126681112106 0.0094799966077591235 0.0022795516121721462 58.002481878906167 0.41047619047619055 0.37690476190476191 35.0555804729484 71.65460304101228 4.3460827019000279 1914.0000000000221 0.93718445979913956 0.86571428571428577 0.0056593316123779948 0.0026779184142677608 -0.037769263682959735 -0.043638005334267753 -0.43000000000000055 0.71287052049899091 0.12459074531971963 -0.079999999999999169 -3.2377623217813842 -1.7555983285617958
decision_type=8 2 10 10 2 2 2 10 10 10 8 10 2 10 2 10 10 2 2 2 10 2 10 10 10 10 10 10 8 10 2 2 2 2 2 2 10 2 2 10 2 2 2 2 2 10 8 8 2 10 8 2 10 10 8 2 2 8 10 2 8 8 2 2 2 2 8 2 2 10 10 8 10 10 2 10 10 2 2 2 2 2 2 10 10
left_child=1 6 8 5 7 13 16 9 12 -4 -7 27 20 -3 -15 24 78 56 19 28 40 26 36 51 -11 -26 -16 -12 33 30 -27 32 34 -19 37 54 67 -8 -39 -40 -2 -42 -32 45 49 -43 -44 -48 72 -41 53 -24 -50 -51 55 -5 82 58 -9 -60 -61 62 -62 65 -65 -20 -29 -23 -28 -70 -71 -54 73 -6 75 -75 -77 -35 -1 -80 -14 -82 -18 -33 -85
right_child=2 3 4 35 48 10 31 57 -10 15 11 -13 80 14 21 -17 17 18 63 -21 -22 22 23 -25 25 29 68 66 -30 -31 42 83 -34 77 -36 -37 -38 38 39 44 41 43 46 -45 -46 -47 47 -49 52 50 -52 -53 71 -55 -56 -57 -58 -59 59 60 61 -63 -64 64 -66 -67 -68 -69 69 70 -72 -73 -74 74 -76 76 -78 -79 79 -81 81 -83 -84 84 -86
leaf_value=0 0 0 0 0.017450747468661411 0 0 0 0 0 0 0 0 0 0 0 0 -0.001380877554418889 0 0 0 0 0 0 0 0 0 0 0.044802192280803017 0 0 0 0 0 0 0 -0.016854207130652867 0 0 0 0 0 -0.062144405549402142 0 0 0 0 -0.041681057539739136 0 0 0 0 0.047781334026369866 0.014057132557955283 0.039689637610992229 0 0 0.01092273869220658 0 0 0 0 0 -0.033116184947114727 -0.015416920411419689 0 0.0094706217657102437 0 0.020063637618386705 0 0.027820936809492637 0 0 0 0 0 0 -0.015051781890000003 -0.049169221148418624 0 0.011188750550419449 0 -0.0052301102900324829 0 -0.0019743789483348388 0
leaf_weight=0.60848997067660082 2.8265306800603858 2.2120442744344464 1.9324843605281774 3.8255510702729234 1.6128195822238947 10.446597567759452 0.94197530206293834 2.3101151515729699 3.0442189897876224 2.3161624674685291 1.9481777884066094 2.155543819069865 2.5874224696308366 2.7672354206442824 1.349708180874585 1.53765004640445 2.60558598395437 2.8879184136167231 1.5409429240971784 1.0568604413419951 4.131615722551941 1.9382628090679626 1.8415000829845656 3.8344403617084017 1.2847600418608625 0.43462446518242259 1.399372812360524 7.8198759248480174 0.78358299238608253 2.066061873920261 2.0737075954675666 6.357083683833479 2.1206667800433925 0.80780456122011557 1.5818014410324384 6.6839750185608855 2.9387631081044665 1.92304092505947 1.2208340987563158 1.3147850665263821 2.0631494149565688 137.50662718596868 1.8701983438804832 2.063648395240306 1.7490672427229572 1.4396696779876936 82.270519260549918 0.55840835813431411 2.2923320941627017 1.086593683809048 0.55992982722819462 228.41936063719913 6.6642505931667992 10.367280513979479 4.355820633471013 2.4154152125120163 2.802137044724077 1.1644113007932908 1.3347510509192924 1.1866078673629088 0.59250324405729493 0.57422188390046081 5.0298780258745008 3.2294485275633633 1.8631805679760871 3.5213109292089939 1.1387769505381591 7.2792165949940681 0.46201731264591117 32.737149216234684 1.4316467731259752 2.0177835784852514 4.0996082867495707 0.79079409781843235 2.9741528648883095 0.63973178481683124 6.5736246616579592 12.307794940657901 2.1087616044096649 2.5872526620514682 1.1975362356752159 1.8412568364292381 2.3225005706772199 7.3167749266140154 0.93715548887848754
leaf_count=12 38 34 81 39 60 149 33 70 107 73 15 21 31 48 33 47 77 109 49 25 122 13 31 41 35 17 46 136 29 105 81 260 74 35 61 59 24 64 34 44 22 2411 68 20 77 37 2787 12 74 34 25 2658 210 459 37 18 116 39 63 27 22 34 178 90 46 182 29 62 14 1120 52 66 172 36 112 29 242 324 65 87 17 47 68 286 27
internal_value=-4.57043e-05 0.0302976 -0.0424586 0.0381524 -0.0247753 0.0407391 -0.000996387 -0.0321229 -0.0568058 -0.0350905 0.0127897 0.0254815 -0.0577005 0.0425619 0.04289 -0.0362595 -0.012327 -0.0168582 -0.0232075 -0.0348416 -0.0590027 0.0432611 0.0456193 0.0468948 -0.0371368 -0.0380626 0.0242141 0.0348433 -0.0389153 -0.0387909 -0.0395763 0.00792618 0.0140762 -0.0416002 0.0177833 -0.00101088 0.0102895 0.0211617 0.0235226 0.0268712 -0.0600411 -0.0607135 -0.0401027 -0.0612419 0.0298303 -0.0617658 -0.0407935 -0.0413699 0 0.0328399 0.0355324 0.0475609 0.00852564 0.0372818 0 0.00773045 0 0 -0.00498501 -0.0142733 -0.0219272 -0.0282506 -0.0305582 0 -0.0056776 0.000247595 0.0416848 0.0174307 0.0260509 0.0266418 0.0271863 0.01198 0 -0.00208413 -0.00638231 -0.0100935 -0.013437 -0.047596 0 0.00290883 0 -0.00359503 0 0 -8.81504e-05
internal_weight=702.815 407.911 294.904 329.4 136.202 312.12 78.5106 108.537 158.702 96.3446 23.509 13.0624 155.657 288.611 286.399 94.4121 41.0336 35.7291 27.9988 17.844 150.031 283.631 246.252 234.095 92.8744 90.5583 37.3799 10.9068 16.7871 89.2735 87.2075 37.477 22.866 16.0035 20.7453 17.2808 12.1562 19.1635 18.2215 16.2985 145.9 143.073 86.7728 141.01 15.0777 138.946 84.6991 82.8289 27.6651 13.3286 12.0138 230.261 10.9744 11.4539 10.5968 6.24097 7.73022 12.1925 11.0281 8.71796 7.38321 6.1966 5.62238 10.1549 5.09263 5.06225 8.95865 9.21748 36.0302 34.6308 34.1688 8.68203 16.6907 12.5911 10.9783 8.00415 7.21336 13.1156 5.3045 4.69601 5.62622 3.03879 4.92809 14.611 8.25393
internal_count=15063 7471 7592 4679 4740 4526 2792 3739 2852 3306 350 201 2745 4176 4142 3225 1314 1150 889 522 2650 4094 2829 2730 3178 3105 1265 180 497 3070 2965 1478 905 468 831 153 99 770 737 673 2528 2490 2948 2468 639 2448 2867 2799 1001 562 518 2689 350 493 94 57 261 433 394 324 261 234 200 367 136 231 165 75 1232 1186 1172 276 651 479 419 307 271 359 164 152 95 64 145 573 313
is_linear=0
shrinkage=0.0431318


Tree=1
num_leaves=92
num_cat=0
split_feature=32 12 32 30 10 0 10 18 30 29 8 12 6 21 15 29 21 29 14 16 11 32 4 11 17 9 11 30 2 11 14 9 1 18 14 24 8 19 19 0 17 24 32 3 32 21 21 32 6 32 4 6 30 33 29 28 28 5 24 24 26 3 18 14 15 0 14 25 26 3 26 24 11 20 6 26 14 33 20 29 2 6 6 10 28 27 0 17 10 1 24
split_gain=1260.72 199.948 162.225 47.3791 48.3905 25.9901 24.548 21.5642 17.5286 21.7922 17.3267 18.7061 17.3006 16.8029 15.934 15.6888 15.1679 14.4845 24.3144 22.4264 14.1324 13.7406 13.2696 12.8997 12.8754 12.2969 14.1146 12.2945 12.5314 11.9433 11.3339 10.8075 10.5065 12.6869 13.4336 10.1862 11.7227 10.4116 10.1711 10.4534 9.69612 9.06696 8.61437 8.36256 8.25418 13.2666 17.0715 7.9329 12.6769 8.18164 12.0754 10.0457 10.5881 8.17201 8.84055 10.9457 23.2496 9.85217 8.1572 7.83428 7.76748 7.70086 9.28513 9.07644 8.19965 7.55062 7.3159 7.89645 7.28812 7.1741 7.12542 7.63644 7.22303 7.11119 6.95475 6.8983 6.85094 7.26014 6.65234 6.54574 9.24118 8.08903 6.53121 6.83563 6.43813 6.41989 12.4873 6.81992 6.35286 6.1226 5.9804
threshold=96.720623263144674 3.2500000000000004 97.508844620509507 -209.86520500711239 0.0026964396602092333 0.43453225291677028 0.0051990004119700011 -0.18696769735324362 -1091.7845208785091 0.059533553088451444 0.02950361061699051 3.2500000000000004 0.18907646474677267 3.4049999999999998 858607.50000000012 0.54824054903876507 -0.040000000000000029 -0.83814270793391599 -0.019759289036307772 505.86517777184093 0.003205146570135015 66.360870294584487 19.500000000000004 0.0091569354801375336 -0.15335369469169793 0.0015881946103294216 0.018540947353742915 -516.20067490824738 0.86500000000000121 0.026619170347515018 -0.031971362769237253 0.011012217065730278 0.28662889451115942 0.6863186375028153 -0.0076526527288008342 11.221383608242066 0.0020748487907826861 0.004212198032489122 0.014986105556084027 -0.40239575956310164 0.0015147712234889756 2.7853620526986824 98.631861778966524 -0.084928380967497483 26.378273924901432 -0.035000000000000135 -0.88999999999999868 17.773613448534377 0.20067114093959734 53.386147059449264 1.5000000000000002 0.33249581239530995 -461.07262027660221 1.0959523809523812 -0.53564505848180144 -0.011615784986530873 -0.022025746984081714 0.30000000000000054 0.60713610766453885 3.2501055053145262 -0.0077337689607582241 -0.16866364587354207 0.63828350925395549 -0.046144006681057441 858607.50000000012 0.33988023917976901 0.01979605477036939 -0.0024401411145132386 0.0008163642387081228 -0.047896592727116098 0.018514906009363011 2.434992552528029e-16 1.0000000180025095e-35 0.56042995313414112 0.062627899045020405 -0.0040857148814166791 -0.00023547659357187054 0.66309523809523818 1.0187183923056164 -0.43992929280380866 0.61000000000000043 0.04347826086956523 0.042553191489361694 0.016706417536683889 -0.058394736395394546 0.11779930709427983 0.22248821980977487 -0.17134402742875629 0.0044529126188461244 0.047963463308395411 1.6710650613765419
decision_type=8 2 10 10 10 2 10 2 10 2 10 2 10 2 2 2 2 2 8 10 10 10 2 10 8 10 10 8 2 10 10 10 2 2 10 10 10 2 2 2 8 10 10 2 10 2 2 10 10 10 2 10 10 2 2 2 2 10 10 10 2 2 2 10 2 2 8 2 2 2 2 10 10 2 8 2 10 2 2 2 2 10 10 10 2 2 2 8 10 2 10
left_child=1 5 32 4 7 8 16 12 9 14 11 42 -3 24 41 -11 31 -9 30 23 -7 27 -17 -20 -6 43 -27 28 40 -5 -19 89 85 34 -34 36 -26 -37 39 74 -10 -1 -8 68 45 46 -45 48 -41 50 58 -52 -53 54 57 56 60 -51 -49 -18 -56 -44 63 -63 65 -65 67 -30 -25 -59 71 -57 -73 -14 -38 -28 -60 -78 -32 -23 -81 -82 -22 -84 -15 86 -2 -87 -58 -4 -62
right_child=2 3 6 29 13 20 10 17 21 15 -12 -13 73 84 -16 22 59 18 19 -21 82 79 -24 25 35 26 75 -29 66 -31 78 -33 33 -35 -36 37 38 -39 -40 47 -42 -43 61 44 -46 -47 -48 49 -50 53 51 52 -54 -55 55 70 88 69 76 -61 90 62 -64 64 -66 -67 -68 -69 -70 -71 -72 72 -74 -75 -76 -77 77 -79 -80 80 81 -83 83 -85 -86 87 -88 -89 -90 -91 -92
leaf_value=-0.059321486464722725 -0.053578405131084382 0.052157385071780388 -0.033466265067125321 -0.041338660334685508 -0.0016760611514415099 -0.01825164056028792 0 0.051742380495186494 0.049403350897970676 0.024488662952045607 0.047140654104528439 0 -0.00022946007091701669 -0.042652496325022528 0 -0.053909388371239667 0.039784718234288058 0.015043285186639783 0 -0.012269886766806374 0 0 0.027051366413792698 -0.0041428892747850396 0.055889106815526397 -0.031703537639019015 0 0.065523809888700435 0 0.002987245828991104 0 0.034018665315264804 -0.067715577507562755 0.0053837544267776082 0 -0.030363824079092116 -0.047719498519449663 0.019014143632619974 -0.022261152156212792 -0.047113553188344738 -0.0051044729764688108 -0.014091701936684376 0 0.00049950921123382435 0.056309404548612635 0 0.069621008510609247 -0.032913307996967629 0.021176616442754786 -0.00049860985225856104 0.031150310581501767 0.035960516953197512 -0.037553890461043467 -0.0052868295941881933 0 -0.0025947890153564892 0.0011379698246757248 0 0 0 0 0 -0.0027813169928545124 -0.049390691695338995 0 -0.004001949597525381 0.022444248630325698 -0.051527725717855015 0.029379927868293031 0.047995614662477558 0 0 0.031091819588868488 0.034702471214300715 0.0043009670536742501 0.030492206060117585 0.059951953637042393 0 -0.05366674217613121 0 0 -0.04945071941474366 0.059678233226361621 0 0 0 0 -0.066597567011733416 -0.034354422910471007 0 0.061533964572783872
leaf_weight=60.314945364370942 33.918471263721585 186.76351372152567 30.595971290953457 24.109164888039231 36.63133642449975 9.7233486454933864 12.239992490038274 51.522353492677212 12.903236340731381 18.370834822766483 4.3177260272204867 34.326275795232505 17.166822250932459 7.3560485765337935 12.330525398254393 14.022554324939849 21.325091740116481 20.540718950331211 14.36147068440914 18.800614967942238 3.9876457890495685 17.534058989956975 2.7351206168532363 10.759042367339132 23.353881817311049 7.972457952797412 11.757635802030562 6.3310657292604438 5.0880582965910479 11.979474071413277 11.356168478727342 5.3352260440587989 15.993460193276407 8.0184596925973874 7.0239940527826574 14.073753237724306 6.2061643451452229 17.599865034222603 7.0001520290970793 7.8820224255323437 4.3741358630359199 19.169338651001453 9.2764456728473288 15.27221968770027 86.90528143197298 23.34028534591198 21.875999875366688 8.5507621094584447 13.432372868061064 72.413580736145377 384.3220730908215 6.1951008439064017 8.2404401339590532 18.424643037840724 14.292404707521202 6.8069453015923491 4.9904475323855904 9.2290920652449149 12.666961248964071 5.8356065289117387 3.0630321390926865 3.4749399647116652 19.79845861159265 137.33768796548247 8.6629896052181703 13.887323838658629 2.5657456275075701 13.791138227097687 28.075314238667488 15.11198296677321 10.228114848956464 11.437792573124169 234.86321181012318 14.584364239126442 7.1364823915064344 53.119749896228313 8.9175037927925569 5.0820567272603521 10.209417641162871 19.818345690146089 4.4604965113103381 29.030683690682054 16.470999948680404 4.6846004799008361 31.664355359971523 6.6473212167620659 12.975388878956435 403.57440803665668 22.481580429710448 8.2819729857146722 14.428347730077801
leaf_count=509 108 475 250 93 195 59 107 123 77 219 20 290 46 45 158 138 211 48 50 33 39 191 28 25 65 26 40 37 30 60 29 20 69 15 20 37 29 46 28 22 39 189 89 30 220 56 46 31 40 532 1916 31 22 113 106 33 32 62 51 53 25 41 254 1231 66 120 37 106 77 116 88 69 1913 49 56 142 58 27 17 149 66 296 110 22 181 25 35 1518 171 65 132
internal_value=-0.000193013 0.0183885 -0.0457706 0.024009 0.025118 -0.0152337 -0.0209852 0.0350991 -0.0204903 -0.0318866 -0.0275175 -0.0294173 0.0468812 0.0192145 -0.0429779 0 0 0.028086 0.0240465 0.0285312 0.0176226 -0.00687695 -0.0328916 0.031815 0.0203271 0.0340722 0.0158717 0.00989394 0 -0.0230154 -0.00397756 -0.0142638 -0.0614795 -0.0284196 -0.045858 0.0212943 0.0221135 0 0.0211055 0.0215851 0.0280655 -0.0500638 -0.0343583 0.0404877 0.0458563 0.0286631 0.0447369 0.022206 0 0.0228493 0.0276497 0.0298052 0 0.0177909 0.0191166 0.0227172 0.00329622 0.00575928 0 0.0265879 0.0302712 -0.0365901 -0.0385337 -0.0420661 -0.0437447 -0.0460875 -0.0212394 -0.0341075 0.016734 0.0297196 0.0265906 0.0280713 0.0294493 0.011719 -0.0101654 0.0237403 0.0148506 0.0364498 -0.0281415 -0.0193855 -0.0269754 -0.0408769 0.0366904 0.0466189 -0.00609168 -0.0634367 -0.0397696 -0.0658213 -0.0231609 -0.0242644 0.0498907
internal_weight=2765.11 1962.26 802.847 1684.55 1648.47 277.707 314.696 604.383 242.84 126.943 243.322 239.004 218.515 1044.08 91.8148 35.1285 71.3739 385.869 334.346 292.24 34.8666 115.897 16.7577 273.439 1005.06 259.078 72.8498 45.0534 38.7223 36.0886 42.1063 44.2132 488.152 31.0359 23.0175 968.431 936.757 31.6736 913.403 906.403 17.2774 79.4843 204.678 186.228 147.394 60.4885 37.1482 893.06 21.3144 871.746 433.975 398.758 14.4355 437.771 419.347 322.592 59.2558 96.7547 35.2173 27.1607 31.7838 192.438 183.161 163.363 159.888 151.225 21.4449 18.8792 38.8344 24.3411 263.336 253.108 246.301 31.7512 13.3426 64.8774 26.6665 13.9996 21.5656 70.8436 53.3095 33.4912 25.1432 21.1556 39.0204 457.116 46.8939 410.222 27.472 38.8779 17.4914
internal_count=15063 10456 4607 7957 7804 2499 2817 1532 2269 1241 2218 2198 570 6272 856 385 599 962 839 745 230 1028 166 712 6046 662 208 326 289 153 94 335 1790 104 89 5851 5768 83 5703 5675 116 698 1908 454 352 132 76 5590 62 5528 2136 1969 53 3392 3279 2569 466 710 167 264 263 1801 1712 1458 1417 1351 173 136 102 178 2103 2015 1982 95 85 182 136 85 46 702 511 362 171 132 226 1686 143 1543 203 315 157
is_linear=0
shrinkage=0.0431318


Tree=2
num_leaves=92
num_cat=0
split_feature=11 13 12 12 8 30 30 8 34 2 12 0 34 23 3 6 5 30 0 15 0 4 33 15 11 0 0 15 3 9 33 13 0 21 21 5 11 11 0 21 22 30 7 6 8 29 16 33 0 29 21 5 3 29 16 31 6 23 0 3 21 34 5 3 14 24 30 34 28 27 31 31 14 31 2 2 2 11 26 33 35 29 11 11 15 27 0 2 16 21 5
split_gain=715.581 138.96 117.66 74.6387 39.2889 32.3301 30.9505 16.8266 14.8032 18.9636 14.1155 23.9365 14.0775 14.0093 13.0786 15.9455 17.7622 14.4979 12.9285 10.722 10.601 10.3276 10.0027 9.87961 9.12529 9.0925 9.34199 9.07872 8.83393 8.14858 7.09943 9.3312 7.09513 11.6642 8.89373 7.12658 6.75643 6.62336 6.59701 10.3799 6.88024 6.19965 6.09608 6.09439 6.06535 5.95885 5.95427 6.18144 6.68974 5.90272 5.85418 5.79764 7.64285 5.77068 5.73963 10.8568 5.68175 5.52476 5.44276 5.27887 5.1854 5.11385 5.08646 4.89184 4.92505 5.03745 4.87183 4.53999 5.32746 4.91803 4.49095 4.41618 4.40964 4.37281 4.30359 6.50618 4.42244 4.2219 4.21562 8.42361 5.62834 4.07795 5.44014 10.0303 3.99711 3.97039 3.96581 4.02006 3.85536 3.84867 4.35894
threshold=0.0029798725549775936 -0.0088952880369772992 6.7500000000000009 5.2500000000000009 0.02950361061699051 -869.80262885860895 -209.86520500711239 0.0096639642228592074 2.1850830022009697 -1.365 4.7500000000000009 0.43453225291677028 -1.1975974244471883 -4.1662646770492957 -0.033642764065501256 0.20067114093959734 0.20000000000000015 -498.09083332370784 0.19122437304441223 219172.50000000003 -0.40239575956310164 2.5000000000000004 0.36619047619047623 228168.00000000003 0.026619170347515018 0.37823587580628398 0.13470026921068415 858607.50000000012 -0.03031780359707725 0.0026952814102639204 0.41357142857142865 0.034992158955683368 -0.22481582818955173 0.21999999999999978 -0.59999999999999598 0.099999999999999936 0.033816117552134796 0.016393505619417555 -0.22224325113165214 0.17000000000000084 5686.5000000000227 -540.07722081269947 2.2500000000000004 0.10256410256410256 0.003315790613117721 -0.0067098513197185444 483.65163064142808 0.87071428571428577 -0.30485862651560319 0.065577994101219048 0.17000000000000084 0.4000000000000013 -0.033642764065501256 -0.080712286542772751 182.92524587198545 -557.93426650538333 0.044108450645506454 -4.2006233721640536 0.037514069012348779 -0.041589379409630527 -0.059999999999999602 2.1850830022009697 5.2500000000000009 0.0017505074277278656 0.026635490645221738 3.3001605065351955 -1102.3100555190865 0.46568914433702852 0.012453382542490845 0.19654071177394147 -930.4609071854602 -915.34691460363103 0.012791080610246796 -1085.5566577807319 1.9850000000000005 3.2000000000000006 1.135 -0.00039204714946179659 0.0063940990593799327 0.54214285714285726 0.88333333333333341 0.63736514572743463 0.026313274272929846 0.023004169141305934 189828.50000000003 0.11678359318142111 0.58409687942034016 5.3400000000000007 378.5957248369736 -0.36000000000000026 0.60000000000000109
decision_type=10 10 2 2 10 10 10 10 2 2 2 2 2 10 2 10 10 10 2 2 2 2 2 2 8 2 2 2 2 10 2 10 2 2 2 10 10 8 2 2 10 10 2 10 10 2 10 2 2 2 2 8 2 2 10 8 10 10 2 2 2 2 10 2 10 10 10 2 2 2 10 8 10 10 2 2 2 10 2 2 10 2 10 10 2 2 2 2 8 2 8
left_child=1 8 5 4 13 10 7 14 20 -10 11 27 -9 78 15 16 18 -17 32 51 -1 -13 -16 -19 -8 26 58 45 38 81 -14 53 34 56 -4 -35 -20 -31 60 40 59 -37 -7 77 -39 85 47 48 -44 72 -21 52 -6 -32 55 -50 -34 -28 63 -40 -15 70 66 -12 65 -65 -23 69 -69 -56 -27 73 -18 -47 76 -76 -48 -5 79 80 -3 82 83 -24 -41 -2 87 -22 -49 90 -29
right_child=2 3 6 43 19 42 24 12 9 -11 25 21 30 28 22 17 49 23 36 50 86 62 29 -25 -26 61 57 89 -30 37 31 -33 33 35 -36 41 -38 44 39 84 -42 -43 46 -45 -46 71 74 88 54 -51 -52 -53 -54 -55 67 -57 -58 -59 -60 -61 -62 -63 -64 64 -66 -67 -68 68 -70 -71 -72 -73 -74 -75 75 -77 -78 -79 -80 -81 -82 -83 -84 -85 -86 -87 -88 -89 -90 -91 -92
leaf_value=0 0 0 -0.0063530805839791885 0 0 0 -0.054840719409620931 0.0443060254947822 -0.057095152355249673 0.012162774301867341 0 -0.020915286946714861 -0.043116062775458514 0.023716339838571181 0 0.048678850603025209 0.023163044773210961 0.0034637096794218596 -0.015328073559494455 0.045530345267592302 -0.062005725714284143 0.041785948258459084 0.032142254570169636 -0.037131282621068323 0 0.014729180010665326 0 -0.029683551357142783 -0.040973710737728784 -0.023073747197319451 0.049162260562982049 -0.032230009296339061 0 -0.021635626601194648 0.035367813710424141 0 0.024125953963955511 0 -0.042092081366733147 -0.035425258438451381 0 0.04359023867498351 0 0 0.033571004873482933 0 0 0.0079731102375929543 0.046727810583553006 -0.035270722044462341 0 0.026995460992984159 -0.053419950512263843 0 0.036328969236467966 -0.0073300411848189967 0.047996718154551685 0.03411138414678553 -0.015638542782340108 0 -0.030891913789498373 -0.031999890045355778 0 0.045608594870993578 0 0 0 -0.0031486465876633869 0.035665538257635201 0 -0.030006934990196583 -0.018408566185887251 -0.016461186003738939 0.042018876705019338 0.046803202156515095 0 -0.035009961422674298 0.048392059504389379 -0.032226419466893315 -0.026202281673752825 0.047621594223717145 0.061105613852714749 0.042445492354765864 0 0.014745299794434315 -0.0316385095942446 -0.017260048061234389 0 -0.035158606141266334 0.019154524507405658 0.0071405280474668934
leaf_weight=7.4607523418962947 3.9431968852877608 3.8313410803675714 16.156728912144903 6.1465620025992385 3.6129846051335326 41.785080220084637 9.4176406785845739 11.226511709392069 12.256592738442125 13.046763654798267 42.283263202756643 7.6856176666915408 9.2883373051881772 10.1306274831295 7.6094283238053313 7.9646897539496413 13.510330149903899 15.079049186781047 15.763635620474817 18.375411199405793 295.19541746517643 25.589771466329694 181.22510353289545 19.007801823318005 8.1511681172996777 13.303373374044897 12.552601039409636 11.229091762565076 150.84955278923735 4.8860636204481125 7.5274650976061785 9.4520054981112462 8.0955523923039419 6.4244226887822178 14.919253900647162 12.069563511759046 15.197811905294655 14.587827198207377 51.437073885463178 3.498963454738262 5.6998551562428466 12.990328293293711 15.760016288608311 6.3463350720703593 25.669673489406705 14.459972235374154 4.6419909317046431 21.129249155521396 8.8570004440844041 8.584065802395342 4.0689545460045329 3.371044524013997 8.1181369395926559 7.3908477500081116 99.586281445343047 22.899946324527267 111.29394039325416 34.315160689875484 24.77328603155911 3.5690224589779964 4.0994177162647238 16.415669178590178 4.4143540412187567 15.220120426267387 7.3834892623126498 11.207963000982998 4.8408510908484486 15.122252190485598 8.0590740982443076 7.705183556303381 6.0436117239296427 31.682587477378547 5.2586214393377295 4.7463919650763264 7.1411780416965467 5.9367558993399143 10.28982971049845 30.923891138285398 5.7750645987689486 5.0456407442688933 10.770915072411297 29.035083789378405 200.00098774954677 24.814260374754667 13.842297537252305 98.411313008982688 12.419308818876742 6.0738954767584792 4.690392116084694 14.013333733193575 3.9682160839438447
leaf_count=28 52 51 56 40 50 393 88 37 76 38 397 64 22 111 28 37 68 66 70 119 1531 237 701 53 60 102 102 124 1620 19 27 29 45 30 57 45 44 60 590 32 51 44 119 33 110 205 28 187 75 30 39 14 73 28 969 203 416 316 211 63 39 129 25 173 54 94 35 129 52 77 31 429 19 48 56 36 47 177 57 38 81 108 712 102 149 1259 40 17 46 144 47
internal_value=-0.000135182 -0.0363951 0.0164396 -0.0166685 -0.0244292 0.00294224 0.0273396 0.0286392 -0.0559164 -0.0162496 -0.00450056 -0.0118909 0 -0.0303733 0.0301438 0.0214731 0.0257923 -0.000100467 0.0300809 0.0146013 -0.0586336 0.0156007 0.0348926 -0.0153539 -0.0254775 0.00384926 0.00912894 -0.0190164 -0.0335586 0.0357146 -0.0110385 0 0.0345106 0.0387966 0.00948829 0.00968537 0 0.01328 -0.0200141 -0.0251152 -0.0335985 0.0229356 0.0145309 0.0350219 0.0209463 -0.0232538 0.0172661 0.0198351 0.0226957 -0.00281533 0.0348264 -0.00682841 -0.0276957 0.0224275 0.0253343 0.00366036 0.0453761 0.0251578 0.000382263 -0.0384497 0 -0.0143025 0.02741 0.00731735 0.0197337 0.0290601 0.0342187 0.0296071 0.00473901 0.0337606 0 -0.00743776 0.00510355 0.00386718 0 0.0165574 -0.0171802 0.0417375 0 0.00961848 0.0309496 0.0377413 0.0357454 0.0286035 0 -0.0298378 -0.0598542 -0.061175 0 0 -0.0114903
internal_weight=2210.65 695.966 1514.69 349.513 306.096 682.087 832.598 815.029 346.453 25.3034 408.483 224.985 44.8852 268.55 770.144 282.316 240.264 42.0515 212.911 37.5465 321.149 42.5306 487.828 34.0869 17.5688 183.499 147.736 182.454 243.127 480.219 33.6587 24.3703 181.95 150.874 31.076 31.4843 30.9614 45.1436 92.2773 78.0472 60.706 25.0599 273.604 43.4168 40.2575 153.243 231.819 203.809 177.99 27.353 22.4444 15.1022 11.7311 14.9183 162.23 31.7569 119.389 46.8678 100.868 55.0061 14.23 35.7627 34.845 76.0948 33.8116 26.4281 30.4306 130.473 23.1813 107.291 19.347 50.889 18.769 19.2064 28.0098 13.0779 14.9318 37.0705 25.423 19.6479 14.6023 435.075 406.04 206.039 17.3413 102.355 313.689 301.269 25.8196 29.2106 15.1973
internal_count=15063 5157 9906 3427 3177 6695 3211 3063 1730 114 4278 2669 143 2882 2920 1080 924 156 807 295 1616 361 1840 119 148 1609 1347 2308 2655 1812 106 84 693 580 113 119 114 189 1035 885 704 89 2417 250 170 1993 2024 1857 1624 117 158 137 123 55 1505 278 461 418 929 653 150 262 297 718 321 267 272 1227 181 1046 133 682 87 253 167 92 75 217 227 170 132 1623 1515 803 181 1311 1588 1548 233 315 171
is_linear=0
shrinkage=0.0431318


Tree=3
num_leaves=92
num_cat=0
split_feature=32 12 9 30 12 30 30 11 17 34 12 22 26 27 9 4 0 11 33 24 32 9 2 32 14 1 1 23 32 27 18 4 20 20 17 34 16 0 32 1 26 25 19 14 26 26 17 7 19 30 20 30 14 23 11 24 26 16 32 18 31 19 32 7 25 16 14 18 23 24 27 2 1 16 30 23 24 17 20 2 34 16 32 8 23 33 17 33 16 8 2
split_gain=563.342 114.787 62.2239 19.6835 18.6169 22.2039 18.5344 17.892 12.3277 11.3549 11.083 12.5191 10.4094 10.2595 10.1874 9.60242 9.51881 9.21541 14.6371 13.8865 12.4107 10.5197 13.634 12.0598 10.7052 9.46413 9.08648 9.42559 8.55009 7.8117 9.41992 7.48438 7.3277 11.2656 7.13191 7.0512 6.6317 7.02752 6.56001 6.67377 6.472 6.44663 6.35039 6.3295 6.20538 6.16977 6.59054 6.10715 7.80691 6.03003 6.95885 9.07378 7.51746 5.9889 5.66747 5.31476 5.02609 5.02013 4.64199 5.30052 4.9489 4.52249 4.49116 4.47018 4.43674 5.12413 4.40115 4.39907 6.00006 4.33617 4.21337 4.20695 4.03172 3.96551 3.87003 3.87139 3.77968 5.02426 3.7252 3.66614 3.64788 3.63441 3.78504 5.27676 3.5319 3.52531 3.8094 3.5236 3.50891 3.49127 3.49005
threshold=95.217084861344532 4.2500000000000009 0.01689998316866826 -667.46140861089259 6.7500000000000009 -254.37982441752794 -516.20067490824738 0.0036980978235526961 -0.0078733534611908334 2.1850830022009697 3.7500000000000004 4257.9999999999754 -0.0064537955971067365 0.12543407655195662 0.0072698829279451904 11.500000000000002 -0.40239575956310164 0.026992405184539912 0.84714285714285731 5.246033805541641e-16 19.751897719444546 0.0012376746544835928 0.59000000000000175 54.068330113777805 0.02512651702365035 -0.13257072608203815 -0.20958691111626829 -4.2557856179872813 23.808549565267001 0.11313077126346739 0.83009797559530052 19.500000000000004 0.42959443219807281 0.78519636337784127 -0.043482487501694971 2.0499056457666325 114.18790645263259 -0.22029878289093743 67.915163862300446 -0.097461367204524071 0.01283029917801304 0.082487268790094062 0.0014945879392712161 0.012293623567806515 0.0081636435957949133 0.0071311260947765085 -0.015752543120074732 2.2500000000000004 0.0063835184996423365 -403.04753852701919 1.377535060205241 -1233.3962368433934 -0.014117013014835198 -0.90031882556013698 0.0049693999958250754 10.697722879796583 0.016787223808587218 453.8660889023061 34.456404773508034 -0.57016357994695765 -30.000509016847403 0.001852163747908962 84.078934279103166 4.2500000000000009 0.04057811463953432 101.14766892645908 0.018237507450056218 -0.33509950347750889 -2.510056435191014 0.75804351539849057 0.11204186751201466 2.9150000000000014 -0.18979966830129688 62.641243667503353 -418.58743895841377 -3.9433906534427687 1.5219658669415303e-16 -0.073540586091725355 0.95651393075102598 1.72 -0.25787003870964204 104.38554704399219 88.202039960084832 0.0091506526575185505 -2.441820806683086 1.0085714285714289 -0.062631530808925903 0.40119047619047626 170.64593308693861 0.019824723267159037 5.3400000000000007
decision_type=8 2 8 10 2 10 10 10 8 2 2 10 2 2 10 2 2 10 2 10 10 10 2 10 10 2 2 10 10 2 2 2 2 2 10 2 10 2 10 2 2 2 2 10 2 2 8 2 2 10 2 10 8 10 10 10 2 8 10 2 10 2 10 2 2 10 10 2 10 10 2 2 2 10 10 10 10 10 2 2 2 10 10 10 10 2 10 2 8 10 2
left_child=1 6 3 10 12 8 7 26 17 16 11 14 -3 -11 53 43 -4 21 20 -20 -19 22 49 24 25 -24 -1 -28 66 88 -31 38 -16 72 74 -22 -30 -38 39 54 42 56 57 -7 -13 46 84 -41 -49 50 52 -52 78 69 -9 71 -29 -14 -44 80 62 -62 64 -33 65 -61 -21 -12 -69 -2 -71 -27 -34 -40 75 -26 -67 87 -6 -45 89 -75 83 -83 -8 86 -79 -78 -10 -60 -18
right_child=2 4 9 -5 5 15 45 31 29 13 67 44 40 -15 32 -17 90 18 19 28 35 -23 23 -25 34 55 27 41 36 30 -32 63 33 -35 -36 -37 37 -39 73 47 -42 -43 58 79 -46 -47 -48 48 -50 -51 51 -53 -54 -55 -56 -57 -58 -59 59 60 61 -63 -64 -65 -66 76 -68 68 -70 70 -72 -73 -74 81 -76 -77 77 85 -80 -81 -82 82 -84 -85 -86 -87 -88 -89 -90 -91 -92
leaf_value=0.020188940357309733 0 -0.001762874104932451 0 0.031392393792375628 -0.024664473197543939 0.035844232884859883 0.055137170644930393 0.0063029936477640193 -0.026960896945182937 0.0066265866618743213 -0.022954590926844473 0 0.009995784901757912 -0.045424184632037068 0.026367117126524897 -0.037281843195954595 -0.056225439233336526 0 -0.033269322064067491 -0.032650958588103865 0.052063343574070928 -0.02008947019383326 0 -0.0016109676561960645 -0.015959350252872869 0.048815823563817404 0 -0.037410513620768304 0 0.037359686896975268 0 0.036909726898943888 0 0.0028112244779186731 0.033562584127605578 0.0018365630011494408 0 0.043707603712799865 0.0067695588489359226 -0.0051724818189099004 0 0.0022379968281496612 -0.0057304969293054831 0.0058277184194214498 -0.038539350258462182 -0.0011434819560671575 0 0.039467223110119111 0 -0.028628504722569451 0.0079393180860835647 -0.048705052827002798 0.030926470431073747 0 -0.037135437645742911 0 0 -0.034171225604199607 0.024340342574280058 0 0.032080577151958257 -0.0056060323669501391 0 0 0 0 0.010788028960026412 -0.0066009431607803922 0.028789845472214387 0 -0.048605167996270932 0 -0.050801073015464999 -0.039675464895346041 -0.035050957802237499 0.031169067396827139 0 0 0.012994915351378259 -0.028199006110405111 -0.01152736888315461 0 0.0037266980109029093 -0.025729588324711301 0 0 0.030641435142872459 0.060102908104478936 0.017980270686281757 0 0
leaf_weight=4.4658121522516003 3.8424539212137452 64.26818772405386 7.0460745468735686 10.752554804086683 8.8857563734054583 10.319886570796372 14.640006255358463 3.1293826121836892 4.6925382763147327 11.281240977346899 16.978994538076222 36.865018583834171 8.9081483967602271 10.761823611333964 5.2902531754225484 11.869319997727869 256.61824796581641 13.405764121562241 8.945327300578354 6.8993692435324174 74.214157903566957 12.288490766659377 10.923624377697704 18.540512040257454 6.1202197633683708 67.842132966965437 12.694961424916981 92.429541900753975 6.2739548385143271 275.07542020455003 6.7285839170217505 13.132249629124997 2.2362784128636148 11.107058998197315 10.641191415488718 11.520956628024576 6.221377305686473 34.974304616451263 6.7612639814615241 10.409525503404437 29.913626564666629 2.3950280286371699 4.8885245546698561 12.924999938346447 8.813608178868888 6.0554962884634724 8.1776003260165506 21.973232408985499 9.2066109571605903 10.495399398729203 6.6980878040194503 8.2778773903846723 27.463725112378597 1.850720427930354 10.862748315557836 6.3356204330921164 5.4619741961359969 7.2536192853003731 19.554320171475414 3.7561107706278554 7.593134947121146 18.380956006236374 14.766374679282306 2.4317842330783597 11.917127717286347 3.1192956045269957 7.1154996231198311 26.299596158787608 12.123731564730404 1.5190678685903538 90.501730604097247 5.2565660774707785 16.346904607489709 15.2611749432981 6.9729038923978832 5.7785052172839633 3.7367265131324556 7.0350031759589902 8.9182461164891702 8.0261889672838134 13.416480269283054 15.90997886052355 13.743377950042484 34.379377215635031 2.3782777860760644 7.3200578764080992 99.271984044462442 25.651190372183919 9.5630460940301418 4.0968215577304354 5.7861702144145957
leaf_count=56 57 641 27 101 36 53 137 18 24 41 202 378 68 67 42 113 1644 61 33 21 280 65 59 99 25 286 116 1207 25 1233 24 130 26 80 49 60 18 138 56 128 297 15 34 59 108 49 102 237 102 46 40 31 131 11 120 28 59 42 164 37 63 179 164 37 113 18 24 293 133 14 1360 24 188 163 32 21 38 62 38 61 119 244 210 470 30 53 888 230 37 24 16
internal_value=0 0.0144341 -0.0376093 -0.0206528 0.0210482 0.0251666 -0.00859977 -0.0124868 0.027073 -0.0513828 -0.0236083 -0.0290064 0.012204 -0.0128878 -0.0359794 -0.00216738 -0.0540458 0.0211323 0.0294903 0.0117095 0.0407986 0.0141398 0.0167775 0.0246686 0.0298223 0.0373972 -0.0253438 -0.0283034 0.0203876 0.0344754 0.0360589 -0.0020478 -0.010611 -0.0216119 0.00219648 0.0468395 0.0295417 0.0361227 -0.00592666 0.00388169 0.0157425 -0.0328218 0.0179569 0.00700508 -0.00588377 0.0213671 0.0319527 0.0144245 0.0251522 0 0.00656359 -0.0146899 0.0164831 -0.0437196 -0.0181064 0.0425723 -0.035014 -0.00177776 0.0197956 0.020862 0.0237282 0.000406048 0.0264187 0.0248255 0.0285178 0.0305445 -0.00131111 -0.00386686 0.00117937 -0.0454367 -0.0473108 0.0458764 -0.0432145 -0.0137785 -0.0085971 0 0.0319713 0.0330699 0 -0.000997239 0.00167327 -0.017179 -0.00976527 -0.0160487 0.0472262 0.0264621 0.0284628 0.0541345 0 0.0146831 -0.0553792
internal_weight=1926.98 1390.96 536.022 244.528 1085.06 730.21 305.899 274.648 687.069 291.494 233.775 178.373 354.848 22.0431 132.694 43.1404 269.45 391.01 169.571 70.4298 99.1409 221.439 209.15 138.411 119.871 90.3579 117.447 112.982 61.4845 296.06 281.804 157.201 34.9805 29.6902 29.5128 85.7351 47.4696 41.1957 141.637 55.5815 290.58 100.287 260.666 31.2711 45.6786 31.2514 25.1959 41.5894 31.1798 70.7391 60.2437 14.976 45.2677 97.714 13.9921 79.4343 97.8915 16.1618 244.504 239.616 202.548 25.9741 176.574 15.564 161.807 149.89 14.0149 55.4023 38.4233 95.8633 92.0208 73.0987 18.5832 86.0552 18.8716 11.8987 146.134 143.015 17.804 20.9512 37.0676 79.2939 64.0327 50.2894 17.0183 113.627 106.307 29.3879 14.2556 23.6511 262.404
internal_count=14982 10194 4788 2993 6508 3274 3686 3368 2988 1795 2892 2264 3234 108 1778 286 1687 1670 660 259 401 1010 945 623 524 397 1453 1397 226 1318 1257 1915 336 294 127 340 181 156 1748 605 2593 1281 2296 173 486 318 269 467 339 322 276 71 205 1442 138 338 1266 110 2186 2152 1845 242 1603 167 1439 1326 45 628 426 1431 1374 310 214 1143 78 46 1289 1271 74 120 307 1087 924 714 167 1003 950 268 61 188 1660
is_linear=0
shrinkage=0.0431318


Tree=4
num_leaves=92
num_cat=0
split_feature=32 12 6 12 6 9 21 6 2 10 8 10 5 21 26 30 22 32 20 18 25 20 19 9 18 12 30 29 12 28 13 18 28 1 18 1 10 29 32 19 2 15 32 24 21 25 19 9 19 21 28 28 19 5 23 31 21 28 24 6 23 21 21 20 32 7 13 30 28 28 21 1 24 6 21 28 18 33 7 21 14 24 32 18 13 21 18 14 24 31 1
split_gain=439.097 94.0847 47.3921 17.6287 14.5445 13.743 13.8211 12.0128 11.9334 11.4143 11.5535 10.0812 9.90043 9.84246 9.13276 8.78546 8.56909 8.41935 8.33952 8.07546 8.03753 11.3949 7.77849 7.64884 7.45429 7.06076 6.6962 7.94241 6.57201 6.52546 10.0637 6.14172 6.08801 6.00778 8.48727 7.86802 5.89514 5.84983 8.28847 5.74589 16.2367 8.98895 7.29926 5.77549 5.67779 5.50794 5.4742 5.15783 5.09797 5.04584 5.06426 4.96182 4.64001 4.61338 4.50828 4.49898 4.56564 4.5463 4.47451 4.45691 4.22373 4.20318 4.13224 3.85536 3.77464 4.28931 4.08037 3.76099 4.23522 8.27242 7.54213 3.87442 3.7375 3.72632 3.69181 3.50201 3.49936 3.46565 3.38662 3.29555 3.28654 3.67863 4.46031 3.19086 3.14879 4.26337 3.09921 6.03471 3.12043 3.02346 2.84888
threshold=95.217084861344532 5.2500000000000009 0.11067366579177605 3.7500000000000004 0.19758530942741476 0.0028234949058728036 -5.3700000000000001 0.11251780344991295 0.86500000000000121 0.0051990004119700011 0.02950361061699051 0.0038650889439515975 0.60000000000000109 0.87499999999999922 -0.0019653795804592806 -474.49739987620353 5018.2499999999955 17.773613448534377 0.31886267757795117 0.066289895736999116 -0.024029314675033716 1.566478040637967 0.00594908320126374 0.011012217065730278 0.87318888517204896 7.5000000000000009 -512.09579854760216 -1.1752935910338547 4.7500000000000009 -0.0039450731975931288 0.028502086835594482 0.41035156076169016 0.030484297261195396 0.0789983098103232 0.6863186375028153 0.099600604196717804 0.0041776046419010147 -0.56248683247578701 74.942459761985319 0.0027460178916606085 0.59000000000000175 223868.00000000003 26.378273924901432 3.4497653368433258e-16 -0.18999999999999859 0.028174158087042826 0.0065171861109283233 0.010600236272223071 0.0014945879392712161 3.4049999999999998 0.032562313153179485 0.021454325308351011 0.0045330577766401628 0.17499999999999985 -0.90031882556013698 -1.0000000180025095e-35 1.0400000000000003 0.045131915762401283 3.1913952923090423 0.12456896551724138 -4.3753892765483284 -0.16999999999999901 -0.54999999999999971 0.34310885625181459 68.64323811982787 3.2500000000000004 -0.0021578265840782695 -287.55266938006343 -0.0015734417509482011 -0.025765297353516733 -0.44500000000000023 0.08066803241442512 0.89728039686501682 0.18907646474677267 -1.3350000000000006 -0.02880482636471254 -0.616348321805817 0.44071428571428578 1.7500000000000002 -0.95999999999999897 0.057821859061675189 6.874831274942501e-16 42.372557750598126 -0.79433283225092544 0.0013295424711220101 -0.040000000000000029 0.69334943926456982 0.027214165953749581 2.282806613480076 -38.995368595773947 -0.020642515379357514
decision_type=8 2 8 2 10 10 2 10 2 10 10 10 10 2 2 10 10 10 2 2 2 2 2 8 2 2 8 2 2 2 10 2 2 2 2 2 10 2 10 2 2 2 10 10 2 2 2 10 2 2 2 2 2 10 10 10 2 2 8 8 10 2 2 2 10 2 10 10 2 2 2 2 10 10 2 2 2 2 2 2 8 10 10 2 10 2 2 8 8 8 2
left_child=1 3 9 7 5 6 -3 8 20 14 12 17 16 22 58 25 28 -8 -19 90 21 77 37 84 80 31 27 -9 32 53 46 -6 54 73 35 -35 -13 -5 48 40 -17 -42 -41 -43 -21 -45 62 55 -39 50 67 61 -50 -7 -11 56 57 63 -2 -29 -61 -32 -31 -10 66 -66 -22 68 69 74 76 -72 -40 -4 -38 -46 -71 -1 -68 -36 81 82 -20 -37 -16 -86 87 -70 -88 -64 -18
right_child=2 4 33 13 15 29 11 26 47 10 -12 36 -14 -15 23 39 19 18 24 44 64 -23 -24 -25 -26 -27 -28 59 -30 30 51 -33 -34 34 79 83 49 38 72 42 41 43 -44 45 75 -47 -48 -49 52 -51 -52 -53 -54 -55 -56 -57 -58 -59 -60 60 -62 -63 89 -65 65 -67 78 -69 86 70 71 -73 -74 -75 -76 -77 -78 -79 -80 -81 -82 -83 -84 -85 85 -87 88 -89 -90 -91 -92
leaf_value=0 0.045219436438465814 -0.039719362233662112 -0.054257821113068892 0 -0.0063760655002371288 -0.03534735796823784 -0.00059860872800606378 0.045396221398463818 0 -0.043314623267599425 0.027640049848342365 0 0.0008891285864633077 -0.01298897839419298 0 -0.04928609344448899 0 0 0.050892481186585514 -0.010690808339966223 -0.0013978556904121946 0.0018512155123048977 -0.0055453305529949521 0.028666433633391445 0 0.042688644157276356 0.054156509132849626 0.014727371553510586 0 0 0 0.040996993521551804 0 0 0.025759284006817169 0 0 0 0.035054238531985547 0 0.046383813717409829 0.031084019302461165 -0.042741971421506895 -0.037647578891148309 0 0.0062205568592003744 0 0 0.03698033016185788 -0.0053705275147206835 0 -0.028170367679851933 0 0 0 0 0 0 0 0 -0.030618069532691812 0.030021883295543849 0.056162190778930275 -0.045526119977280032 0 -0.031458365927484341 0 0 0.041309177467497203 0 -0.02148950490198322 0.00283123509805122 -0.0030431943815013547 0 0.046698667792985107 0.05359852220596642 0.029893255435988829 -0.054409751953631277 0.037883816225342898 -0.018435231529134247 0 0.031415590279424165 0 -0.04872936233295156 -0.036354841564493444 0 0.030112361372922024 0.0047115959432692291 -0.0086605810414491832 0 -0.038780383504394271
leaf_weight=2.5356102827936473 9.8904801737517083 4.2249009869992724 184.7911017392762 32.920512335374951 17.422495882958177 9.2169702649116534 6.7051110919564954 5.8905682470649507 3.6901065902784458 98.536872339434908 5.1185784414410582 23.904182923957705 12.440324273891745 39.151235857978463 4.4490372641012099 6.2116380464285603 3.0163942147046336 9.3584204260259849 69.412330467253923 2.9986941032111654 5.1388062406331327 9.0087843220680934 35.190477213356644 4.7899480015039435 8.8060192801058275 19.245286826044321 4.9415929503738871 4.643815457820895 8.1293113064020854 7.3592406511306825 14.425105005502701 6.3619236834347239 12.735416340641676 9.6705289892852289 5.2773006111383438 2.5403849855065337 3.7373315952718285 3.4700249545276156 5.4081812035292378 28.510339530184865 16.455106941983104 8.3281644936651009 11.249822912737725 8.9885180816054326 3.1445961464196435 3.783170908689498 3.6645118035376063 5.4373536054044953 54.898643020540476 5.2034570993855587 19.038566295057535 9.7273850087076408 10.883762707933782 11.958515893667935 1.8195085339248311 4.0273411888629189 7.8643698655068865 2.3210149351507416 2.3932074606418619 2.3977003209292951 18.881675323937085 10.307253088802099 17.222800355404615 54.814428227953613 26.643310473766178 8.9455324644222838 7.6639061439782408 2.9597663795575491 73.759474819526076 3.9059077091515091 18.935355113819242 14.459217151626943 29.992913400754333 3.3317786287516347 17.584941828623414 6.9206012552604053 21.996227260679007 15.030856358818708 14.031376279890535 7.6652175784111005 5.4528158083558074 287.24553844332695 5.5628577861934891 45.952608863357455 21.996563196182255 5.3794157803058615 5.845447396859524 19.016432726755738 6.414585269987584 2.3609627280384329 11.515427169390023
leaf_count=42 111 25 1312 316 105 48 38 51 62 1619 24 171 162 519 74 36 24 58 265 59 66 105 422 29 29 85 25 64 80 57 106 32 140 56 10 16 29 27 47 181 101 44 52 52 30 19 20 112 507 58 122 64 113 87 11 31 108 39 45 28 245 94 141 915 335 156 86 26 597 28 138 126 461 34 130 77 150 187 113 46 22 1402 36 352 247 98 46 127 40 25 132
internal_value=1.35278e-05 0.0133866 -0.0352817 -0.00314072 0.0216611 0.0241131 0.0263856 -0.012388 -0.0175579 -0.0192856 -0.0246747 0.0270385 -0.0271491 0.00514116 0 0.00668216 -0.0303703 0.0318033 0.032705 -0.00300587 -0.00493368 -0.0252464 0.010007 -0.0117299 0.0337255 0.022603 0.00756793 0 -0.0355206 0.00590239 0.0136801 0.000837394 -0.0382162 -0.0480587 -0.0319943 -0.0390214 0.0185844 0.0149348 0.0199288 0 0.00915802 0.0223262 -0.0132804 0 0.0156812 -0.0144572 0.0317629 -0.0302569 0.0286826 0.020873 0.0221601 0 0.0317835 -0.0118233 -0.0419356 -0.0334039 -0.0360974 -0.0401375 0.0311585 -0.00998476 -0.02152 0.00776403 0.0390336 -0.0426545 0.00162862 -0.00501842 0.0153045 0.0243018 0.0252522 0.0144949 0.00367249 -0.0070558 0 -0.0534316 0.0384345 0.0364921 0.0225362 -0.0465528 0.0252722 0 0.0346751 0.0351758 0.0478257 -0.0461288 -0.0219284 -0.0277979 0.0322602 0.0352185 0 0.0498752 -0.0287776
internal_weight=1736.66 1262.15 474.503 415.824 846.328 719.772 633.529 203.908 167.153 215.274 166.376 629.304 161.257 211.916 48.8987 126.556 148.817 392.543 385.838 27.5957 88.9982 26.5753 172.765 36.615 376.48 43.0297 36.7554 31.8138 121.221 86.2427 65.0673 23.7844 113.092 259.229 71.106 58.1635 236.761 137.574 104.654 83.5268 43.7666 37.555 39.7602 21.0999 13.0639 12.7717 30.6075 78.1546 69.2524 212.857 207.653 34.4597 65.7824 21.1755 100.356 72.7173 68.6899 60.8255 12.2837 25.9232 21.2794 24.7324 26.943 58.5045 62.4229 35.5888 26.8341 188.615 185.655 80.619 59.2967 33.3946 35.4011 188.123 21.3223 10.0652 25.9021 17.5665 21.6953 12.9425 367.674 362.221 74.9752 48.493 31.825 27.376 105.036 92.7759 12.26 19.5838 14.5318
internal_count=14982 10194 4788 5182 5012 4305 3663 2770 2357 2962 2358 3638 2334 2412 604 707 2172 1850 1812 322 1090 334 1893 448 1754 222 413 388 1850 642 507 137 1770 1826 480 424 1788 1471 1155 485 252 216 233 115 166 71 243 1267 647 1617 1559 264 620 135 1630 1155 1124 1016 156 337 273 200 223 977 756 491 265 1437 1411 601 442 264 508 1346 159 107 178 229 199 56 1725 1703 301 368 419 345 810 724 86 166 156
is_linear=0
shrinkage=0.0431318


Tree=5
num_leaves=92
num_cat=0
split_feature=32 11 5 6 6 8 10 24 24 34 10 18 14 20 27 3 8 3 31 21 31 20 3 23 8 24 30 8 31 25 2 18 6 21 3 23 26 33 24 16 15 15 24 20 16 19 33 19 27 11 1 33 21 18 14 34 26 23 10 1 24 18 27 2 3 19 13 21 21 5 26 18 24 8 8 5 34 16 20 13 34 10 3 33 25 25 32 5 21 34 2
split_gain=353.347 78.631 29.3272 17.0672 15.288 11.9601 11.2385 11.4196 9.20402 11.5492 8.87904 8.39754 7.97246 7.31149 7.2952 6.60377 6.49123 6.46452 6.27372 6.23581 6.22397 6.21139 6.15419 5.92167 5.66673 5.54075 5.49722 5.24019 5.12806 5.09429 4.77518 4.61244 7.64596 7.17979 4.53414 4.35937 7.55313 4.35138 4.28806 4.24469 4.58636 4.2015 4.1057 4.0629 4.02905 3.97673 5.29173 3.92151 4.5338 4.94003 5.51899 6.78147 3.92063 3.85364 4.68123 3.82629 3.71265 5.24549 5.28875 3.71074 3.67439 3.6374 3.54403 3.53766 3.42539 3.59742 3.23474 2.88024 2.98663 2.79053 3.11151 2.77801 2.75944 4.45717 3.67581 2.74763 4.64868 2.67306 2.64019 2.51515 2.39967 4.32719 2.3786 2.31463 3.02962 2.88496 2.29034 5.60964 2.2303 3.07543 2.35564
threshold=73.303450695947831 0.0005838912983439985 0.20000000000000001 0.21712938711367205 0.093143752259308432 0.010342545211910463 0.0051990004119700011 0.7918232638914996 1.476002855048103 2.1850830022009697 0.0022673085831043092 -0.045178118618632808 -0.0080251263600241134 0.35177904377202579 0.12543407655195662 -0.077281483154721928 0.0020748487907826861 0.1119302079971838 -46.054391150585523 1.1399999999999981 -1041.2126162793538 1.4900018847833845 -0.043501418478373625 -1.5749087918942253 0.028557777793674844 2.434992552528029e-16 -347.08223084780235 0.0029458420760741471 -107.31027286562184 0.030035227851094141 -1.5400000000000007 0.10849240134620337 0.33469945355191261 -0.35500000000000037 0.16295754127841791 -2.856171983528307 -0.0020214223953383121 0.36928571428571438 5.1234775223853104 483.65163064142808 172325.50000000003 187152.50000000003 12.922461455343283 0.41528688959294507 297.12231343868677 0.0047841269294510097 0.55547619047619057 0.0078450360234891721 0.34735551520559116 0.0036980978235526961 0.12771420851287743 0.51500000000000012 0.45000000000000112 -0.64907841046889703 0.031118236165140343 -0.20379791385415977 0.010795262003113539 -2.9134429277413143 0.011229427484382454 -0.07301613487305357 15.406262056217736 -0.47855656269565544 0.12711981405080011 1.9850000000000005 0.069844409779179842 0.0024220946740364743 0.037411564239247921 -0.3350000000000008 -0.69000000000000028 0.20000000000000065 0.018902208634661081 0.69334943926456982 3.6809054134865797 0.0026720868681247372 0.0051314555754324188 0.29999999999999993 0.36503853026702165 192.31580798646465 0.44339211865528688 0.096438182678463893 -1.7297007121081986 0.0046590780731243916 0.030078644232435229 0.74214285714285733 0.029490277241488453 -0.0065906194073336857 66.972266036447351 0.9750000000000002 1.4450000000000005 1.5578992822394515 5.3400000000000007
decision_type=8 10 10 10 10 10 10 10 10 2 10 2 10 2 2 2 10 2 10 2 10 2 2 10 10 10 10 10 10 2 2 2 8 2 2 10 2 2 10 10 2 2 10 2 10 2 2 2 2 10 2 2 2 2 8 2 2 10 10 2 10 2 2 2 2 2 8 2 2 10 2 2 10 10 10 10 2 8 2 8 2 10 2 2 2 2 10 10 2 2 2
left_child=2 8 3 10 5 12 35 22 9 -2 11 30 66 26 -11 29 -12 25 28 23 72 24 -8 64 37 -18 -13 45 34 56 -1 32 33 -5 41 43 -37 -17 53 40 -29 -15 80 82 67 -27 -47 48 49 -39 51 -51 -43 -22 86 63 57 -9 -59 -33 -32 -14 -45 -41 65 -7 69 68 -10 -4 -71 79 74 -74 -6 76 -40 -70 -30 -64 81 -42 -3 -38 85 -85 87 -55 89 90 -82
right_child=1 6 4 31 20 19 7 15 44 14 16 13 61 18 -16 21 17 -19 -20 -21 38 -23 -24 -25 -26 27 -28 39 78 -31 60 59 -34 -35 -36 36 83 47 75 55 42 52 -44 62 -46 46 -48 -49 -50 50 -52 -53 -54 54 -56 -57 -58 58 -60 -61 -62 -63 71 -65 -66 -67 -68 -69 77 70 -72 -73 73 -75 -76 -77 -78 -79 -80 -81 88 -83 -84 84 -86 -87 -88 -89 -90 -91 -92
leaf_value=0 -0.047886290976928529 0.022477273546510874 0 0.045077071248133795 0 0 0.045127617023586419 -6.3460760772669043e-05 -0.028790979094447812 0.010826473850330094 0.047886322160358735 0.02197490870994594 -0.034931122775819605 0 -0.038760625376474324 0 0 0 0.04718514890474957 0 0 0 0 0 0.018019150339694725 -0.027279448918015023 -0.029526040291816647 0 -0.027060026894540554 -0.030176061803872237 0.047987491567945156 0 -0.028441302369730546 0 0 0.037950843387854739 -0.013885095993489508 -0.039883548846423249 0.00095527859139263088 0 0.028807850672511123 0.037980213463984322 0 0 0 0.028269806494170189 -0.0054271507022160808 0 0 0 0 -0.03392982892261933 0 0.032665479201766524 0 -0.032143508961567896 -0.015020490372921089 0.040518847830808565 0 -0.028489881272640336 0 0 -0.030845847026672885 0.027191051924767659 0 -0.054918985175606477 -0.0079794456498560543 -0.037611142620508062 0.030704568133320086 0.033853120215981324 0 0 0 0.037111418056467019 -0.031852952630802754 0.019955744951789769 -0.036748957161923793 0 0.0077856719969439346 0 0.028940501099633479 -0.020172477707006246 0 0 0 0.044298908465165689 0 0 0 0 0
leaf_weight=5.0053236708044997 226.80653980653733 11.187013657763599 11.524334982037542 12.950156820937993 11.68685414362699 6.383018962107605 7.5348660722374943 8.3174999291077238 6.380778136663138 10.544198330491783 19.156364711001515 6.1667230352759352 8.9358163028955442 8.0848817676305753 8.4225669577717763 3.4430419290438286 20.525254594162107 28.794948553666472 27.587461143732071 6.0260631470009676 11.987948477268217 20.827113344334066 9.158377815037964 4.8514934098348013 2.2710923776030532 6.1642907094210413 8.2776453942060453 6.8668309506028882 5.8748601078987113 9.2787011088803393 83.106675324961543 8.924215320497753 5.3412691205739966 15.427994275465606 6.2014284245669833 14.228123575448988 13.034166054800155 72.372783892787993 3.7670700438320655 12.218167297542101 6.8144079148769361 40.358352571725845 4.2191597111523143 10.385742995887993 10.507691959850488 15.467378506436946 8.7027672715485078 14.471723916009067 4.3111593537032595 17.909414657391608 16.771143905818462 43.707587067969143 12.565838983282445 73.971513232216239 5.2138317264616481 3.7827116381376973 6.6244483217596999 15.818823929876094 2.501111624762415 15.20674310158938 5.6604148820042601 28.76289754640311 25.700378634966917 13.237605692818759 2.9364855568855992 20.747688514180481 1.7325829714536656 18.977895057760179 5.5170729504898164 24.253141403198246 3.9381258208304635 2.712404564023017 4.0475937277078611 7.433364637196064 9.8251057649031264 7.330221338197588 7.9935343824326992 2.9042796827852735 9.7466216320171934 1.4002946820110072 225.38323646318167 5.8122554123401642 2.9481674572452894 2.171828345395622 6.6136584589257827 6.4943794347345838 8.3543202886357886 4.7939558979123822 10.716085826978086 7.9730162713676682 2.5350053571164599
leaf_count=22 1947 150 116 69 95 103 46 134 130 42 72 28 91 32 69 39 162 238 112 103 113 289 125 61 15 41 28 47 26 136 339 53 42 102 29 148 176 1179 23 80 32 169 22 139 166 68 50 178 55 303 289 635 66 609 40 23 147 230 55 122 25 322 277 124 54 298 10 300 36 247 39 28 29 85 131 61 45 48 52 22 1906 40 51 41 53 97 93 39 101 60 18
internal_value=7.3438e-05 -0.0245621 0.0168424 0.0217432 0.00440757 -0.00644416 -0.0103657 -0.0151583 -0.0413471 -0.0450577 0.0238442 0.0318246 0.00184956 0.0221672 -0.00433637 -0.017842 0.0191349 0.0173351 0.026054 -0.0256562 0.0135745 -0.021214 0.0153612 -0.0332228 -0.0238628 0.0189608 0 0.0203254 0.017428 0 0.0432823 0 0.0096183 0.021399 0.02272 0.000917885 0.0123339 -0.0251701 0.0180921 0.0220793 0.0238597 0.0265867 0.0248295 -0.00561897 -0.0177941 0 0.0107443 -0.0263465 -0.0283892 -0.0297477 -0.0187144 -0.0247403 0.0310227 0.0215328 0.0245249 0.00114862 0.00549804 0.0155092 0.0296912 -0.0150334 0.0455962 -0.0105086 -0.0141342 0.0112482 -0.0405932 -0.0453946 0.0162392 -0.0252345 -0.000520609 0.020587 0.027945 -0.0221424 0 0.0131148 -0.0121031 0 -0.0136099 0.00545321 0 -0.0270156 0.0256125 0 0.00935472 0 0.0108103 0.0292295 0.0271549 0.0294899 0.0266024 0.0275212 0.0284431
internal_weight=1593.61 642.256 951.353 674.856 276.497 120.092 352.195 255.319 290.061 245.773 617.006 218.636 79.1469 124.864 18.9668 238.626 398.369 379.213 110.419 40.9447 156.405 196.085 16.6932 34.9187 175.258 350.418 14.4444 329.893 82.832 42.5406 93.7724 57.8504 33.7194 28.3782 67.2105 96.8762 42.5422 172.987 123.412 299.558 270.32 61.0091 263.453 54.334 44.2877 30.3344 24.1701 169.544 155.072 150.761 78.3881 61.617 52.9242 104.322 92.3336 29.2385 33.2619 26.6374 18.3199 24.131 88.7671 37.6987 40.1988 25.4558 30.0672 27.1307 41.4482 33.78 14.8021 39.7156 28.1913 29.8131 32.9929 11.481 21.512 19.0908 11.7606 8.42135 15.6215 27.1007 259.234 12.6267 14.1352 28.314 15.2799 8.66621 87.1198 78.7655 246.607 235.891 227.918
internal_count=14982 7775 7207 4400 2807 1444 5037 3855 2738 2058 4012 928 825 542 111 3684 3084 3012 486 619 1363 2982 171 516 2693 2774 56 2612 374 702 386 388 213 171 296 1182 515 2678 1023 2453 2226 267 2179 667 680 159 118 2639 2461 2406 1227 938 235 894 781 227 566 419 285 175 364 413 466 204 455 401 412 514 214 402 286 327 340 114 226 129 68 84 78 299 2157 72 201 367 191 138 741 648 2085 1984 1924
is_linear=0
shrinkage=0.0431318


Tree=6
num_leaves=92
num_cat=0
split_feature=32 12 6 11 30 34 30 12 17 2 21 1 30 21 24 30 20 9 29 22 2 30 2 4 32 0 0 16 17 17 14 11 33 17 34 25 3 3 11 9 24 17 33 12 25 3 8 0 34 21 17 8 34 20 0 28 24 34 32 12 24 30 6 7 31 30 2 3 34 34 30 3 1 24 25 13 32 6 3 24 13 24 31 21 6 11 4 0 7 24 24
split_gain=268.277 71.7774 32.2484 16.2324 15.859 13.7153 9.96069 9.53336 11.7236 8.1543 7.90229 7.86379 7.33602 11.5724 13.0603 7.728 8.10474 7.53685 7.05403 8.3749 7.05081 6.5932 6.55623 6.46001 6.73152 6.13027 5.79909 5.66082 5.53332 5.52082 5.61683 8.70045 7.85939 7.46898 5.43647 5.43628 5.33191 8.56645 5.52604 5.77868 5.10781 5.07945 5.0413 5.03285 5.72006 4.94803 4.73432 4.73151 4.62421 5.61447 4.462 3.9163 4.51699 4.02315 5.56587 3.73715 3.72648 6.69546 3.70475 3.51059 3.44955 3.43546 3.34147 3.27531 3.23115 4.4408 3.66514 3.08278 2.98818 5.67118 2.9829 2.94894 3.26563 2.79445 2.72307 2.71075 2.76183 2.69667 2.91 2.51015 3.44912 3.48605 2.49988 2.46371 2.46268 2.44733 2.42733 2.35281 2.34983 2.33819 3.40173
threshold=95.605924565013822 5.2500000000000009 0.11067366579177605 0.0031078679835647165 -209.86520500711239 2.1850830022009697 -516.20067490824738 6.7500000000000009 -0.0091362433551777072 3.0850000000000013 0.5650000000000005 -0.19638590113421137 -461.07262027660221 -0.9250000000000006 0.65803192393545185 -433.39609233711502 0.40127241472831288 1.0000000180025095e-35 -0.81370969506885837 5240.2500000000064 0.59000000000000175 -1019.9435606313092 -1.2650000000000003 13.500000000000002 58.426090914131905 -0.10664426837829703 -0.40239575956310164 208.57727870042717 -0.17134402742875629 -0.011305400060615199 -0.014117013014835198 0.032558117015578189 0.98142857142857165 -0.10450973017447666 0.25066373666747593 0.036020829377633186 -0.079220350501659861 0.03301406272991337 0.0044836139829846086 0.010099134819343254 1.655723549630212e-16 -0.10798205825655975 1.0842857142857143 3.7500000000000004 0.082487268790094062 -0.10719586445132133 0.00158283526576017 0.65442904310828853 -1.5790759363303044 -1.1300000000000014 -0.036613163090062344 0.0049014570804655462 0.26891817861001438 0.3789256797705019 -0.29095248544546753 0.0040708066643976313 2.2148770110875442 -0.74903062972348722 63.844133412075394 3.7500000000000004 5.0291374155245414 -686.61056857259086 0.10194234813806761 7.7500000000000009 -140.05439627636738 -1002.4282293203609 2.8749999999999996 -0.032397510759000374 -1.2979632383345683 -0.96007428382686821 -1122.9177540110666 -0.053975625167545775 0.094397063815342755 3.7083442923398668 0.050883147035161842 0.052073173377206565 48.966649544140886 0.061906769376205616 -0.16281037535612511 2.9799740564920616 0.0029712837177670692 4.5801885565448943 -890.45821339859958 0.17000000000000084 0.030495601968458224 0.02507359949600942 6.5000000000000009 0.58409687942034016 5.7500000000000009 1.2674168998309139 2.4104358603749052
decision_type=8 2 8 10 10 2 10 2 8 2 2 2 10 2 10 10 2 10 2 10 2 10 2 2 10 2 2 10 10 10 10 10 2 10 2 2 2 2 10 10 10 10 2 2 2 2 10 2 2 2 10 10 2 2 2 2 10 2 10 2 10 10 10 2 10 10 2 2 2 2 10 2 2 10 2 8 10 10 2 10 10 10 10 2 10 8 2 2 2 10 10
left_child=1 3 9 6 7 26 11 51 12 10 21 -1 17 14 -14 -15 68 29 -12 67 34 42 -7 24 27 48 -4 82 -28 30 31 -9 33 -32 -18 -35 45 38 -38 84 -6 -29 47 44 63 50 -33 59 -25 -50 -26 -3 53 -53 -55 -42 57 -27 -47 77 -43 -11 86 -13 -23 -66 88 -20 -17 -70 83 -22 -73 -51 -56 76 -59 78 -2 -54 81 -81 -5 -58 -40 -37 -8 -30 -67 -69 -91
right_child=2 4 5 23 40 22 62 8 -10 61 18 43 13 15 -16 16 20 -19 19 -21 71 64 -24 25 36 56 28 41 87 -31 32 46 -34 35 -36 85 37 -39 39 -41 55 60 -44 -45 -46 58 -48 -49 49 73 -52 52 79 54 74 -57 70 75 -60 -61 -62 -63 -64 -65 65 66 -68 89 69 -71 -72 72 -74 -75 -76 -77 -78 -79 -80 80 -82 -83 -84 -85 -86 -87 -88 -89 -90 90 -92
leaf_value=0.01454626641623874 0 -0.00066047257338238774 0 0 0 -0.034876132410528483 0.024119775428126433 -0.0022350566984778299 0.030715643224549682 0 -0.039257370402294843 -0.038245826893671696 0.0097707090573323791 -0.014683928059542443 -0.046933005205358473 0.022262070381234605 -0.033228288710033249 0 0.0096783123922610341 0.034242556624841269 0.003079920686067199 0.0038313603160548661 0.013244923621214528 0 0.015193029045597713 -0.0089256884066579462 0 0 -0.049765903041277912 0 0 0 0 0.046717769747532514 0.02441666796366769 0 0 0 0 0 0 0.037193547733198079 0 -0.0021078971928698703 0 0 0.052070458251989284 0 0 0.050444469107459665 -0.031468577630175479 0 -0.014523446124340877 0 0.028931707956941357 -0.052871725805720464 -0.0067303602922239303 0 0.045419412652127046 -0.0098748159704259014 0 0.034812595127733409 0.038734487155590018 0 0.0096878631200232063 -0.040217791765477233 0 0 -0.042363656044755636 0 -0.020888838417070815 0.043305077122147331 0 0 0 0 0.045795449037877613 0 -0.048639707727283488 0 -0.00054589774375045472 0.038272928158028116 -0.029076391234600013 0.018832032315661235 -0.03783008117542673 0.034063662104471544 -0.026690328482026984 0 0 -0.035272502181370881 0
leaf_weight=4.9403052330017081 4.0697927847504607 32.199491810053587 5.1696030721068373 9.2648014649748784 4.1420889180153599 8.3961828611791152 2.320485280826686 25.562990695238113 239.08455274906009 19.566379569470886 8.5003341827541572 63.419516355730593 10.121872611343862 10.60948410630226 14.046164890751241 5.7196450382471111 5.9056791868060809 22.134019829332829 5.7311171870678654 12.290728271938859 13.948119197972117 13.503536201082168 11.182397454977034 2.931730721145871 4.8800825057551265 5.1634554695338037 5.2501682974398127 3.7741904202848664 171.99336785217747 5.5067288363352409 12.964599076658486 4.5666691586375228 15.098856298252938 73.646315497346222 5.9585657026618719 8.9427980594336969 11.530178959481416 46.318026433233172 3.1763217989355317 9.0872430717572552 2.6506845131516448 22.304957718588419 1.9090456664562214 21.81231795437634 1.7620651591569174 1.6016538068652142 10.215181194245814 2.0257331039756528 2.7278700051829281 18.169043025933206 7.2639293102547544 17.785913379862905 13.460372236557303 8.3818712504580599 63.488376524299383 8.2106284629553539 11.933533446863295 1.1827171724289627 8.3750832430087012 18.006713534705341 2.0461234003305426 5.3664700435474506 5.253131628036499 2.2843585796654216 2.3242448018863788 16.289517116732906 2.4492333345115176 2.3876503109932008 7.3661089148372456 9.7355048069730366 14.382228597067295 38.01349323336035 4.4171462822705498 2.0303076226264229 3.7166855819523326 1.2209120374172933 13.562859250232576 1.7568472512066353 52.636718839872628 5.0606303326785591 10.554220566526054 10.027895972132681 5.8117065504193297 11.374035261571406 41.589403295889497 4.018127914518117 4.4002613909542561 5.7664173841476432 1.602466077543794 13.834368623793127 5.9641785211861125
leaf_count=70 61 335 32 128 31 85 32 151 1382 322 115 1051 57 56 77 25 45 134 77 152 68 189 44 43 67 79 34 40 1574 31 78 21 91 434 37 56 172 729 61 115 31 229 18 305 11 20 67 23 48 269 122 181 137 87 724 91 184 17 114 244 21 58 38 29 22 271 21 45 43 52 200 183 33 31 42 15 220 55 873 55 87 75 56 140 506 24 64 38 28 249 99
internal_value=0 0.0110296 -0.0303192 -0.00420683 0.0189166 -0.0424862 -0.0185103 0.0199394 0.022867 -0.0163397 -0.0199541 -0.0237642 0.016359 0.00676533 -0.0177991 0.0138916 0.0186579 0.0222517 -0.00222519 0.00237566 0.0261793 -0.0262396 -0.000745238 0.00109924 -0.00301937 0.0112499 -0.0461342 0.0105092 -0.047407 0.0255095 0.0272047 0.00847027 0.032654 0.0370775 0 0.0417236 -0.00836387 -0.0126946 -0.0227799 -0.0286495 -0.0209006 0.023101 -0.0336741 -0.0273502 -0.0335721 0.00759569 0.0357798 -0.0357905 0.0291866 0.0365444 -0.0019893 0.00940972 0.0128429 0.0179992 0.022342 -0.0384189 0.00113583 0.0172178 0.0323014 -0.0378147 0.0316853 0.00238249 0.011908 -0.0363208 -0.00609178 -0.0177587 -0.0273168 -0.00699621 0 -0.0125853 -0.00442172 0.0325895 0.039206 0.045079 0.0267473 0.0338421 0.0397669 -0.0441791 -0.0458331 0 0.00843345 0.0233489 -0.00432971 0.000151833 -0.0350334 0.0032523 0 -0.0487001 -0.0350542 -0.0171908 -0.023464
internal_weight=1493.13 1095.16 397.973 367.895 727.261 207.758 106.192 712.258 547.583 190.215 165.282 94.2186 308.498 125.842 24.168 101.674 91.0643 182.656 48.7084 40.208 68.243 116.574 19.5786 261.702 177.024 84.6787 188.18 43.2018 183.01 160.522 155.016 40.3448 114.671 99.5718 11.8642 86.6072 133.822 111.701 65.3831 53.853 15.0034 28.1253 80.4049 89.2783 67.4659 22.1207 14.7819 78.4958 25.859 22.9272 12.144 164.675 132.476 93.3728 75.5869 10.8613 58.8197 21.1299 9.97674 76.4701 24.3511 24.9328 11.9739 65.7039 36.169 22.6655 20.3412 27.9173 22.8213 17.1016 37.6898 56.3788 42.4306 20.1994 67.2051 15.9665 14.7456 58.4634 56.7065 39.1031 25.6427 15.0885 15.0765 23.3076 44.7657 12.9609 6.72075 177.76 17.892 22.1862 19.7985
internal_count=14976 10247 4729 5226 5021 1807 1600 4868 3145 2922 2542 1466 1763 676 134 542 486 1087 737 622 366 1805 129 3626 2380 1246 1678 474 1646 953 922 239 683 592 82 514 1906 1583 854 682 153 290 1274 1396 1091 323 88 1256 391 348 189 1723 1388 1034 853 122 855 331 134 1233 250 380 134 1080 531 342 320 470 120 95 524 284 216 300 766 252 237 989 934 354 217 130 184 324 567 80 96 1612 299 393 348
is_linear=0
shrinkage=0.0431318


Tree=7
num_leaves=92
num_cat=0
split_feature=32 12 6 34 11 23 30 34 26 4 29 34 10 6 12 2 9 1 13 21 11 3 1 17 11 2 18 6 19 32 25 33 34 5 11 15 16 25 3 19 17 12 25 19 19 20 30 11 11 5 10 6 3 1 25 2 3 1 26 32 2 1 1 6 26 26 33 18 20 26 26 30 16 12 2 5 5 4 19 22 15 25 20 33 34 21 29 10 25 7 20
split_gain=219.441 57.9819 26.1425 13.8084 13.655 14.446 11.3295 9.00108 8.59453 7.75874 7.56382 8.16562 7.69402 7.39925 8.0873 7.30037 7.11632 7.03136 6.97621 6.78374 7.5286 6.16377 5.94541 5.68232 5.67565 5.52705 5.43201 9.42905 7.46285 8.46667 5.34048 5.23304 4.91952 4.83957 7.01603 4.99481 6.23726 6.73647 4.84265 4.75937 4.74618 4.55452 4.3805 4.19821 4.11527 4.59214 4.07661 3.83263 4.95663 3.89625 4.16777 3.57776 3.57048 3.51141 3.49096 3.4294 5.26051 3.87476 3.64651 3.40905 3.40488 3.36573 4.06685 4.78252 3.28402 3.98914 3.2609 3.2481 3.16448 2.99858 2.99007 2.88864 3.71919 2.75828 2.71579 3.98199 2.66921 2.59972 2.51105 2.49754 2.46739 3.97259 2.46441 2.40546 2.39248 2.69219 2.38195 3.23152 2.34191 2.31886 2.3161
threshold=95.605924565013822 6.7500000000000009 0.11067366579177605 2.1850830022009697 0.0031078679835647165 -4.2208870798067695 -352.97018991268811 -1.1975974244471883 -0.0036619538522784652 19.500000000000004 -0.81370969506885837 1.965248659777181 0.0075291569824896638 0.11251780344991295 5.7500000000000009 3.0299999999999989 0.0026952814102639204 -0.021317168963110752 0.06370972008683963 0.71499999999999997 0.024675772152700681 -0.038480948454634449 -0.20958691111626829 -0.14321467950076819 0.011467769688958311 -1.2650000000000003 -0.36609016575916387 0.092307692307692216 0.0060913355558886014 49.994183961740823 0.0088288837491911094 1.1876190476190478 -1.3254405016271735 0.14999999999999999 0.027352650184756289 201365.50000000003 218.05116182481811 0.064904819620566281 -0.084928380967497483 0.0075176190429411807 -0.17134402742875629 5.2500000000000009 0.017508220419021895 0.0036846403422048216 0.0051511768394693911 0.6048642957664524 -619.30976184861208 0.012004328892243095 0.010416522652657205 0.20000000000000015 0.0058627792429774934 0.08730296206478437 0.18308467402977882 0.10793745437059489 0.043109539698638295 1.6449999999999998 -0.027968431600927598 0.022176118026740358 0.010340114210664388 50.91384693454836 0.64999999999999958 0.2008075056011949 -0.016380665193003071 0.042553191489361694 0.0083393773782221032 -0.0011895079237141946 0.395952380952381 0.71933000562428695 0.73891031126784357 0.017788628411907318 -0.0055266320372045477 -424.32012682358908 253.53808324562283 4.7500000000000009 -1.4749999999999994 0.17499999999999985 0.050000000000000037 1.5000000000000002 0.0061447066650614944 1400.0000000000102 243553.00000000003 -0.0024401411145132386 0.7943968101131903 0.50023809523809548 0.39215346852646205 0.64999999999999958 0.32763112391044608 0.0038650889439515975 -0.013105506750561489 5.7500000000000009 0.82084839531493381
decision_type=8 2 8 2 10 10 10 2 2 2 2 2 10 10 2 2 10 2 8 2 10 2 2 8 10 2 2 10 2 10 2 2 2 10 10 2 10 2 2 2 10 2 2 2 2 2 10 10 10 10 10 10 2 2 2 2 2 2 2 10 2 2 2 10 2 2 2 2 2 2 2 8 10 2 2 10 10 2 2 8 2 2 2 2 2 2 2 10 2 2 2
left_child=1 4 8 40 5 17 16 18 10 26 -2 12 60 14 22 31 23 -1 21 20 64 -8 -7 -3 -11 -5 30 47 29 43 61 41 -31 34 38 74 37 -37 -25 52 -4 51 80 -29 45 -38 -15 48 55 50 -49 66 54 -21 -40 56 58 90 89 71 -12 62 -6 -64 65 -9 -10 -36 -45 -24 -34 72 -32 84 78 82 -67 -42 -35 -50 81 -22 -76 -58 85 -61 87 -68 -77 -28 -57
right_child=2 6 3 25 9 13 7 19 15 24 11 -13 -14 46 -16 -17 -18 -19 -20 53 42 -23 69 33 -26 -27 27 28 -30 32 59 -33 70 35 67 36 44 -39 39 -41 77 -43 -44 68 -46 -47 -48 49 79 -51 -52 -53 -54 -55 -56 57 83 -59 -60 73 -62 -63 63 -65 -66 76 86 -69 -70 -71 -72 -73 -74 -75 75 88 -78 -79 -80 -81 -82 -83 -84 -85 -86 -87 -88 -89 -90 -91 -92
leaf_value=0.043291076651382619 -0.037713544499529544 0 0 -0.03193773881857017 0 0 0 0 0 0.039116733135239258 0 0.039639264761584317 -0.026888047166894864 -0.012745808931234889 0.0059396423692723395 0 0 0 0 0.043898717420843808 0 0.051401991785233234 -0.037702267777538157 0.00078925506794636511 0 0.014043247456164006 0.035924937287182469 -0.0055983832713220067 -0.0040577705552025502 0 0 0.0098020167860708388 0 -0.037794396363199881 0.044789723798818723 0.03502655645195963 0.013212489890289865 0 0.032228318519369518 0 -0.012785596077285277 0 0.02350337991200559 0 0.037174779069586189 -0.02207037443274678 0.030265732176438211 0 -0.036808926934648968 0 0.035857991946191672 0 0 0 0 -0.031426785669291323 0.00088011361618230415 0 0 -0.032611613853743657 0.031675803115196764 0 0 -0.045724888256975918 0 0 0 0.00014890357288307074 0.045782948600672314 0 0.044903544214819992 0 0.05249581295073881 0.0033528785451146501 0.0047132131201790941 0.045433738380456862 -0.047218648964654455 -0.047407359369086501 0 0 0.0052930320900749011 -0.034179057354712855 -0.032697922205758387 -0.016979647789455848 0 0 -0.0044770578604395195 -0.040116655025896987 0 0 0
leaf_weight=9.8205233020707983 8.3563033081591112 11.684867881238459 5.3053030259907237 7.8677115691825774 12.053275638259946 3.4688535360619417 7.1140099447220626 5.0160453487187651 4.7517149834893635 19.081921702250838 6.8271213509142461 11.013049369677899 14.48100563790649 8.5205071568489057 5.7236087881028643 24.916683586779982 27.11756694689393 8.9919992778450233 7.2568781338632133 8.357685952447353 5.767652744427326 17.340072228573259 61.372412259224802 27.34411811362952 13.059538251720367 11.296485992148517 16.235799284651883 20.150641061365608 15.634188960306345 4.0657303538173428 2.7847693525254709 1.8687048330903042 3.3487589424476019 4.713413953781127 83.381946586072445 55.046679811552167 10.026206655427819 5.0951311998069277 110.84944614768028 9.7395580746233446 15.160867544589562 2.8418625313788644 14.550274485722182 2.7816267702728492 5.4599115233868352 14.11327034793794 6.7398743648082009 16.705898514948789 13.15838668029755 51.645617267116904 14.044499410316346 2.731032093986868 4.587500598281621 4.7325269393622866 8.6380832903087121 17.462092578411109 20.460275172255933 6.7050990238785735 4.2242609318345776 13.987682481296366 10.103889844380317 7.4865637263283125 4.9195499476045397 17.915672429837286 3.5778543204069129 4.4561894601211014 6.2830136409029356 9.3490115050226432 6.2109379451721907 3.6683073192834845 33.46522762440145 2.6884680567309251 6.5589205976575613 16.251589521765709 4.9128125328570622 7.1076849177479726 15.758895158767698 152.45462414994836 8.272042313590644 2.4137682132422933 8.6267868364229781 10.376063892617823 4.1615325957536697 17.444310846738517 1.9715965734794725 2.3544466495513907 14.306937396526335 69.592865130398422 6.1094401180744171 3.0837888950482002 3.9410536419600239
leaf_count=112 113 71 34 85 183 48 59 46 86 234 105 124 260 145 58 373 208 112 39 60 35 92 1133 185 173 44 205 205 210 53 34 14 61 24 410 348 76 24 669 55 142 22 77 27 43 94 59 214 132 664 157 48 27 38 66 298 309 111 79 230 147 147 69 226 28 29 86 42 53 56 370 24 45 218 31 49 138 1502 47 41 37 78 22 274 37 31 246 1298 46 38 79
internal_value=0 0.0102941 -0.0284081 -0.0398985 0 -0.0137631 0.0202386 0.0064427 -0.0152765 0.00351894 0 0.00712005 -0.000147427 -0.0216673 -0.0274103 -0.0212611 0.0236551 0.0168829 0.0259884 0 -0.00663491 0.0374944 -0.0321036 0.0251456 0.0240959 0 0.00133058 0.00464638 0.0165393 0.0230028 -0.00738101 -0.0263564 0.0359318 0.026071 0.0302538 0.0165276 0.0220006 0.0302435 0.0228528 0.0263843 -0.0437816 -0.0283302 0.0028199 0.000373701 0.000831682 -0.00201127 0 -9.09779e-05 -0.0062017 0.00612031 0.0183263 -0.0302106 0.0286725 0.0270841 0.0301538 -0.000753749 0.00332092 -0.0143001 0.0204822 8.99416e-05 0.015025 -0.0186727 -0.0245517 -0.0353779 -0.0240617 -0.0300482 -0.0317651 0.0416986 0.0282227 -0.0354342 0.0410126 0.0220249 0.0346118 -0.00377909 0 0.0115108 -0.0386438 -0.0450573 -0.0126918 -0.0291083 -0.00407224 -0.0171567 0 -0.00390076 -0.0172275 -0.0245865 -0.0336069 -0.0373754 0.0279779 0.0293571 -0.0245947
internal_weight=1403.4 1033.24 370.159 192.085 502.602 108.306 530.641 112.931 178.074 394.296 50.7814 42.4251 31.412 89.4936 74.2332 127.293 417.71 18.8125 31.711 81.22 68.1298 24.4541 68.5096 390.593 32.1415 19.1642 362.154 273.182 85.6571 70.0229 88.9725 102.376 40.8797 378.908 253.89 125.018 89.7412 60.1418 161.159 133.815 172.921 100.507 39.3208 29.1432 29.5994 24.1395 15.2604 187.525 105.129 82.396 30.7504 97.6656 124.075 13.0902 119.488 89.5567 61.4484 28.1082 23.5438 46.5975 16.931 42.3751 34.8885 22.8352 28.809 25.2311 94.9345 92.731 8.99256 65.0407 36.814 12.0322 9.34369 34.5653 35.2769 22.2915 20.2151 167.615 12.9855 15.5722 24.7705 16.1437 9.07435 37.9046 18.3137 16.3421 90.1828 75.8759 13.2171 19.3196 21.4031
internal_count=14976 10247 4729 1807 6954 1723 3293 756 2922 5231 749 636 512 1499 1295 2173 2537 224 190 566 468 151 1237 2329 407 129 4824 3580 979 769 1244 1800 484 2258 1454 804 585 372 1002 817 1678 1786 227 285 213 170 204 2601 1566 1035 371 1764 762 98 735 1393 905 488 322 619 252 625 478 295 241 213 1716 452 80 1189 431 103 79 516 219 148 167 1644 71 173 150 113 53 583 298 261 1630 1384 95 243 377
is_linear=0
shrinkage=0.0431318


Tree=8
num_leaves=92
num_cat=0
split_feature=11 12 30 34 8 30 30 8 31 12 4 0 14 0 5 26 12 8 0 20 21 23 25 34 11 20 9 0 34 20 11 11 4 11 24 10 14 20 3 21 21 24 33 11 4 0 10 13 5 8 26 21 2 1 3 13 0 11 10 21 16 24 25 24 15 4 24 19 16 21 31 0 11 13 0 6 4 0 26 24 25 25 19 5 2 8 34 6 6 26 1
split_gain=173.32 56.6705 16.3016 10.9843 9.93668 9.31497 8.3626 7.16377 6.44122 5.98791 5.73585 5.64517 5.60671 5.10888 4.93538 5.93295 6.04013 4.89744 4.57528 4.44633 6.23241 4.4221 4.52683 5.67961 4.0155 3.84593 3.59931 6.95122 5.0928 5.72372 6.47261 4.46987 5.06489 4.82195 4.48701 4.76633 4.00119 3.52123 3.6703 3.50681 4.1104 3.84644 3.42049 3.38059 3.35042 3.32467 3.30461 4.10898 4.15473 4.57414 3.18674 3.77991 3.15885 3.06438 4.29912 3.04775 3.03945 3.70761 3.02493 2.98019 2.90981 2.89489 2.88987 2.78376 2.7654 3.08643 2.56821 2.51902 2.57905 2.47127 3.85544 4.16932 5.80498 4.64787 3.02454 2.9761 3.09309 2.91875 2.4747 2.46418 2.46144 2.45196 2.42114 2.41534 2.385 2.38036 3.05414 2.27881 2.2174 2.96554 2.20568
threshold=0.0012297505421339924 6.7500000000000009 -692.03769750559411 2.1850830022009697 0.0096639642228592074 -869.80262885860895 -254.37982441752794 0.0088444342956023516 -557.93426650538333 4.7500000000000009 10.500000000000002 0.43453225291677028 0.0032077236089099741 -0.38498978999419425 0.59999999999999887 -0.0027077705361251976 3.7500000000000004 0.012858386976262294 0.44272415213836042 0.67834199639179016 -4.4349999999999996 -1.9569491394977152 -0.0045791972881860646 -0.030135513593926463 0.018540947353742915 1.1323364184560931 0.0015881946103294216 -0.24206816933306111 0.98344171964838833 0.42959443219807281 0.024038720825307492 0.0092804318103783933 19.500000000000004 0.0036980978235526961 6.874831274942501e-16 0.0059384142873109558 -0.019759289036307772 0.46320678290350015 0.01375587460456862 0.10500000000000044 0.96499999999999908 1.2199204085662594 0.50357142857142867 0.026313274272929846 3.5000000000000004 -0.31228905837494009 0.01162567945977498 0.024149518474449027 0.050000000000000162 0.011336958336113633 -0.0040857148814166791 -1.4349999999999985 5.3400000000000007 0.062693363944724148 0.081539106242063966 0.025129095990881641 1.0312633969990725 0.047864704662815651 0.0018522970319807838 1.0400000000000003 114.18790645263259 7.4550732149143464 0.039737236464113097 0.70828318360816545 179697.50000000003 19.500000000000004 2.3524665409792944 0.0051320253851741401 236.37416173703406 0.73999999999999944 -21.136223266618142 0.137213713483223 0.005851514867777464 0.0029712837177670692 -0.28133415871415884 0.12064364841918017 19.500000000000004 -0.075390682208974921 -0.0014414021700026589 5.0291374155245414 0.019459106023072107 -0.011080294704109315 0.0026258169259515216 0.099999999999999936 2.3600000000000017 0.0056593316123779948 -1.2318912187767432 0.12456896551724138 0.16666666666666669 -0.0018143144704703682 -0.16607377608352589
decision_type=10 2 10 2 8 10 10 10 10 2 2 2 10 2 10 2 2 10 2 2 2 10 2 2 10 2 10 2 2 2 8 10 2 10 10 10 10 2 2 2 2 10 2 10 2 2 10 10 10 10 2 2 2 2 2 10 2 10 10 2 10 10 2 8 2 2 10 2 8 2 10 2 10 10 2 10 2 2 2 10 2 2 2 10 2 10 2 10 10 2 2
left_child=2 5 3 4 9 7 11 21 17 84 43 26 19 -6 15 -9 18 44 59 -5 -21 22 24 55 61 87 31 66 29 -29 -31 33 34 -3 36 39 -33 38 46 41 -41 -36 -16 -8 -7 -12 47 48 -10 -50 -44 -52 63 -23 -55 -24 57 -27 -34 -17 -42 64 -25 -15 -2 90 -28 68 -57 70 71 72 77 -73 -74 76 -71 -39 -75 83 -35 -60 -83 -32 -1 -76 -87 -13 89 -51 -66
right_child=1 6 -4 12 13 8 10 14 37 -11 45 25 -14 52 42 16 -18 -19 -20 20 -22 53 23 62 -26 56 27 28 -30 30 79 32 58 80 35 -37 -38 69 -40 40 60 -43 50 -45 -46 -47 -48 -49 49 88 51 -53 -54 54 -56 67 -58 -59 81 -61 -62 -63 -64 -65 65 -67 -68 -69 -70 75 -72 73 74 78 85 -77 -78 -79 -80 -81 -82 82 -84 -85 -86 86 -88 -89 -90 -91 -92
leaf_value=-0.029907114257301939 0 0.031139361666560478 0.00015144008218102989 0.0012304909379639898 0 0 0 0 0 0.013320518937866895 0 0 0.035952440634879686 0 -0.01990168838800447 -0.041327225209428158 -0.0047650372968153012 0 0 0 -0.048576788822488545 0 0.0008373508281307525 0.027885901203220459 0 0 -0.037371289901525578 -0.0025189852050280389 -0.0061146299348262181 0 0 0 -0.017705284447831201 0.0077760809577281185 0.0069153050049854739 0 0.04379036353820244 -0.023618095181586255 0 0 0 0.034093200198844688 0 0.027323035292251545 0.051577407965739931 -0.039816832999147199 -0.0008622737492493107 0 0 0 0 0.042966720509891677 0 0.045286869162444808 0 -0.041030001030557497 0 0.042878295441220043 0 0 0.028262858849523842 0 0 -0.041485041318274421 0 0 0 0 0 -0.034807324927219434 -0.026327585822522398 0 0 0 0 0 0 0.0014617098310605128 -0.048811878063506703 0 -0.015750713384598415 0 0.034992886392859773 0.042227352700875791 0 0 0.031745710450784601 -0.03400487795867238 0 0.042665365072457148 -0.031613195963211903
leaf_weight=16.461413217708476 5.1352178412489584 11.47320864908397 22.323697044048458 4.2248217053711477 6.5595842357724896 4.8006048835814061 9.7157761938869971 36.387303255498409 4.8635164313018313 10.25999169051647 1.8665215708315361 4.8388829287141544 5.0187483495101324 2.6781644616276017 6.9411284066736725 40.936562769580632 31.955318225547671 6.7075814735144368 2.6543744392693034 2.6150575727224377 10.05017059668898 11.360771661624311 30.788035618141294 20.549517276696864 35.442566973157227 9.494620926678186 5.548852261155842 5.578520198352634 6.9951413571834555 5.7420771643519437 4.5538708791136662 3.186475943773984 6.0943179167807129 21.484135992825031 24.729512792080641 11.900586755946277 58.167653630487621 11.017599112354221 31.657612321898341 37.716203203424811 4.0350385978817931 108.84366080723703 5.5311314724385801 11.423867864534257 12.286724773235617 9.1841634009033424 5.4971546875312916 12.261205659247933 4.8346436331048599 2.3025744119659022 2.8887945227324989 8.9487695069983513 3.7214413229376069 9.7083545657806116 10.989366009831427 9.3242844259366393 7.3979824874550095 9.0006049983203393 4.7405786234885516 1.3696190025657404 34.195409132167697 3.2049945322796694 4.9813214791938654 199.18890992342494 1.6377591975033272 1.8494676193222392 5.9850507955998182 5.405760906636714 2.2991343550384054 13.576707409694793 8.8539596339687687 4.9003196982666841 7.1274667512625447 2.4983566440641871 2.6597533375024787 2.9890027437359086 1.4335416462272395 7.8338389433920375 6.7818188723176709 4.2599049694836131 13.191640455275772 3.6852504052221731 10.432289084419606 31.918124735355377 2.0080297430977216 6.8386164894327441 31.331893050111837 6.3365473430603743 1.7556820902973402 29.254952544346459 37.569932887330651
leaf_count=240 90 87 354 19 59 35 86 633 51 109 12 36 18 41 136 957 528 69 25 16 109 194 427 352 500 72 35 38 49 43 24 30 25 157 137 84 327 196 419 245 20 673 72 71 121 122 67 146 60 49 39 111 22 74 122 111 51 39 40 17 242 30 85 2579 39 57 36 70 41 193 110 52 84 24 35 52 30 102 55 32 106 24 70 196 34 88 416 40 32 344 587
internal_value=0 0.00808801 -0.0298484 -0.0328937 -0.03557 -0.00118769 0.0187214 -0.0060106 0.00528631 -0.0058776 0 0.0202149 0 -0.0389742 -0.0135238 -0.017411 -0.0242891 0.0270322 -0.035252 -0.0152087 -0.0309787 0 -0.00352443 0.00300188 -0.0107052 0.000166382 0.0216579 0.00928553 0.016465 0.0220092 0.0277625 0.0237558 0.0258632 0.00686785 0.0275888 0.0232256 0.0411918 0.00204748 0.00857672 0.0247463 0.0137072 0.0300414 0 0.0103276 0.0393655 -0.0275626 0.0149727 0.0189095 0.0252403 0.0303435 0.0143961 0.0283495 -0.0401706 0.0139702 0.0240267 -0.00355609 0.0124857 0.02288 0.00106981 -0.039009 0.023938 -0.0186532 0.0203879 -0.0408965 -0.0221043 -0.025979 -0.0161254 -0.0191492 -0.0306468 -0.0023381 0 0.00354621 0.00932388 -0.0144479 0.0181828 -0.0169647 -0.0267074 -0.00628693 -0.0353273 0.0342753 0 0.0140701 0.0242259 0.0379148 -0.0236093 0.0229351 0.0260497 -0.0166789 0.0361871 0.0388963 -0.0292076
internal_weight=1330.75 1045.64 285.11 262.786 240.878 551.925 493.716 327.859 224.065 28.7294 32.1903 461.526 21.9088 212.148 137.613 113.303 76.9159 23.7949 44.9606 16.89 12.6652 190.246 158.188 73.3481 84.8399 37.0686 424.458 70.5815 59.0476 52.0525 46.474 353.876 307.727 46.149 282.775 221.42 61.3541 200.27 92.4273 209.52 75.9467 133.573 24.3098 21.1396 17.0873 11.0507 60.7697 55.2726 43.0114 38.1479 17.3687 11.8376 205.589 32.0585 20.6977 47.8172 25.8932 18.4952 24.9524 42.3062 38.2304 49.3974 25.5308 201.867 46.1924 41.0572 11.5339 17.0292 11.6234 107.843 89.8436 80.9897 66.8092 14.1805 47.9577 17.9993 15.0102 18.8514 9.28018 40.7319 34.6758 18.8581 14.1175 36.472 18.4694 40.8303 38.1705 11.1754 33.3132 31.5575 39.2077
internal_count=14976 11376 3600 3246 3084 8127 3249 5297 2830 383 291 2958 162 2701 2518 2160 1527 225 999 144 125 2779 2389 1086 1303 238 2720 453 382 333 295 2267 1917 350 1758 1401 357 2605 1168 1317 507 810 358 157 156 134 749 682 536 485 222 150 2642 390 196 649 162 111 159 974 262 803 437 2620 773 683 71 222 152 1437 1162 1052 921 131 623 275 223 298 79 252 263 134 94 220 274 539 504 76 425 393 626
is_linear=0
shrinkage=0.0431318


Tree=9
num_leaves=92
num_cat=0
split_feature=32 10 10 34 30 10 3 27 15 10 34 24 4 21 30 22 26 12 29 19 17 31 15 12 28 23 1 24 3 28 10 1 29 4 30 27 3 17 16 3 14 27 1 23 19 14 27 17 31 32 29 14 28 31 12 34 19 32 5 31 1 4 32 26 10 10 2 26 14 32 26 13 21 13 23 2 13 17 16 30 28 1 17 32 34 2 23 5 1 8 32
split_gain=172.178 38.3548 17.4835 12.122 9.71919 8.06105 10.403 7.72494 7.52774 6.29707 5.65706 5.5853 5.23121 5.90141 5.21971 6.48469 12.6877 5.82508 5.04454 4.84239 9.14532 4.79091 4.66396 4.13161 4.08956 4.05073 4.2875 4.01995 5.70317 6.6232 5.47364 4.68416 5.06679 3.90194 3.85581 3.82728 3.77799 5.43175 6.769 4.25396 4.52052 4.66178 3.67792 5.34342 3.61112 3.52591 3.5224 3.49856 3.47778 3.57904 3.43372 3.36571 3.32503 3.31693 3.30223 4.11461 3.17442 3.09605 3.08508 2.82989 2.81911 2.78701 2.75624 2.73571 5.13762 2.61625 2.90896 2.56824 2.52977 2.42962 2.35107 2.25684 2.31429 2.19973 2.58428 2.78374 2.1912 5.28127 2.55327 1.92644 2.48586 1.90725 1.89333 2.66557 1.8925 1.84958 3.47664 1.733 2.11411 1.71377 1.68109
threshold=74.942459761985319 0.011895596536094321 0.0026964396602092333 2.3936160472561943 -347.08223084780235 0.0051990004119700011 -0.03031780359707725 0.12543407655195662 232968.50000000003 0.0098936709649993636 -0.62690343143317506 11.221383608242066 1.5000000000000002 4.5000000000000009 -841.84113117050867 3683.0000000000005 -0.0030341156203711468 5.2500000000000009 -0.084956420789823586 0.0054695270890408069 -0.011593917425604615 -69.449395227816851 196832.50000000003 3.2500000000000004 0.0047850090261977183 -2.856171983528307 -0.034998040240397148 3.7399038971308491 -0.041589379409630527 0.021942757422211526 0.0029683474915751721 -0.031761713678113639 0.032060019493884644 18.500000000000004 -479.32808369320816 0.11313077126346739 -0.039807557163493483 -0.012665369442100225 308.60115688581135 0.068003749618602241 0.011946817236366191 0.16414270224776006 -0.23011226992483089 -5.4533163846318145 0.0051511768394693911 -0.017399375650520698 0.34693443407026497 -0.024291965710757032 -263.2761504428417 49.994183961740823 -0.43992929280380866 0.0077013176987404961 0.037830870795963596 -67.254108602056789 4.2500000000000009 2.7278486071834527 0.0053609134121028112 71.189261322864127 0.24999999999999986 -8.1218123774590119 -0.097461367204524071 20.500000000000004 60.483746781566545 -0.0016042133661329781 0.0063365752940015277 0.0071343336332133763 -0.50999999999999968 0.017788628411907318 0.051552197045397839 17.773613448534377 -0.0076090068389822454 0.0017643351951979163 -0.079999999999999169 0.014533793355467286 -2.582742037497225 5.3400000000000007 0.0077291373051529442 0.0045302121870941523 470.03405979537632 -1491.4376818215476 0.018582122110985758 -0.066911182788547893 -0.11889145197977406 54.068330113777805 -1.2623520509819184 -0.67499999999999971 -4.9504822441257721 0.32500000000000023 -0.12155772511119249 0.0033641314148655215 52.121682881290447
decision_type=8 8 10 2 10 10 2 2 2 10 2 10 2 2 10 10 2 2 2 2 10 8 2 2 2 10 2 10 2 2 10 2 2 2 8 2 2 10 10 2 10 2 2 10 2 10 2 10 8 10 2 8 2 8 2 2 2 10 10 10 2 2 10 2 10 10 2 2 8 10 2 10 2 10 8 2 10 10 10 10 2 2 10 10 2 2 10 8 2 10 10
left_child=2 5 4 73 22 25 19 -5 10 11 60 12 63 27 15 17 18 46 70 20 87 -10 45 24 -22 71 -27 28 31 30 -30 32 -14 62 53 -32 37 38 56 40 41 48 -34 -44 -13 -1 52 -21 49 -38 -47 -31 61 -33 -37 57 90 59 -15 69 -6 -8 68 -4 81 -49 -67 76 -24 -56 -17 -2 -73 74 -3 -76 77 85 82 -28 -81 -65 -78 -84 -16 -29 -87 -7 -89 -12 -11
right_child=1 3 9 7 8 6 14 -9 21 36 89 44 13 58 84 16 -18 -19 -20 47 23 -23 33 -25 -26 26 79 67 29 51 35 34 42 -35 -36 54 39 -39 -40 -41 -42 -43 43 -45 -46 50 -48 65 -50 -51 -52 -53 -54 -55 55 -57 -58 -59 -60 -61 -62 -63 -64 64 -66 66 -68 -69 -70 -71 -72 72 -74 -75 75 -77 78 -79 -80 80 -82 -83 83 -85 -86 86 -88 88 -90 -91 -92
leaf_value=-0.01325768062233516 0.0012143213418495523 0 0.0076517111474103455 0.020421698581184262 0 0 -0.040892724932535901 -0.042110098945346439 -0.041198792187239021 0 0.010131096697744231 -0.034455232894649822 0 0 -0.025462732726860685 -0.013332785162908971 -0.039655606601430735 0 0.036825027908134841 0 0 0 0.035014600944302615 0 -0.045392201748657546 0 0 0.011274981638971155 -0.0037547466029599985 0.0023617594326116932 -0.0010189624281528645 -0.038300362424658195 0 0 0 0 0 -0.0056046376954346257 0 0.0021568510467309047 0 0 0 0.044343782875466489 0 0.036500832211366289 0 0 0 -0.051814898044239992 0 -0.028244246399005465 0 0 0 0 0 0 -0.037410056131584747 0 0.043313068907721478 0 0.0012397215221526196 0 0.004674931900827249 0 0.043781526162099252 0 0 0.030904949992026209 0.019074598074839331 -0.022663020734353258 0 0 -0.041530284329764133 0 0 0.02665372703060389 0 0.047543268259885897 0 -0.038299749030952811 0.044257500537321831 0.0028712307210332125 0.0015159232063511518 0.0053099140849458895 -0.025067095620591714 0.045091798372595512 0 -0.019396745061173441 0.056866805885821117
leaf_weight=6.6982423737645176 11.315918482840059 8.6442828373983485 14.370562797412274 11.13886831328273 4.6549609918147317 22.038253055419776 67.464602563064545 5.4549792874604455 6.9785729786381125 1.768976503983146 9.75518208183348 7.7609673757106048 44.018684353679419 2.1724857352673999 5.3271842598915127 14.828819279558958 15.673939872533081 3.3906320417299858 7.76738581247628 5.1682826615870026 2.8525786660611692 17.841987176798288 136.19678751006722 9.4869701890274865 17.13066712860018 18.433354374021292 8.1087769819423574 18.503766240552068 10.227296335622666 4.0898110633715969 3.3153954278677693 13.413644719868897 2.1950872037559774 11.997019831091164 3.9602930936962393 16.614463632926345 1.9094265252351785 17.450747977010906 9.0273152729496342 21.449192727915943 15.076338923536239 5.3405376654118291 4.3778157196939036 14.49766341783106 4.4064934467896819 9.5123734623193776 1.769722276367246 3.5203015338629511 2.3143754969351056 15.830610743723808 14.501072747632858 9.1058536330237967 2.3989661843515924 2.2032002136111251 2.6104495851322858 2.8405648032203308 4.7212347108870736 5.3081733956933013 5.8073324812576175 4.6734754955396189 14.806337449699642 1.6079929387196887 13.634474402293561 3.5239938069134942 5.6860201060771933 3.3225444257259413 11.383910562843077 6.0804389901459208 3.7611202709376803 93.632444185204804 4.7405175818130365 20.51539901830256 10.415976336225869 1.8477960992604483 159.32912957109511 3.7958573810756198 1.873500233516096 30.612723932601511 4.5705906692892304 9.5627487739548069 1.7450013794004906 11.79417779389769 33.042773756198585 11.066253823228179 22.286023118533194 5.3259755074977884 11.756587932817638 3.9338964698836207 2.7714401651173821 5.7821985827758899 10.401012466289101
leaf_count=42 166 155 157 40 37 461 1354 66 46 18 48 65 456 21 96 237 299 41 100 106 94 126 718 179 315 267 110 173 92 41 40 123 25 84 28 220 26 228 134 335 249 108 38 145 36 63 35 56 39 231 91 130 45 25 34 29 90 78 65 58 92 49 122 38 71 50 105 69 18 1027 75 283 217 44 1889 20 27 225 36 130 15 104 303 165 384 55 128 52 82 55 126
internal_value=-4.34163e-06 -0.0198709 0.0125932 -0.0353868 0.0221034 -0.00989388 -0.0140575 0 0.0041328 0.00766399 0.0185515 0.0100853 0.0111484 0.0127434 -0.0209408 -0.0249169 -0.00725262 -0.0331217 0.00657039 -3.45844e-05 -0.0082138 -0.0109391 0.0269131 -0.0260742 -0.0372346 0.000373293 0.0120341 0.0137756 0.00942643 0.0144156 0.0175638 0 0.00600258 0.030089 -0.0180245 0.0202668 -0.000649279 0.00763727 0.0215851 -0.0085627 -0.0174676 -0.028582 0.0236234 0.0313833 -0.0143888 0.00552904 -0.0359962 0.0147275 -0.0382904 -0.0449598 0.0162117 -0.00889001 -0.0376757 -0.0294238 0.0218676 0.0246442 0.0381972 0.0263746 -0.0173945 0.0280938 0.0340396 -0.0394748 0.0319892 -0.00174679 -0.0143904 0.025198 0.0334229 0.0211034 0.0340508 0.0297029 0 -0.00698444 -0.0142023 -0.0387526 -0.039265 -0.0406558 0.0225712 0.0134276 0.0319499 0.026314 0.0387837 -0.0299779 0.0350065 0.0368414 0 0 -0.00796595 0.00556383 0.0247271 0 0.0500822
internal_weight=1276.02 499.173 776.849 190.211 256.12 308.962 228.865 16.5938 59.8192 520.729 34.9987 415.439 403.272 367.897 147.256 119.643 43.0107 76.6319 27.3367 81.6088 58.2138 24.8206 196.301 29.4702 19.9832 80.0972 37.8499 359.917 237.084 152.418 139.222 84.6664 65.0893 165.589 19.5771 128.995 105.29 43.3693 25.9185 61.9205 40.4713 25.395 21.0706 18.8755 12.1675 30.7117 73.2413 23.395 20.0544 17.74 24.0134 13.1957 71.4716 15.6168 125.68 109.065 16.8912 106.225 7.97982 100.916 19.4613 69.0726 153.592 35.3748 21.0042 18.2268 14.7065 122.833 139.958 96.2429 19.5693 42.2473 30.9314 173.617 171.769 163.125 116.752 66.1991 50.5531 19.4165 11.3078 15.3182 45.9825 44.109 27.6132 35.5863 17.0826 28.7436 6.70534 15.5374 12.17
internal_count=15070 7617 7453 2214 1542 5403 4215 106 404 5911 232 4327 4226 3856 2715 2235 711 1524 412 1500 1183 172 1138 588 409 1188 522 3770 2589 1749 1578 840 664 942 176 1486 1584 596 368 988 653 404 208 183 101 196 1483 317 296 257 154 171 1448 148 1446 1226 234 1197 86 1119 129 1403 858 370 213 211 155 1181 736 1061 312 666 500 2108 2064 1909 1112 581 531 255 145 142 495 468 480 356 183 595 134 103 144
is_linear=0
shrinkage=0.0431318


end of trees

feature_importances:
morning_vix_change=45
vega=45
rom_roll_std_30d=44
iv_at_strike_minus_atmf=42
theta=40
VIX_21d_pct_change=34
VIX_VIX9D_spread=32
VVIX_5d_pct_change=32
vix_z_60d=32
iv_at_strike_minus_atmf_wd_rank=31
VIX_5d_pct_change=29
entry_bid_ask_spread_pct=29
morning_spx_range_pct=29
spx_1d_returns=28
gamma_x_morning_spx_rv_annualized=27
vix_pcr_21d_avg=27
morning_spx_rv_annualized=25
gamma=24
rom_roll_skew_30d=24
spx_10d_returns=24
iv_term_slope_5d_30d=23
morning_atmf_iv_pct_change=23
leverage=22
entry_bid_ask_spread=21
theta_x_atmf_iv_5dte_percentile_252d=21
morning_spx_directionality=20
days_until_next_pce=18
spx_5d_returns=18
spx_realized_skew_21d=17
iv_at_strike_minus_atmf_x_VIX_VIX9D_spread=16
spx_252d_rv=16
gamma_x_dte=14
jobless_claims=14
entry_bid_ask_spread_pct_wd_rank=8
prior_day_strategy_drawdown_max_5d=8
win_rate_30d=2

parameters:
[boosting: gbdt]
[objective: lambdarank]
[metric: ndcg]
[tree_learner: serial]
[device_type: cpu]
[data_sample_strategy: bagging]
[data: ]
[valid: ]
[num_iterations: 2000]
[learning_rate: 0.0431318]
[num_leaves: 92]
[num_threads: 4]
[seed: 20260830]
[deterministic: 1]
[force_col_wise: 0]
[force_row_wise: 0]
[histogram_pool_size: -1]
[max_depth: -1]
[min_data_in_leaf: 22]
[min_sum_hessian_in_leaf: 0.001]
[bagging_fraction: 0.94835]
[pos_bagging_fraction: 1]
[neg_bagging_fraction: 1]
[bagging_freq: 3]
[bagging_seed: 3520]
[bagging_by_query: 0]
[feature_fraction: 0.804991]
[feature_fraction_bynode: 1]
[feature_fraction_seed: 25582]
[extra_trees: 0]
[extra_seed: 14767]
[early_stopping_round: 0]
[early_stopping_min_delta: 0]
[first_metric_only: 0]
[max_delta_step: 0]
[lambda_l1: 3.02856]
[lambda_l2: 0.0240233]
[linear_lambda: 0]
[min_gain_to_split: 0]
[drop_rate: 0.1]
[max_drop: 50]
[skip_drop: 0.5]
[xgboost_dart_mode: 0]
[uniform_drop: 0]
[drop_seed: 20645]
[top_rate: 0.2]
[other_rate: 0.1]
[min_data_per_group: 100]
[max_cat_threshold: 32]
[cat_l2: 10]
[cat_smooth: 10]
[max_cat_to_onehot: 4]
[top_k: 20]
[monotone_constraints: ]
[monotone_constraints_method: basic]
[monotone_penalty: 0]
[feature_contri: ]
[forcedsplits_filename: ]
[refit_decay_rate: 0.9]
[cegb_tradeoff: 1]
[cegb_penalty_split: 0]
[cegb_penalty_feature_lazy: ]
[cegb_penalty_feature_coupled: ]
[path_smooth: 0]
[interaction_constraints: ]
[verbosity: -1]
[saved_feature_importance_type: 0]
[use_quantized_grad: 0]
[num_grad_quant_bins: 4]
[quant_train_renew_leaf: 0]
[stochastic_rounding: 1]
[linear_tree: 0]
[max_bin: 255]
[max_bin_by_feature: ]
[min_data_in_bin: 3]
[bin_construct_sample_cnt: 200000]
[data_random_seed: 4792]
[is_enable_sparse: 1]
[enable_bundle: 1]
[use_missing: 1]
[zero_as_missing: 0]
[feature_pre_filter: 1]
[pre_partition: 0]
[two_round: 0]
[header: 0]
[label_column: ]
[weight_column: ]
[group_column: ]
[ignore_column: ]
[categorical_feature: ]
[forcedbins_filename: ]
[precise_float_parser: 0]
[parser_config_file: ]
[objective_seed: 28250]
[num_class: 1]
[is_unbalance: 0]
[scale_pos_weight: 1]
[sigmoid: 1]
[boost_from_average: 1]
[reg_sqrt: 0]
[alpha: 0.9]
[fair_c: 1]
[poisson_max_delta_step: 0.7]
[tweedie_variance_power: 1.5]
[lambdarank_truncation_level: 5]
[lambdarank_norm: 1]
[label_gain: 0,1,3,7,15]
[lambdarank_position_bias_regularization: 0]
[eval_at: 1,3]
[multi_error_top_k: 1]
[auc_mu_weights: ]
[num_machines: 1]
[local_listen_port: 12400]
[time_out: 120]
[machine_list_filename: ]
[machines: ]
[gpu_platform_id: -1]
[gpu_device_id: -1]
[gpu_device_id_list: ]
[gpu_use_dp: 0]
[num_gpu: 1]

end of parameters

pandas_categorical:[]
