tree
version=v4
num_class=1
num_tree_per_iteration=1
label_index=0
max_feature_idx=9
objective=lambdarank
feature_names=theta vega entry_bid_ask_spread_pct iv_to_spot_change_ratio_1dte_close rom_roll_std_30d theta_x_atmf_iv_5dte_percentile_252d entry_bid_ask_spread leverage vega_x_VIX_5d_pct_change spx_10d_returns
feature_infos=[-7697.42948726533:-96.192032199531141] [10.153572579096968:166.46298008069991] [0.0067796610169492486:1.9560439560439562] [-414863.02644383919:121344.18546477477] [7.1417041269969607e-17:19.770253581632318] [-7575.2480668325461:0] [0.049999999999999822:29.899999999999999] [12.51586456957032:1073.1554712918908] [-58.122415431031989:156.45242140692821] [-0.23386323847009061:0.19052471618843292]
tree_sizes=5790 5776 5789 5824 5778 5781 5786 5770 5792 5819 5784 5785 5782 5788 5799

Tree=0
num_leaves=53
num_cat=0
split_feature=0 7 6 0 7 6 3 6 9 7 7 0 5 3 3 3 3 9 0 5 0 9 0 0 5 7 9 9 5 7 3 3 9 9 9 0 7 5 3 6 9 9 5 3 6 9 7 6 9 3 0 6
split_gain=193.922 47.9736 21.8836 12.0697 9.26845 6.59767 6.31534 6.17111 4.51781 3.54055 3.45936 2.70085 3.5109 2.64707 3.13349 2.59764 2.69319 2.61448 2.90347 3.76692 3.00352 2.60256 2.25208 2.23637 4.68442 2.84937 2.23398 3.88659 2.16783 2.15381 2.07225 2.02665 1.93829 3.52037 2.79514 3.19308 1.71483 1.70441 2.54927 1.86546 1.69149 1.66708 1.664 1.64299 1.71964 1.63198 1.63161 1.56709 1.50208 1.47604 2.12425 1.66729
threshold=-931.35550609994755 295.72998424033318 0.2999999999999981 -255.78932742456712 124.92223065547458 0.15000000000000027 33.672489780420712 0.14999999999999999 -0.031522417080156455 462.03145432653997 54.38363254775718 -592.69265860540054 -169.96815640993165 26.246442724929455 19.704102603821671 620.28883468991046 289.32833233931939 -0.0072664337312649532 -692.36876144753739 -139.7192886522283 -562.60879682830011 0.018987360091368925 -1085.4874984076255 -1333.14699763252 -458.34699320118136 102.86179719884016 0.00078147291469710123 0.036576562552525289 -137.54022232935839 331.2819916426202 -61.223253122760532 -164.41363595867213 -0.0090462730691348563 -0.045672155619061509 0.0060536502941382917 -1546.1861879913079 115.39109293050947 -510.76964908316182 48.122303363960086 0.29999999999999943 0.021835968886244509 -0.0075300684973668699 -419.01678447419653 17.89685272391857 0.4000000000000003 0.026273556372215515 122.9711993209814 0.69999999999999762 -0.019077813319709921 -75.754458162091723 -597.99787112654201 0.4000000000000003
decision_type=10 8 10 10 10 10 10 10 2 10 10 10 8 8 10 10 8 2 10 10 8 2 10 10 10 10 2 2 10 10 8 10 2 2 2 8 10 10 8 10 2 2 8 10 8 2 10 10 2 8 10 10
left_child=1 5 3 7 -4 8 10 15 -1 -5 -7 12 -9 14 23 16 17 30 28 20 -20 -22 42 32 25 -25 41 -28 -19 -21 -2 -27 33 36 -34 -36 -12 38 -8 -40 -14 -3 -10 49 -45 -33 -41 -35 -32 50 51 -6
right_child=2 26 4 9 43 6 37 11 22 -11 13 -13 40 -15 -16 -17 -18 18 19 29 21 -23 -24 24 -26 31 27 -29 -30 -31 48 45 34 47 35 -37 -38 -39 39 46 -42 -43 -44 44 -46 -47 -48 -49 -50 -51 -52 -53
leaf_value=0.046326724426812453 0.02362865555333659 -0.039313566656767718 0.02970184804475387 0.010914326798825572 -0.0095985754589186095 0.016911815414729216 -0.040871431489177122 0.015998444425933907 0.0026299863577533217 -0.013110045839258873 -0.017105670429624079 0.022041931073705761 -0.021840522160211543 0.016119008499246457 -0.042303094532163528 0.0085320358208292365 0.047745722450673468 0.02284971461340474 0.037400416968912525 0.045361121931786319 0.0022895860082853907 0.023898090064601495 0.018475984134923192 -0.014707225442723921 -0.020672521398846851 -0.0066325206454588715 -0.049609585966356749 -0.029194483847349149 -0.0038891662752831451 0.029417652188724015 0.034612559715907272 0.030462717280774331 0.010276907565997433 -0.03666519925230019 -0.025097266950663152 0.0080610551655911217 0.01704118921896805 -0.038440329115312442 0.0051549717574507171 -0.0025157710952200141 0.010045700912610245 -0.022388392697291717 -0.030773599334971414 -0.028795252824335399 -0.0048324778419452808 -0.00062942067307506303 -0.030742810379748534 -0.0092142518419584263 0.052713187439181859 0.0054973749047403696 0.0092536286944619895 -0.0417368519573234
leaf_weight=2.4598696213215581 7.1881846729665995 18.701967529021207 5.6879798583686343 14.093083817511799 3.3808293888578174 4.3518880436895406 4.2576216221787044 15.853592131286858 3.1075196568854153 8.8887631148099882 2.9669099911116037 32.016320795053616 4.047323560575026 3.1416745386086395 2.8748815059661856 5.3618627469986668 7.0511119151487938 6.3882214045152068 6.5503085684031248 11.580282002687452 9.1102527109906131 10.944014048669485 3.7836777139455071 3.9260695213452008 8.6257259047124588 2.8345071091316631 40.411537692882121 10.547319442033766 4.6348395026288909 22.29513437859714 9.1382346302270943 5.9565004128962746 5.1369290747679761 9.5654849158599955 9.1501633767038566 3.5799470827914766 2.3295436901971698 7.5545496684499076 3.2780351396650085 2.7534268749877793 2.3141172588802874 7.3011769857257596 2.2919074990786603 7.7266485239379081 4.1089771955739716 1.9836117727681992 5.5026295688003302 2.3296196958981463 7.6493010492995372 6.1916811293922391 2.5080105504021049 2.5311017180792987
leaf_count=53 79 273 134 146 109 108 103 374 97 66 127 601 136 109 75 101 121 148 108 129 128 142 122 124 323 61 667 133 161 358 101 239 192 319 289 134 95 217 89 89 87 94 85 249 131 69 146 85 71 197 82 69
internal_value=-0.00108094 -0.023904 0.0179026 0.021846 -0.00480378 -0.0106671 -0.0133419 0.0247128 0.0104668 0.00161011 -0.00878536 0.0164939 0.00848387 -0.0105268 -0.0118985 0.0288408 0.0298999 0.0285776 0.0257054 0.0282738 0.0198488 0.0140972 0.000818235 -0.0103944 -0.00322473 0.00699705 -0.0417422 -0.0453916 0.0115848 0.0348798 0.0371272 0.0149327 -0.0151564 -0.0223126 -0.00825277 -0.0157518 -0.00203492 -0.0267461 -0.0211276 -0.0138064 -0.0101999 -0.0345752 -0.0115097 -0.0122379 -0.0205025 0.0226645 -0.0213664 -0.0313157 0.0428852 -0.00552182 -0.0136557 -0.0234195
internal_weight=397.945 180.705 217.24 185.105 32.1352 103.743 92.0997 162.123 11.643 22.9818 68.7535 54.2314 22.215 64.4016 61.2599 107.892 102.53 95.4788 71.5031 60.48 26.6046 20.0543 9.1831 58.385 23.3264 14.7007 76.962 50.9589 11.0231 33.8754 23.9757 10.7746 35.0586 17.1916 17.867 12.7301 5.29645 23.3463 15.7917 11.5341 6.36144 26.0031 5.39943 26.4472 11.8356 7.94011 8.25606 11.8951 16.7875 14.6116 8.41994 5.91193
internal_count=8545 4517 4028 3057 971 3350 2993 2845 357 212 2349 1198 597 2241 2132 1647 1546 1425 1174 865 378 270 304 2057 816 493 1167 800 309 487 251 369 1241 626 615 423 222 644 427 324 223 367 182 837 380 308 235 404 172 457 260 178
is_linear=0
shrinkage=0.029818


Tree=1
num_leaves=53
num_cat=0
split_feature=1 5 1 0 2 5 0 0 4 0 5 4 4 5 1 4 2 4 0 5 2 2 0 5 5 5 0 5 1 0 5 1 1 2 5 0 5 6 6 1 4 0 2 1 4 4 6 1 0 0 4 2
split_gain=754.275 109.097 76.3331 62.6019 24.7421 16.6603 16.5139 15.73 15.0139 14.3731 14.9045 13.434 12.2691 15.7185 12.1875 10.8884 9.57202 9.47913 9.33974 9.04386 8.46941 13.6172 7.94459 7.37816 12.0411 8.76891 7.36018 7.24654 6.20853 6.16291 5.64608 5.3901 5.35432 5.28283 5.02719 4.95685 6.96694 11.0091 5.36563 6.75665 5.93811 5.24421 5.07891 4.95498 4.78989 8.46858 5.6798 8.83626 6.54001 6.32397 5.32106 6.82367
threshold=93.79913340040288 -16.31652221798284 53.131574650953162 -255.78932742456712 0.18907646474677267 -213.73415676444134 -572.31365374199322 -425.72581530371775 2.3471020450079019 -1546.1861879913079 -387.28925214991142 2.9515685833095571 2.290384717272588 -1275.2030148825129 71.63300653959918 3.1831923367232431 0.030769230769230754 5.4720128451671675e-16 -420.50719839505427 -3.4161449820820118 0.086956521739130377 0.074074074074074028 -468.99608481276647 -327.09125495870313 -259.73820279140642 -44.768161810194023 -460.35685253028151 -137.54022232935839 74.644534122186883 -192.75315900345257 -27.456790107748358 105.41166897848447 115.41691719978981 0.023054946515181741 -722.97945064582393 -1851.7944245514034 -818.84153312659453 0.24999999999999986 0.34999999999999981 79.978636970332389 2.7711682101974295 -1321.7913000743051 0.045828452953134959 28.994993411524778 6.9071337478029937 8.9736634735535592 0.15000000000000027 35.676158185619556 -1101.1333777919272 -922.12223559346751 4.2675739069514149 0.072859986728599918
decision_type=8 8 10 10 10 10 10 10 10 10 10 10 10 10 10 10 10 10 10 10 10 10 10 8 10 10 10 10 10 10 10 10 10 10 10 10 10 10 10 10 10 10 10 10 10 10 10 10 10 10 10 10
left_child=2 9 3 4 5 6 44 12 17 11 16 33 13 14 -4 22 32 -6 -10 20 21 -15 -8 -12 -25 31 -7 -28 -22 -5 43 -26 -11 -2 -18 42 37 -37 39 -38 -41 -39 -14 -29 46 -46 50 -48 -49 -50 51 -1
right_child=1 -3 7 29 8 26 15 -9 18 10 23 -13 35 19 -16 -17 34 -19 -20 -21 28 -23 -24 24 25 -27 27 30 -30 -31 -32 -33 -34 -35 -36 36 38 41 -40 40 -42 -43 -44 -45 45 -47 47 48 49 -51 -52 -53
leaf_value=0.015480368574636565 -0.01766976134273943 -0.039792259268829046 0.0037706833265373561 -0.0078300485655644052 0.0094842958767676223 0.039018823763046419 0.0064219202680721784 0.027325332069829462 0.0088316181668317301 -0.020820370631220126 -0.03902167512692669 0.0019494862874632217 0.027672738159582631 0.00037803557906272489 -0.030106245860189826 -0.0037294296509211905 0.0031567233814288253 -0.014377544734107435 0.033267987475660163 0.028024213667743346 0.015977349869979677 -0.025463750962518551 0.02994157240986637 0.015036683762746424 -0.011966083083399645 0.0052172870551585133 0.01537077761078022 0.02623586474721604 -0.00793340070245163 -0.032219363160723366 0.02025975574218419 -0.031113856432630812 0.0059021967578759974 -0.039058348443749641 0.028465913631983881 0.016989680852058563 0.010129953806948722 -0.0015352827027593412 0.020170981480841156 0.010663741935081678 -0.019128464622011225 -0.022098873236220305 0.0051358126570150023 0.040765096165626853 0.0013794086959306314 0.027255586421620293 0.041274525787294354 0.026946078128963387 -0.0069959386045787058 0.018818040165520102 0.046966830202338578 0.038110370614819859
leaf_weight=20.86460692435503 15.385228779166935 343.62091360334307 14.462274774909018 25.546647417359054 33.943771850317717 67.497788120061159 26.453783921897411 25.10696717351675 29.048412390984595 13.58435044437647 9.841259263455866 13.292466843500732 20.599892064929008 118.55941011663526 27.122276613488793 35.258186066523194 12.624195370823147 26.23968359734863 26.749081614427269 11.048233548179267 41.082924339920282 21.395566124469042 24.750038009136915 12.626793969422577 24.642103880643845 12.947488736361263 35.559650536626577 35.838122382760048 12.602154619991778 14.442732140421866 33.266938898712397 27.997846212238073 13.063390180468557 31.259912058711052 15.672853633761404 18.720347774215043 96.812902104109526 26.247219126671553 32.770312456414104 9.8496225979179162 14.980073740705846 19.050421804189682 15.701503708958624 50.578544978052378 19.636804174631834 26.383452091366053 16.862799359485507 31.397132478654385 14.352270867675541 20.429386964067817 19.189429439604282 27.589932981878519
leaf_count=98 94 1133 97 142 96 285 89 157 113 80 60 92 154 894 164 116 80 86 67 66 282 165 84 92 216 106 132 73 94 63 93 193 70 173 106 107 615 164 188 78 127 143 117 147 79 101 70 152 67 122 69 94
internal_value=-0.000564757 -0.0295541 0.0127722 0.019511 0.0218366 0.0246847 0.0198824 0.00429379 0.00941074 -0.0122169 -0.00707639 -0.0244755 0.00313889 -0.00160587 -0.0183187 0.00901583 0.00510644 -0.000915115 0.0205524 0.00178846 0.000289709 -0.00357113 0.0177969 -0.0146812 -0.0116135 -0.0167488 0.0307881 0.027207 0.0103593 -0.0166473 0.0307209 -0.0221567 -0.00771115 -0.0320112 0.0171859 0.00772709 0.00602937 -0.00223768 0.00945852 0.00656992 -0.00729963 -0.0101905 0.0179336 0.034744 0.0246572 0.016221 0.0272314 0.0219954 0.017077 0.00815883 0.0336539 0.0283732
internal_weight=1734.55 546.559 1187.99 661.879 621.89 505.909 283.168 526.112 115.981 202.938 143 59.9376 501.005 246.273 41.5846 86.462 54.9448 60.1835 55.7975 204.688 193.64 139.955 51.2038 88.0555 78.2142 65.5874 222.741 155.243 53.6851 39.9894 119.684 52.64 26.6477 46.6451 28.297 254.732 218.431 64.018 154.413 121.643 24.8297 45.2976 36.3014 86.4167 196.706 46.0203 150.686 83.0416 66.1788 34.7817 67.644 48.4545
internal_count=8545 2495 6050 2438 2233 1871 1141 3612 362 1362 1003 359 3455 1762 261 289 336 182 180 1501 1435 1059 173 667 607 515 730 445 376 205 313 409 150 267 186 1693 1422 414 1008 820 205 307 271 220 852 180 672 411 341 189 261 192
is_linear=0
shrinkage=0.029818


Tree=2
num_leaves=53
num_cat=0
split_feature=0 1 1 2 5 5 3 0 0 0 3 0 3 3 3 7 0 3 7 3 3 7 0 5 2 7 7 2 3 5 5 2 3 7 7 2 1 7 3 7 2 1 1 2 3 7 0 1 2 2 1 5
split_gain=541.971 171.789 31.7136 22.3881 17.2198 16.122 14.707 14.1321 12.238 12.024 9.34441 9.22364 8.26862 7.9382 11.8988 12.3156 9.55877 8.72194 8.10604 10.2146 19.0668 7.55647 7.40211 7.28047 7.18475 8.00872 8.25794 7.03033 10.6892 8.85033 8.78403 7.4734 7.18884 6.6776 6.38699 6.08978 6.0233 5.85069 5.93753 5.78557 5.10055 4.90666 7.08465 6.14706 4.76965 5.38473 8.21192 4.61359 4.07434 6.57913 3.92299 3.69696
threshold=-217.8833632646315 52.796219711659184 86.679690381921077 0.19292803970223324 -203.3937316934167 -259.73820279140642 18.757024237956831 -1405.2062387050457 -719.91005149217278 -429.63258050032255 57.847181828118813 -557.83990082980176 -129.71483016141261 32.532099160595997 87.156042494422792 286.84462766282951 -344.40610156238728 168.55048909792265 221.99472864499344 -97.456137181261838 -8.1558276993486789 239.80487047312195 -1004.9755508535569 -351.61479280645318 0.10000000000000006 316.93513491038595 384.95148481292034 0.089674078586658587 -9.1151862681113869 -830.34760939579849 -470.93540715958733 0.074074074074074028 -24.399003188559266 186.13111226650582 407.8278342088019 0.10000000000000006 112.66668064381051 341.89064756088391 -12.34760817537614 161.50297862602687 0.025316455696202576 17.321605388308175 23.536527239619868 0.21095421480530599 -36.409183924629119 135.85620283700845 -1806.6191643118634 75.016418461220937 0.03181834616914344 0.041728855721393142 71.200383446797346 -107.62611918249793
decision_type=8 10 10 10 10 10 10 10 10 10 10 10 8 8 8 10 10 10 10 10 10 10 10 10 10 10 10 10 10 10 10 10 10 10 8 10 10 10 8 10 10 10 10 10 10 10 10 10 10 10 10 10
left_child=1 3 4 13 10 7 24 12 21 34 27 -10 -4 16 -15 17 18 -16 19 -1 -21 40 -22 33 25 -6 -27 28 31 -29 -31 32 -3 -12 47 37 48 38 -20 -30 -7 -5 -43 -44 -14 -46 -47 -8 -9 -50 -34 -42
right_child=-2 2 5 41 6 8 9 36 11 -11 23 -13 44 14 15 -17 -18 -19 35 20 22 -23 -24 -25 -26 26 -28 29 39 30 -32 -33 50 -35 -36 -37 -38 -39 -40 -41 51 42 43 -45 45 46 -48 -49 49 -51 -52 -53
leaf_value=0.0035513962206966125 -0.040006873082229243 0.0016765477504951617 0.0086158285237730031 0.019307162248994987 0.03950666707535401 -0.034056627818418284 0.0068835132943568678 -0.0060978230120864677 0.016364941865502834 0.025148322849982405 -0.0070716591611413504 -0.02170398198690111 -0.034948127699098878 0.04225677569360247 0.00069632218933122613 0.034784156860303499 0.0059875516353007753 0.025510348999450348 0.047944906437681817 0.034195281523694838 0.023361219900502807 -0.036982382742505447 -0.0016495207604853266 0.0040564791747651633 0.0054015308588429393 -0.004381612735516148 0.029648120729023932 -0.0033154424012823251 0.018733523673808483 0.035551314270472055 0.0045170195736870256 -0.026012374825207768 -0.0052159530572575543 -0.030410917546254319 -0.034583647327099565 0.020788877989283243 -0.0086704644571333912 0.022507751912010914 0.025895898480943938 -0.00084314125529120793 -0.022641847210916808 -0.010812342549251454 -0.0048580822562751137 0.01789096491646661 -0.0060085888903378491 -0.040259035804505676 -0.0068714584620202281 -0.020864176940349984 0.026825296143712117 0.0037903371868424152 -0.030700831911135616 0.0011392498124080394
leaf_weight=35.289637345820665 252.89539854135364 62.868378948420286 12.68849979713559 21.858658882323653 24.534015668556094 10.771272283047436 15.127922050654893 12.347002495080231 11.987189564853908 11.515941396355627 24.094494579359889 10.710336280986665 11.664266198873518 43.224248690530658 24.898664530366659 44.626651555299759 35.011388612911105 25.529920037835836 29.642119389027357 53.895739933475852 16.942229457199574 33.479631354101002 27.702825084328651 19.92461583763361 18.210859289392829 10.682986384257676 15.546854641288517 21.911707745864987 28.68683673068881 17.5127885453403 15.141947127878664 15.389968512579797 10.522702619433405 19.961349314078689 7.4555245153605929 62.729230210185051 24.001120839267969 27.644782077521086 17.26953399926424 25.174085376784205 10.32243695296347 22.078388163819909 16.433932416141033 29.462470697239041 32.881163097918034 13.570472871884705 12.704245954751967 8.2149592936038953 18.638600967824459 27.061863400042057 11.031586667522786 13.249701121822001
leaf_count=123 1086 497 88 78 209 73 148 108 107 70 158 110 104 175 93 203 136 105 124 262 100 408 106 131 119 99 112 183 269 89 107 165 87 142 71 279 134 106 66 239 85 91 79 163 251 100 121 84 107 216 85 94
internal_value=-0.000413103 0.00811704 -0.00230799 0.0205982 0.00311709 -0.0104337 0.0129989 -0.00489915 -0.0205526 -0.000834384 -0.00092192 -0.00158748 -0.0135349 0.0233429 0.0292776 0.0233715 0.020661 0.0132648 0.0225548 0.0173265 0.0222567 -0.0268951 0.00783679 -0.010889 0.0214888 0.0272539 0.0157794 0.00213925 -0.00112395 0.0113337 0.0211709 -0.00690236 -0.00341458 -0.0176541 -0.0105601 0.0276489 0.00388723 0.0334159 0.0398362 0.00957912 -0.017051 0.00701705 0.0030602 0.00973971 -0.0175076 -0.0140623 -0.0241288 -0.00287174 0.00908433 0.0131921 -0.0182745 -0.00926508
internal_weight=1426.72 1173.83 639.587 534.24 383.51 256.078 111.289 165.557 90.5206 42.3143 272.22 22.6975 83.5086 444.407 138.279 95.0552 306.127 50.4286 271.116 133.83 98.5408 67.823 44.6451 63.9805 68.9747 50.7639 26.2298 208.24 153.674 54.5664 32.6547 99.8126 84.4227 44.0558 30.7984 137.286 82.0486 74.5564 46.9117 53.8609 34.3434 89.8335 67.9748 45.8964 70.8201 59.1559 26.2747 23.3429 58.0475 45.7005 21.5543 23.5721
internal_count=8545 7459 5170 2289 3064 2106 912 1229 877 373 2152 217 664 1878 576 401 1302 198 1166 591 468 660 206 431 539 420 211 1721 1342 379 196 834 669 300 303 575 565 296 190 508 252 411 333 242 576 472 221 232 431 323 172 179
is_linear=0
shrinkage=0.029818


Tree=3
num_leaves=53
num_cat=0
split_feature=5 6 2 6 2 2 0 0 9 2 3 0 6 3 5 9 6 3 5 3 9 3 2 3 5 3 5 5 2 3 6 9 5 0 3 3 9 2 0 3 5 9 6 9 9 3 6 0 9 6 2 3
split_gain=420.717 70.6851 32.1179 32.9494 27.6716 27.5182 17.6762 12.4026 9.72619 9.52192 12.3997 13.79 12.6075 8.98166 9.88422 8.85593 10.3589 8.61351 8.51812 8.38015 12.5286 7.81711 7.31137 6.68008 6.63961 6.11662 5.95315 5.87818 6.22634 6.21586 5.85069 9.96643 6.00401 11.2897 5.84732 5.39765 5.38094 5.91585 10.1149 5.23637 5.24876 7.16503 7.11185 5.08481 4.94663 4.80142 4.78097 6.12859 4.69821 4.47827 4.45946 4.42279
threshold=-4101.7685665531208 0.20000000000000015 0.089674078586658587 0.90000000000000024 0.027027027027027074 0.13736367410090952 -2053.2101832948024 -276.21746125929593 0.0022565884216447789 0.16646872525732384 10.411091024595995 -1135.8171939860056 0.4000000000000003 -34.979889338401719 -24.518006622043924 -0.050365882041609848 0.49999999999999989 -52.742355049001283 -152.75990831913899 65.619234443489901 0.015044482199546462 -35.469382772163435 0.074074074074074028 -3.4694746721673755 -759.70703565727933 -208.88000978258734 -659.89209479857652 -470.93540715958733 0.026058908411849616 1390.7673141529465 0.074999999999999969 -0.0051631505625181475 -113.49707737679687 -960.19474304202799 65.619234443489901 134.59690907283087 0.026273556372215515 0.054054054054054008 -626.38988098378513 -395.07591616720771 -419.01678447419653 -0.016581731624614179 0.20000000000000065 -0.0014623734513927176 0.012973890124356681 1.2046796084806515 0.20000000000000065 -848.07368506941395 0.0068266628055227993 0.050000000000000162 0.19292803970223324 785.78688878351932
decision_type=10 10 10 10 10 10 10 10 2 10 10 10 10 10 10 2 10 8 10 8 2 8 10 10 10 10 10 10 10 8 10 2 10 10 8 8 2 10 10 10 10 2 10 2 2 10 10 8 2 10 10 8
left_child=51 4 15 9 26 13 -5 19 -8 10 11 -4 25 18 22 23 21 -9 36 20 50 39 30 -3 -18 -13 -2 28 -23 46 -15 -32 33 -33 -35 45 37 -6 -39 -17 41 -41 -42 -11 -21 48 47 -29 -30 -28 -7 -1
right_child=1 2 3 6 5 7 8 17 -10 43 -12 12 -14 14 -16 16 24 -19 -20 44 -22 27 -24 -25 -26 -27 49 29 35 -31 31 32 -34 34 -36 -37 -38 38 -40 40 42 -43 -44 -45 -46 -47 -48 -49 -50 -51 -52 -53
leaf_value=-0.042103045833648232 0.0076130629506892845 -0.0014853162363802962 0.041256212287383263 0.014114724439991601 -0.0105170785305032 0.0026988753858599511 -0.038973454233275882 -0.029620674163256543 -0.0062437461259237546 0.018244105396399049 -0.0022935217377509053 0.0038678063597203651 -0.015677891736702209 0.034665853415421111 0.0082326375744225678 -0.011146649675681703 -0.025925255468517816 0.0027798487829064204 0.022349662814971201 0.032502855221805349 0.019507887622924748 -0.020706085447157813 0.031430863414448 0.034089395951764544 -0.0033505877294413258 0.029674156587547351 0.0062106080451401749 -0.020698879893383138 0.0065901179031350237 0.0099276979099218732 0.030184744865994893 0.02363505489795354 0.02535457228250472 -0.022281553802075429 0.0072910701556863772 -0.017098789288143734 0.023747510455755395 0.025493001409158649 -0.0020574800462976948 -0.0034835176151613001 0.015739721541267578 0.025361865308529106 -0.016953475750701379 0.040954165027273157 0.010760219215860843 0.010337138639417598 -0.025278936490665423 0.0072603258285365751 -0.019615554717882802 -0.020168987745549812 -0.015390093944027695 -0.02465868162680724
leaf_weight=172.60647991299629 16.777212100103498 11.450705144554378 18.839582450687885 15.695577975362538 17.36486130207777 28.689837461337447 18.104725740849972 13.361509059555827 14.608852034434674 16.874553725123405 34.818003797903657 13.086166234686965 11.752671804279087 21.035973574966192 31.318926729261875 17.954986084718257 39.472167726606131 16.032227134332064 70.186833264306188 18.217420138418674 29.864827904850245 15.737842545844613 113.38916842825711 7.9326710775494567 16.43728438206017 21.835953051224354 7.3681858219206324 16.568896491080523 12.000998843461277 7.8963753562420598 32.357488324865699 14.743665481917555 14.860859194770454 13.709474829956894 10.473710451275108 13.594323256984351 15.887133842334149 20.750759735703465 27.572936531156305 11.928889513015745 10.182405080646278 21.294167700223625 14.10012940969318 18.396936261095107 19.121445348486304 37.545449704863131 36.15697018802166 12.010311508551242 12.307020118460057 25.364317717030644 20.948835756629705 14.070539355278013
leaf_count=900 146 112 130 81 120 114 121 84 93 99 264 88 80 101 183 157 336 122 395 67 127 131 493 90 129 141 62 189 140 74 161 126 121 88 84 102 104 103 113 99 138 218 142 131 92 299 377 121 111 298 87 68
internal_value=0.000593179 0.00762944 -0.000665362 0.00922899 0.0145296 0.0164521 -0.011885 0.00536723 -0.0243678 0.0167686 0.0120785 0.0197205 0.0110197 0.0204672 0.0239215 -0.00645409 -0.00773673 -0.0119411 0.0147317 0.00972394 0.00424678 -0.00503499 0.0261478 0.0130633 -0.0192937 0.0200129 -0.00681781 -0.00869321 -0.00364805 -0.0150229 0.0205555 0.0171055 0.00923086 0.00306684 -0.00946337 -8.55407e-05 0.00817338 0.00440158 0.00976843 0.00290318 0.00729502 0.0149974 -0.00323289 0.0300997 0.0213775 0.00365008 -0.0180709 -0.00894027 -0.00666753 -0.0142226 -0.00493028 -0.0407901
internal_weight=1284.66 1097.98 498.585 184.013 599.398 549.888 48.4092 146.236 32.7136 135.604 100.332 65.5144 46.6748 403.652 251.889 314.572 295.188 29.3937 151.763 116.842 79.5035 239.279 220.57 19.3834 55.9095 34.9221 49.5097 163.818 91.1856 72.6326 107.181 86.1452 53.7877 38.9269 24.1832 75.4478 81.5757 65.6886 48.3237 75.4606 57.5056 33.2231 24.2825 35.2715 37.3389 61.8535 64.7362 28.5792 24.308 32.7325 49.6387 186.677
internal_count=8552 7584 4193 1228 3391 2885 295 693 214 933 703 439 309 2192 1357 2965 2763 206 835 487 328 2298 1174 202 465 229 506 1544 783 761 681 580 419 298 172 652 440 336 216 754 597 317 280 230 159 550 687 310 251 360 201 968
is_linear=0
shrinkage=0.029818


Tree=4
num_leaves=53
num_cat=0
split_feature=0 1 1 6 4 3 4 6 3 1 1 1 7 3 3 3 3 1 7 4 1 4 4 1 3 4 0 1 7 7 6 7 6 4 4 4 4 3 0 0 0 4 3 7 0 6 7 6 0 0 0 0
split_gain=334.511 125.839 17.7903 10.8509 9.76521 10.1887 11.7408 10.1767 8.61817 13.4007 8.78589 8.05738 10.952 8.03411 16.001 9.91372 7.32464 7.43554 9.40337 7.20629 6.34034 6.18436 9.86544 6.02854 5.93757 5.92363 5.4877 7.27857 8.88937 9.40521 5.24082 9.76216 4.92452 4.90337 7.57699 4.87034 7.27242 4.81816 4.79972 11.1624 7.11091 6.05445 5.71359 5.65802 4.59421 4.35449 4.0756 5.97195 4.58531 5.0434 4.40142 3.8872
threshold=-217.8833632646315 58.523962718597119 73.753416813388228 0.19999999999999987 0.83332770788837818 -97.456137181261838 2.3841227710710906 0.2999999999999981 -97.456137181261838 51.868107364139462 46.981396618173996 34.219512693115369 195.82818522663092 87.156042494422792 146.31015207788298 33.672489780420712 -1.5501329988021486 115.41691719978981 136.77994323176264 3.3428997982746442 98.480451957643211 2.8149757222114555 1.4427432837675871 56.366981825628372 20.837343560719535 0.69934159692972075 -576.46494551816193 42.999566115761603 404.72670250332817 346.23320372395278 0.2999999999999981 132.09929510778869 0.2999999999999981 1.0717815615350916 2.3471020450079019 3.518358267307736 1.6103435219552467 785.78688878351932 -1096.2227741145973 -1333.14699763252 -750.22391297731463 1.7906171769196439 -192.10531259878178 239.80487047312195 -1658.671847953093 0.14999999999999999 172.99134786253225 0.32500000000000023 -519.87826909303749 -635.22752663133861 -1936.9527795769216 -1453.2654299836329
decision_type=8 10 10 10 10 10 10 10 10 10 10 10 10 10 10 10 10 10 10 10 10 10 10 10 10 10 10 10 10 10 10 10 10 10 10 10 10 8 10 10 10 10 8 10 10 10 10 10 10 10 10 10
left_child=1 8 3 -3 7 38 13 -4 11 10 26 21 -13 15 -15 24 30 18 -18 46 -16 22 -1 35 44 -14 33 28 29 -28 -8 -32 -21 -10 -35 36 -11 -2 39 42 41 -40 -6 -42 -7 -27 50 48 49 -48 -5 -46
right_child=37 2 4 19 5 6 16 -9 9 23 -12 12 25 14 20 -17 17 -19 -20 32 -22 -23 -24 -25 -26 45 27 -29 -30 -31 31 -33 -34 34 -36 -37 -38 -39 40 -41 43 -43 -44 -45 51 -47 47 -49 -50 -51 -52 -53
leaf_value=-0.0077207555777130338 -0.040043274961407992 0.01443786196282155 0.03021215924110357 0.0036014604399943677 -0.018270969638632038 -0.032082451782528311 -0.030854246195172776 -0.012678886634649363 0.034232360165654653 0.010459662039205765 0.033477474449634656 -0.0013085712635632701 0.0040432568042140351 0.026571814626861798 -0.031022633869565615 -0.044515692826207376 0.023833900965191068 -0.02278463119156994 -0.004471279024986557 -0.0060266850451308899 -0.0012397545249838693 -0.01243249099255957 0.025933453954550587 0.019799835057225785 0.0077634697336020639 0.035932409312241398 0.0184646721840965 -0.0023756519387730297 0.032158938253500663 -0.0013344558914412496 -0.023743098140755849 0.017183597978780191 0.022400064775999096 0.0021385806771455937 0.024182284621183714 0.013896243166900095 -0.024890057747759736 -0.022120015374985404 -0.038803397350478129 0.03793230375948628 -0.0094028957152592699 -0.0060237894603375848 0.012988311119161204 0.023301156862717026 0.0035884832908056 0.017812885437622994 -0.0060210318640432367 0.011827549739547041 0.012307925317786057 -0.039910139586759846 -0.020128887790960351 -0.019480194948217264
leaf_weight=15.426626111380758 151.28641117783263 56.614212561398745 11.444060580804946 9.4893162883818132 10.273565499112008 23.311496035661548 11.923531902953981 8.6105359364300948 31.201484836637974 8.4417328201234394 44.485903918743134 23.145135363563895 11.942073764279483 9.6367863751947862 14.990167316049339 15.679329710081218 18.737958585843444 8.3006508499383909 23.516578497365117 8.294695286080243 11.065023988485335 19.061550103127956 15.528644517064093 14.789895008318124 6.922899553552269 25.600832054391503 106.22435712628067 17.454592889174819 31.32552495226264 26.660699995234609 12.025265853852035 9.0945654399692994 15.546429875772445 16.442600633949041 89.360289234668016 10.074139183387159 13.327675824984906 14.717155515216289 7.9764847801998284 8.5963552072644216 9.4172891713678855 13.530332973226903 10.512509538792079 9.3766127307899279 7.5663542952388516 22.039529049769044 10.760229828767482 20.031193880364299 5.8132540211081496 6.1471882597543308 25.767655679956079 45.004543588496745
leaf_count=85 963 506 102 95 74 272 141 77 136 68 282 124 61 102 147 178 139 57 258 73 98 76 63 126 80 131 445 77 154 125 124 106 170 87 434 109 126 90 89 96 101 125 105 69 92 151 162 159 55 81 249 457
internal_value=0.000765473 0.00722187 -0.00414283 0.00397218 -0.00832544 -0.00972946 -0.0129049 0.0117843 0.0169834 0.0191231 0.0210556 0.0103755 0.0160876 -0.0183703 -0.00623904 -0.0227637 -0.00412929 0.00300194 0.00807534 -0.00184292 -0.0183867 0.000921764 0.00915414 0.00406835 -0.0186401 0.0228495 0.0193203 0.0159171 0.0178632 0.0144904 -0.0150471 -0.00610673 0.0124993 0.0238303 0.0207592 -0.00323113 -0.0111703 -0.0384564 0.000190829 0.00935902 -0.00648708 -0.0181978 -0.00244922 0.00690073 -0.0210527 0.0275574 -0.00622998 -3.41432e-05 -0.0105038 -0.0183638 -0.0137346 -0.0161549
internal_weight=1174.51 1008.51 465.977 158.464 307.513 287.458 217.775 20.0546 542.533 409.789 363.155 132.744 82.7276 134.177 35.692 98.4846 83.5986 50.5552 42.2545 101.85 26.0552 50.0168 30.9553 46.6334 82.8053 59.5824 318.67 181.665 164.211 132.885 33.0434 21.1198 23.8411 137.004 105.803 31.8435 21.7694 166.004 69.6831 29.3824 40.3007 21.5068 20.7861 18.7939 75.8824 47.6404 78.0088 42.7519 22.7207 16.9074 35.257 52.5709
internal_count=8552 7499 4639 1550 3089 2910 2251 179 2860 2169 1740 691 467 1426 347 1079 825 454 397 1044 245 224 148 429 901 343 1458 801 724 570 371 230 243 657 521 303 194 1053 659 275 384 214 179 170 821 282 801 457 298 243 344 549
is_linear=0
shrinkage=0.029818


Tree=5
num_leaves=53
num_cat=0
split_feature=8 1 2 1 1 3 3 8 3 3 3 3 3 6 8 1 7 8 6 7 6 7 8 2 7 2 7 7 2 8 8 8 3 3 1 7 6 2 7 1 7 8 6 3 3 7 6 8 7 3 3 3
split_gain=280.856 92.4678 14.1904 10.3671 9.88156 12.6617 8.03855 8.96871 9.34159 10.9928 20.0193 10.9076 7.66599 7.377 11.2229 7.77017 6.35148 6.24587 6.01424 5.46241 6.66741 5.12815 8.82969 5.14849 5.05287 8.2489 5.02122 5.02021 10.7533 6.51497 15.8099 5.06143 4.42062 8.02524 10.1119 4.41159 4.85716 4.50243 3.99589 7.34329 3.90495 3.86666 3.84618 7.12311 6.7649 6.45362 4.3931 4.06206 3.76497 3.76287 3.74939 3.61388
threshold=55.945965430226529 59.828524939668476 0.14190439309840372 73.753416813388228 51.868107364139462 -35.469382772163435 -97.456137181261838 -16.09819898278533 87.156042494422792 33.672489780420712 26.246442724929455 146.31015207788298 -59.580551290701287 0.19999999999999987 0.44734852703894074 26.175898460134999 360.04397211647682 -5.2900444321292062 0.4000000000000003 324.10607740239783 0.20000000000000015 286.84462766282951 -0.87621979401198702 0.19727575982209042 381.81137438628895 0.11801356056441276 92.933610201231417 248.30471103109343 0.07713557161070983 0.09939599537222131 2.5864310254887357 -4.6113212952304474 -9.1151862681113869 14.069235896438135 103.90632268360082 250.71068682936712 0.20000000000000065 0.057396262274311154 230.97221689646406 27.004389597421056 102.86179719884016 0.75604117439168805 0.49999999999999989 -288.32889783110352 -395.07591616720771 224.38469190181527 0.20000000000000015 7.4575646891728535 390.97271642080858 137.66743397501344 43.897245118113553 785.78688878351932
decision_type=8 10 10 10 10 10 10 10 10 10 8 10 8 10 10 10 10 10 10 10 10 10 10 10 10 10 10 10 10 10 8 10 10 10 8 8 10 10 10 10 10 10 10 10 10 10 10 10 10 10 8 8
left_child=1 2 4 17 5 12 42 -8 9 10 16 41 48 14 21 -16 32 50 -11 20 -6 -4 23 -23 25 27 -15 29 -29 31 -31 -7 40 34 -34 36 -13 -38 39 -28 -9 -10 44 -44 45 -5 -46 -48 -1 -19 -3 -2
right_child=51 3 13 6 19 24 7 8 11 18 -12 35 -14 26 15 -17 -18 49 -20 -21 -22 22 -24 -25 -26 -27 38 28 -30 30 -32 -33 33 -35 -36 -37 37 -39 -40 -41 -42 -43 43 -45 46 -47 47 -49 -50 -51 -52 -53
leaf_value=0.013815660152400737 -0.039343348485984614 -0.014296857540657772 -0.0032133903991311131 -0.021909057418148071 0.024964348812071706 0.015544823633445948 0.0089754522885327551 -0.040460489944498156 0.0043702290170806804 -0.020331807422284617 0.039270003959323486 0.012815593237035121 -0.0008285380788122964 -0.0018011606055152684 0.00098585620292444462 -0.031392233367549628 0.013955619338062582 0.009641779283511372 -0.051655526956114653 -0.0079128324046311236 0.0029508616559308447 0.018403452690269381 0.035591796879187662 -0.0059179524598644883 0.036593152576748111 0.039840657048046596 0.0079250067998409401 0.029530321643604803 -0.00051044497774696193 -0.0084575469971396068 0.02886132882542224 0.036482956030318918 0.0060213037357606707 -0.030188535075872689 -0.038100764917100745 -0.030065084483924469 -0.02720859874400202 0.0021036149194079297 0.010220161166846712 0.036254288642203009 -0.019194536164011646 0.034190936773915957 0.0084293259132283971 -0.028282926453815908 -0.0016145849427587672 0.009714424614283965 0.011064719232473798 0.037289099037751364 0.030213897901370211 -0.0068931660112833068 0.0059792715702294942 -0.021996884741825089
leaf_weight=59.237036069855094 131.89894436765462 23.846759889274836 21.122868873178959 12.094301890581848 21.757438005879521 13.850787505507467 20.041790492832661 9.1317691896110755 7.5445122458040697 11.366500571370127 6.3010112363845101 9.3764463625848311 28.722254114225507 13.600642919540403 14.007463708519937 12.415144108235834 6.1762732006609431 81.184115780051798 10.55157454125583 15.044885428622363 28.014809720218182 15.247995049692692 12.716038044542072 15.684380903840063 29.335485843941569 22.696298466995358 13.443365884944795 18.165393251925707 25.371632553637028 15.587674699723719 28.575449410825968 40.306026048958302 25.673857910558585 12.484568899497388 5.6268532257527104 7.7827817574143401 9.9333807192742842 8.7416220363229495 30.307611308991909 20.717836141586304 49.323250543326139 7.9781133122742176 9.2504186332225817 9.5276500117033702 10.438424210995434 10.897900563664733 12.779158002696933 8.9665144272148591 15.818533843383191 14.386611741036175 12.260950209572909 11.715113946236668
leaf_count=296 923 249 114 117 190 84 200 100 81 166 71 79 141 52 96 69 60 904 85 138 276 85 100 89 139 119 59 86 134 62 147 193 351 120 68 107 101 70 194 131 609 72 70 84 102 114 156 71 89 152 117 70
internal_value=0.000920473 0.00682261 0.0150477 -0.00374966 0.0183768 0.0206747 -0.00697562 -0.00997744 -0.0119996 -0.0160747 -0.0123735 -0.00115201 0.0122632 0.00791635 0.00215311 -0.0142195 -0.0153786 0.0031567 -0.0354293 0.00781926 0.0125803 0.00883665 0.014674 0.00606323 0.0251753 0.0231374 0.0146446 0.0204622 0.0120189 0.0241977 0.0156837 0.0311342 -0.0171537 -0.00997747 -0.00190513 -0.0102012 -0.00467744 -0.0134755 0.0181182 0.0251157 -0.0225234 0.0197185 0.00146495 -0.0101853 0.0054351 -0.0069092 0.0142619 0.0218944 0.0172765 0.00714975 -0.00740443 -0.0379308
internal_weight=1089.03 945.414 531.747 413.667 362.484 297.667 281.989 208.034 187.993 136.636 114.718 51.3569 103.778 169.263 91.1939 26.4226 108.417 131.678 21.9181 64.8171 49.7722 64.7713 43.6484 30.9324 193.889 164.553 78.0695 141.857 43.537 98.3199 44.1631 54.1568 102.24 43.7853 31.3007 35.8342 28.0514 18.675 64.4688 34.1612 58.455 15.5226 73.9544 18.7781 55.1763 22.9922 32.1841 21.7457 75.0556 95.5707 36.1077 143.614
internal_count=8552 7559 3083 4476 2094 1490 3054 2340 2140 1630 1379 510 526 989 553 165 1308 1422 251 604 466 388 274 174 964 825 436 706 220 486 209 277 1248 539 419 357 250 171 384 190 709 153 714 154 560 231 329 227 385 1056 366 993
is_linear=0
shrinkage=0.029818


Tree=6
num_leaves=53
num_cat=0
split_feature=1 5 1 5 2 5 3 7 1 5 5 5 2 7 8 7 7 7 3 8 1 5 2 2 5 3 8 2 8 1 1 1 3 8 3 2 8 8 2 5 8 2 3 3 5 2 2 2 2 7 5 3
split_gain=222.036 47.2252 46.3795 23.5319 13.4246 7.47669 7.39305 6.96533 6.8464 6.71714 7.3026 11.3118 6.2539 6.07343 6.56007 5.84785 10.7032 7.76901 8.77035 7.96812 7.50568 7.04895 11.3291 5.44662 7.11862 5.03064 4.83682 4.83129 4.75929 4.43797 10.8128 4.35317 8.94951 12.2339 6.04701 7.27787 6.37432 5.59596 5.21177 4.27387 4.94936 4.17439 3.95976 3.55679 3.43946 3.32763 3.75795 3.11007 2.81015 2.74446 2.71747 2.69794
threshold=95.468994914027988 -6.662527935760763 52.306563262798555 -3.4161449820820118 0.21489793159388951 -247.22334165035417 620.28883468991046 341.89064756088391 19.067645650603534 -44.768161810194023 -387.28925214991142 -540.15678709743236 0.093143752259308432 381.81137438628895 -0.4765977087890268 314.58848395127103 253.82557675703396 144.33228876049861 16.008005740038293 0.09939599537222131 27.741525676468459 -419.01678447419653 0.070755110554860348 0.039326152996409937 -934.59616872132278 785.78688878351932 -15.573535484571844 0.27122980969134819 1.0206409305461677 29.441640673018799 23.955885379619385 70.387981521833893 -9.1151862681113869 14.81306046092139 -2.2499346349716416 0.040899966543994672 -7.3914660824746266 -5.2900444321292062 0.074074074074074028 -94.110534133496955 -1.5447674740810904 0.023054946515181741 69.093906320548697 -273.60516153046393 -447.2808312793581 0.077922077922077906 0.10765565642907736 0.060606060606060559 0.029455144889814346 136.77994323176264 -25.884270122584482 -28.872040740357459
decision_type=8 8 10 10 10 10 8 10 10 10 10 8 10 10 10 10 10 10 8 10 10 8 10 10 8 10 10 10 10 10 10 10 8 8 10 10 8 10 10 10 10 10 8 10 8 10 10 10 10 10 10 10
left_child=2 9 4 12 5 15 -3 29 -6 10 11 23 25 -9 50 16 17 20 21 -20 -1 22 -19 24 41 31 -12 -10 -16 30 -7 37 -33 34 -34 48 -37 38 44 40 47 -2 -31 -42 -4 -22 -47 -39 -36 -28 -15 -24
right_child=1 6 3 -5 8 7 -8 13 27 -11 26 -13 -14 14 28 -17 -18 18 19 -21 45 -23 51 -25 -26 -27 49 -29 -30 42 -32 32 33 -35 35 36 -38 39 -40 -41 43 -43 -44 -45 -46 46 -48 -49 -50 -51 -52 -53
leaf_value=0.040177710098395714 0.0051900885881255064 -0.038674288150954673 -0.016071193855037479 0.032740851950272674 0.014798990511879707 0.03734883355473248 -0.014677260701758699 0.0013395326710919822 0.0033834123811025793 0.011448446693285775 0.00053748290166196031 0.018847032329116921 0.0052988135020728758 0.020297389961795937 -0.0045493260115809222 -0.0055911135415757218 0.030820650133373702 -0.0055112790162186202 0.00757455372577943 -0.022785556860077077 0.0037701035852377072 -0.0065300021490351176 0.030585350755268057 0.0034580627867063793 -0.033924016133025217 -0.027509144581531683 -0.0096077962858369288 -0.017523791283681794 0.020286687919705601 0.03826126551358932 0.006716478644860753 -0.015615912663678915 0.020046782433047864 0.035860064691419037 -0.0064318090435606318 0.0023968403554535797 -0.025964471067842276 0.02693706539081513 -0.033437809464756989 0.022647345627904592 -0.023142316414982763 -0.020404618400883531 0.020796683757099522 0.00022930862969870646 0.0077088168620592029 0.033291352426756245 0.0090666451783285012 0.0020784571733682955 0.015183941941944078 -0.03077445084052232 0.036062635480653769 0.014980333713048714
leaf_weight=12.346257963217793 11.166789982467892 122.96274696057662 10.331541252322493 17.777149621397257 20.708308003842831 17.123800985515118 12.630172660574315 23.214413452893496 21.02986244764179 11.059106995351611 6.8061182852834454 12.511755958199499 71.095555641688406 24.57541729323566 13.871852261945607 15.401036536321042 27.114941058680415 15.454002957791088 15.360459815710785 15.360286347568033 17.472265666350722 15.299468157812951 24.945054948329918 13.611901575699447 15.686098180711268 8.3289469135925156 6.7409870941191903 18.415249634534121 13.540517734363673 32.772840259596705 25.57117298617959 63.699990029446781 7.7927019130438557 7.4856523610651484 9.7578612286597508 10.303553100675343 22.165757054463029 9.6256529390811938 6.8744518347084513 10.145398704335092 6.6429609842598429 11.468787992373107 17.97644892334938 44.739283982664347 11.325047034770256 11.318096617236735 11.539190195500849 8.4075117479078454 11.79338038805872 29.34103901591152 16.262691399082541 16.444269826635725
leaf_count=51 111 963 122 132 138 74 88 117 135 144 53 116 714 136 61 79 142 93 91 72 97 64 118 128 150 106 65 110 92 169 127 844 101 75 134 136 264 105 82 108 57 120 99 525 105 66 84 108 149 384 70 85
internal_value=-0.000206334 -0.0244263 0.00766573 -0.000647623 0.014013 0.01607 -0.0364414 0.0203841 0.000912814 -0.0106627 -0.0129437 -0.00659237 -0.00250066 0.014527 0.0190083 0.0120406 0.0135288 0.010512 0.00573913 -0.00759753 0.0198263 0.0114221 0.0162588 -0.0127272 -0.018483 -0.00472496 -0.0224799 -0.00637114 0.0077098 0.0261134 0.0190106 -0.00393635 -0.00754853 -0.000128677 -0.00449303 -0.00803901 -0.0169569 0.000505787 -0.0108201 0.004571 0.00192421 -0.00776727 0.032082 -0.00278841 -0.00362409 0.0135865 0.0210767 0.0153648 0.00538496 -0.0268287 0.0265845 0.0243936
internal_weight=1035.4 253.986 781.41 338.292 443.118 382.964 135.593 184.909 60.1534 118.393 107.333 64.4453 320.515 91.4649 68.2505 198.055 182.654 155.539 102.864 30.7207 52.6758 72.1428 56.8433 51.9336 38.3217 249.42 42.8881 39.4451 27.4124 93.4443 42.695 241.091 132.999 69.2989 61.8133 54.0206 32.4693 108.092 28.531 79.5608 69.4154 22.6356 50.7493 51.3822 21.6566 40.3296 22.8573 18.0332 21.5512 36.082 40.8381 41.3893
internal_count=8559 2322 6237 3867 2370 1987 1051 945 383 1271 1127 625 3735 476 359 1042 963 821 523 163 298 360 296 509 381 3021 502 245 153 469 201 2915 1703 859 784 683 400 1212 309 903 795 231 268 582 227 247 150 213 283 449 206 203
is_linear=0
shrinkage=0.029818


Tree=7
num_leaves=53
num_cat=0
split_feature=0 6 2 2 7 7 8 7 8 6 8 0 8 8 3 3 0 8 3 6 7 7 8 6 8 3 2 2 3 2 7 7 0 7 7 6 3 6 7 0 8 6 3 8 8 2 3 2 2 3 6 7
split_gain=194.894 43.5445 26.3179 16.3885 9.6895 9.3179 9.62304 11.6313 10.3374 8.16097 11.3096 10.1114 16.9601 7.59261 7.36452 7.28423 7.22375 7.08898 7.65695 6.93819 6.59436 6.28486 6.64713 6.02287 6.37358 5.97094 5.88841 5.80675 5.97039 5.69744 11.959 6.26783 4.93147 11.7812 4.85909 4.60078 4.55541 4.45447 5.84489 5.66657 4.25519 5.7119 4.22675 4.12555 4.02848 4.01599 6.87673 3.72918 3.6214 3.46785 5.84346 3.44024
threshold=-192.75315900345257 0.20000000000000015 0.086956521739130474 0.028169014084507091 130.08720931368279 141.56049035228972 -0.16690555598866086 209.74908301735829 -0.38484761391314387 0.8000000000000026 -3.7298163359273353 -2018.7231129669519 -1.8884621101132215 30.342804656220626 -13.669777129289184 24.220465033530079 -562.60879682830011 -3.792472455204138 70.598422242882762 0.49999999999999989 75.314169809332611 314.58848395127103 3.166174059727088 0.099999999999999936 0.38955971117905214 477.39326731489001 0.23592662871600259 0.060403364751190826 24.220465033530079 0.10194234813806761 341.89064756088391 293.97650732411955 -453.63030253391872 375.73681687975846 268.4131767705864 0.59999999999999987 -120.09836075444547 0.24999999999999986 220.84050874884667 -746.27737953241376 10.330300168971583 0.10000000000000007 -232.36671180934854 -11.675749193091518 -1.833970319705198 0.12926433047110705 -99.996332933058042 0.074074074074074028 0.10526315789473682 6.4227644255973297 0.10000000000000001 256.46993150335595
decision_type=8 10 10 10 10 10 10 10 10 10 10 10 10 8 8 10 10 10 8 10 10 10 10 10 10 10 10 10 10 10 10 10 8 10 10 10 10 10 10 10 10 10 10 10 8 10 8 10 10 8 10 10
left_child=1 3 4 40 13 47 8 15 26 10 16 -11 -13 17 45 -8 34 27 19 -19 -21 22 -9 -23 -25 -2 29 28 43 30 31 36 33 -26 -4 -16 -7 39 -39 -6 41 44 -32 -3 -1 48 -47 -5 -12 -31 -51 -24
right_child=25 2 9 5 37 6 7 21 -10 11 14 12 -14 -15 35 -17 -18 18 -20 20 -22 23 51 24 32 -27 -28 -29 -30 49 42 -33 -34 -35 -36 -37 -38 38 -40 -41 -42 -43 -44 -45 -46 46 -48 -49 -50 50 -52 -53
leaf_value=0.016231385444968195 -0.036840153093706786 0.01047990705753846 0.01389338727075348 0.017992524366567418 -0.011772648902452084 -0.0042603922237187527 0.0019169061320825336 0.0274985307841757 0.040725111361682699 0.01412403558345118 0.021480683929119223 0.020030429436432205 -0.033283761401546957 -0.029913507809397537 0.0011314445974993051 -0.024252371626727866 -0.030006025629570266 0.011053894536059754 0.030282938410658683 0.0090761195660950117 -0.032592389577981502 0.018239446060270979 -0.0055960666988595182 0.01922468931202705 -0.020054918160966672 -0.012080108093397783 -0.0049023558968576634 0.013564169176259633 -0.038491716436815468 0.01514935018522752 0.013653083255677221 0.034746327191328613 -0.018804671312681823 0.029091758446831074 -0.015330723860005439 0.025513972075609539 0.017152724463885573 -0.01313533323286098 -0.030556390712355518 0.012226457027679492 0.015788768140261675 -0.021971848248870413 -0.0060490763860937217 -0.021188341695682029 -0.013138721587992629 0.032203533665822015 0.00088602706562528099 0.038059098574440106 0.04514692765388012 0.042813821904160568 0.019125733158133158 0.018131537485346932
leaf_weight=8.5586815997958166 114.25770947663113 6.9319114927202499 14.609643239527946 16.628227515146136 37.492774229496717 10.380232863128176 24.496980357915163 29.542772561311722 13.327971999533473 15.806334905326365 11.618293781764807 7.7442323109135058 16.797086764127016 7.3884798167273393 29.565363007131964 15.382838137447832 7.5192974004894486 27.230234988965094 11.057351001538335 5.8556800801306945 7.9442112781107426 19.265974728390574 11.328574583865704 10.064554006792603 9.010249958373608 9.4100531646981818 14.162835007067768 7.0462819039821616 7.8123551327735177 45.700587796978652 13.286419285461305 15.831534421071408 17.629646815359592 8.3515836745500547 7.7280298657715312 8.974882582202552 58.500944035127766 72.51808155933395 22.470444905105978 11.396436409093438 6.3094658600166431 18.911560049280524 35.63939299993217 7.7212625704705733 8.0540728159248847 12.061895456165074 12.936313331127169 16.478291980922222 11.524763248860834 13.960639797151087 27.745610361918807 10.413816794753073
leaf_count=103 950 82 149 95 593 78 142 194 70 104 109 99 140 107 279 68 60 299 78 56 124 111 85 59 83 71 98 70 71 250 84 131 134 82 89 71 426 830 328 158 84 217 259 92 111 76 75 56 75 74 149 81
internal_value=6.31496e-05 0.00504918 -0.00235079 0.0110714 -0.00871115 0.0127779 0.0115304 0.00570934 0.0151709 0.00708814 0.0110903 -0.00446485 -0.0164486 -0.00097375 0.0165425 -0.00817185 -0.00472969 0.00164448 0.00826256 0.00231966 -0.014894 0.0105002 0.0182875 0.00428642 -0.00167487 -0.0349587 0.0137211 -0.0100268 -0.0174389 0.0149156 0.0110393 0.0178181 -0.00769514 0.00357179 0.0037701 0.00681813 0.0139219 -0.0134947 -0.0172602 -0.00617233 -0.00675348 -0.0107659 -0.000692647 -0.00618993 0.00197647 0.0243208 0.0160101 0.0279914 0.0332825 0.0208385 0.0270643 0.00575732
internal_weight=992.383 868.715 389.752 478.963 232.866 437.13 404.023 155.487 248.536 156.886 116.538 40.3477 24.5413 88.9878 86.6815 39.8798 29.857 81.5993 52.0875 41.0301 13.7999 115.607 51.2852 64.322 45.056 123.668 235.208 29.5118 22.4655 221.045 133.639 84.7127 34.9915 17.3618 22.3377 38.5402 68.8812 143.878 94.9885 48.8892 41.8338 35.5243 48.9258 14.6532 16.6128 48.1413 24.9982 33.1065 23.1431 87.4068 41.7063 21.7424
internal_count=8559 7538 4214 3324 2888 2809 2658 1039 1619 1326 983 343 239 979 685 210 298 872 557 479 180 829 360 469 358 1021 1549 315 245 1451 978 635 299 165 238 350 504 1909 1158 751 515 431 343 174 214 335 151 151 184 473 223 166
is_linear=0
shrinkage=0.029818


Tree=8
num_leaves=53
num_cat=0
split_feature=0 1 0 5 0 9 5 0 1 1 1 1 7 2 1 0 2 5 7 7 2 5 9 5 7 5 1 2 0 2 1 5 2 5 9 2 5 9 5 7 9 2 0 7 5 0 1 2 1 5 7 7
split_gain=170.474 69.0834 12.9202 9.44808 7.66332 7.65418 7.40766 8.47944 9.47385 7.27354 5.6011 6.30099 5.61799 6.82754 5.65573 5.4893 11.9608 7.53128 6.62805 5.42763 5.58298 5.31324 7.89577 6.24086 5.23862 6.35796 8.78485 7.20185 6.23184 5.08109 5.88763 5.83281 8.36305 5.50924 5.05035 4.37323 5.52524 5.95223 5.61066 4.81228 6.54397 4.9305 3.47374 3.35116 4.43425 3.34468 3.263 3.24469 3.16784 6.58189 3.3051 2.96799
threshold=-192.75315900345257 57.433770786526189 -820.48507966643717 -10.32261408785128 -255.78932742456712 -0.0022700587726052208 -247.22334165035417 -576.46494551816193 40.983227600134946 24.63498690981476 73.753416813388228 69.793488452400268 141.56049035228972 0.029455144889814346 79.406864966565294 -415.09497670526821 0.082031562925578838 -145.5619679814088 241.22651450950491 344.47233836447873 0.13333333333333341 -54.165271988719944 0.032201663217040773 -87.377289693783993 150.38400817041011 -437.31326775515095 87.473195908032451 0.081466733034677233 -1546.1861879913079 0.052264966992943383 96.524402447584109 -355.25333957957906 0.14359351988217975 -228.49019378716349 -0.0066473583597475008 0.077922077922077906 -644.75653475262823 -0.0083931397844324001 -948.02302995780531 147.12358229424416 -0.0018996408850946442 0.11111111111111117 -597.99787112654201 233.83680073633954 -87.377289693783993 -906.28734484961444 58.869259875802292 0.065934065934065936 96.524402447584109 -790.07443413908675 75.314169809332611 108.37167721411942
decision_type=8 8 10 10 10 2 10 10 10 10 10 10 10 10 10 10 10 10 10 10 10 10 2 8 10 10 10 10 10 10 10 10 10 10 2 10 10 2 10 10 2 10 8 10 10 8 10 8 10 8 10 10
left_child=1 4 10 5 6 -4 7 35 9 -9 11 46 13 34 -15 18 -17 -18 -8 -19 -21 22 23 -20 -14 26 -26 -27 -28 30 33 -31 42 -7 -12 36 37 38 -1 41 45 -37 -33 -44 -45 -41 -3 -13 50 -50 -16 -52
right_child=-2 2 3 -5 -6 29 15 8 -10 -11 12 47 24 14 48 16 17 19 21 20 -22 -23 -24 -25 25 27 28 -29 -30 31 -32 32 -34 -35 -36 39 -38 -39 -40 40 -42 -43 43 44 -46 -47 -48 -49 49 -51 51 -53
leaf_value=-0.0066574310114151701 -0.033832100270634081 -0.02532818387975945 0.022011193999977214 0.024346435120424618 -0.0080970157854722193 -0.0024541852501349971 0.039865128313046685 -0.0066086177730883076 -0.017789836846553938 0.017283006084666867 -0.028318687579017184 0.0053148243293822221 -0.037815121150156443 -0.022474944580847613 0.028437542132847778 -0.012787139305977668 0.0045870108463361963 0.037830915159450654 0.026446340951381941 0.030904165352732067 0.0092156710915912831 0.03190587081173852 -0.0052599983666623178 0.00078992210065669053 -0.0205839955359346 -0.024375977343823716 -0.0080757440095636148 0.0042499845781207562 0.02103607235521724 -0.027636449139442524 -0.011811219573240975 0.0014700608036366401 0.025389307979541274 0.030203332637058732 -0.0034840579045910761 0.039830348861132112 0.017985764642101144 -0.018759559706541168 0.023623077018474065 -0.007739827456622256 0.022411675098879272 0.016674458486801678 -0.00044881958491794696 -0.036343035842574437 -0.0047196906768365047 0.010697833088236988 -0.002997221102054947 0.032670718691245125 -0.023032818112407916 0.010974779148799742 -0.0091328072430532526 0.014872375715513437
leaf_weight=11.173573546111582 114.42873970326036 6.6171222366392604 12.799648584797977 17.153662600554526 14.840962030924855 7.5992884598672417 16.863003117963672 18.73525851033628 17.614663864020258 28.605704721063375 15.205471206456425 10.736571369692685 8.2873732615262252 7.5921198781579724 7.7377112172544029 13.839015530422328 29.444615544751287 16.10163401812315 36.568657880648971 17.234140392392874 27.356838259845972 22.02622308395803 13.549027532339094 10.983167790807782 18.154588437639177 47.885561932809651 13.116934632882478 9.3182803010568005 13.012444274500011 10.538877679035066 9.1687973421066982 18.383634345605969 7.6846261676400891 11.54870547167957 14.020876407623289 14.243776687420903 23.241282089147717 11.113216582685707 10.580174442380669 13.068177005276082 34.226556092966348 19.352864179760218 8.5636968575418013 9.7207727376371604 6.6682590472046313 26.378803038969636 48.41327913897112 6.0392320752143851 8.8221978172659856 11.847450857982041 7.5917594507336643 11.499451571144162
leaf_count=104 1021 66 137 155 147 85 83 103 102 138 227 147 88 78 57 66 133 86 236 87 158 152 66 76 228 806 154 92 145 121 103 209 52 159 153 95 186 83 62 92 241 140 142 124 85 133 660 73 98 100 90 135
internal_value=0.000293057 0.00498198 -0.00426357 0.00386403 0.0129583 0.00043882 0.0136818 0.00998975 0.000872176 0.0078224 -0.00792737 -0.000808176 -0.0105597 -0.00476639 0.00140946 0.0178134 0.0130096 0.0169735 0.0228053 0.0229778 0.0176059 0.0193399 0.014804 0.0205265 -0.0150068 -0.0131405 -0.00464959 -0.0197083 0.00641254 -0.00263111 0.00781712 -0.0074417 -0.00326345 0.0172304 -0.0164156 0.013613 0.00685899 -0.001002 0.00805889 0.0171428 0.0128699 0.0265028 -0.00835209 -0.0155984 -0.0234964 0.00458278 -0.00568868 0.0151835 0.0052341 -0.00352874 0.0119948 0.00531257
internal_weight=947.298 832.87 385.728 119.83 447.141 102.676 432.3 228.334 64.9556 47.341 265.898 71.8062 194.092 84.317 55.0907 203.966 103.976 90.1372 99.9901 60.6926 44.591 83.1271 61.1009 47.5518 109.775 101.488 44.284 57.2038 26.1294 89.8767 28.3168 61.5599 51.021 19.148 29.2263 163.378 56.1082 32.867 21.7537 107.27 73.6735 33.5966 43.3364 24.9527 16.389 39.447 55.0304 16.7758 47.4986 20.6696 26.8289 19.0912
internal_count=8559 7538 4769 1372 2769 1217 2622 1479 343 241 3397 946 2451 938 558 1143 530 464 613 331 245 530 378 312 1513 1425 527 898 299 1080 347 733 612 244 380 1136 435 249 166 701 466 235 560 351 209 225 726 220 480 198 282 225
is_linear=0
shrinkage=0.029818


Tree=9
num_leaves=53
num_cat=0
split_feature=0 6 2 2 7 6 7 7 2 0 8 6 0 0 9 9 9 7 2 9 0 8 7 2 9 2 9 0 9 9 9 8 8 9 0 9 2 0 0 8 8 0 0 8 0 7 0 8 8 2 2 6
split_gain=146.618 45.1047 17.673 15.1287 10.4945 9.79676 9.17119 8.72357 18.9966 7.51603 9.76031 7.15897 6.26898 9.78199 8.17848 9.86806 6.03867 4.98555 5.59038 4.92396 5.72072 4.89741 4.80291 4.96008 4.74978 4.44141 4.39916 4.89585 4.3714 10.5379 4.17754 3.89075 3.77879 3.70474 3.64446 3.635 6.30559 3.67977 4.82197 3.5497 3.44069 3.41256 3.38545 3.35983 4.32343 4.21468 3.34354 3.32917 3.11099 14.6006 4.79659 2.84101
threshold=-217.8833632646315 0.14999999999999999 0.031250000000000062 0.066666666666666777 132.09929510778869 0.8000000000000026 473.75005701491312 314.58848395127103 0.1144115796098176 -2053.2101832948024 -2.2521590107602343 0.20000000000000065 -554.56711646054077 -581.09993695740047 -0.0072664337312649532 0.0047243409171109372 0.0053047525561231721 237.31576001795193 0.041580221300138338 0.02230052796265292 -1150.4414086404529 -1.0844601215687157 160.27861375917118 0.03338907469342247 0.018102005205369868 0.12064364841918017 0.0015481426375455467 -468.99608481276647 -0.0060773560155483733 -0.024920596104869183 0.011043230018739971 -3.6343772394143579 1.9342737711608251 0.0080958641623368761 -602.70958376963927 0.027068727732444512 0.042553191489361694 -1286.9349789936618 -1658.671847953093 -5.7004749502589238 -2.6904421523238695 -852.53362104717678 -1107.9321494643179 -2.0653413087801904 -815.02646412027809 198.09769691922153 -789.28915846489724 -0.58404099974298662 0.09939599537222131 0.10000000000000006 0.11067366579177605 0.30000000000000054
decision_type=8 8 10 10 10 10 10 10 10 10 10 10 10 10 2 2 2 10 10 2 10 10 10 10 2 10 2 8 2 2 2 10 10 2 8 2 10 10 10 10 10 8 10 10 10 10 8 8 10 10 10 10
left_child=1 2 19 4 28 7 12 24 -9 -7 -11 17 13 14 32 -16 -10 35 -19 20 -1 -8 23 -13 -5 43 27 -14 29 -3 -25 -18 -4 -2 -27 37 -37 38 -6 -17 -41 42 51 45 -45 -26 -39 -33 50 -50 -28 -30
right_child=33 3 6 5 11 9 21 8 16 10 -12 22 26 -15 15 39 31 18 -20 -21 -22 -23 -24 30 25 34 48 -29 41 -31 -32 47 -34 -35 -36 36 -38 46 -40 40 -42 -43 -44 44 -46 -47 -48 -49 49 -51 -52 -53
leaf_value=0.0012372123486966717 -0.026151833640412618 0.0048105560141749161 0.016620560765819688 0.011457621506536595 -0.017161455881745086 0.0052730994695061638 0.009664690695892807 -0.029518035667299457 -0.013855449349553246 0.0033628328291109813 -0.036238562720312596 -0.031715164020008055 0.025153170494480903 -0.016166709071840007 -0.017035547481058112 -0.00076893784003457144 -0.0010154284320345122 -0.035921032585299967 -0.0065743545795477615 0.0085088999505039762 -0.032496271849404852 -0.016165371376132699 -0.027229556646512228 -0.015418244092588251 0.019609559971458822 0.025026611184708163 0.020837707279717226 0.0013808238778013947 0.025525647049320106 -0.026115032338316645 0.014849170779260165 0.034627641025965709 0.037003832271663054 -0.037019551688381891 -0.0018506258934797575 -0.0053346630510486331 0.035150525018914011 -0.028803449975846072 0.017393386992735373 0.031195485310758074 0.012237011489750271 0.026910131045782982 -0.013748515034320282 -0.032305756355258203 -0.00051294792995679791 -0.010934669765503672 -0.0018894525089552788 0.0093675989118064892 0.034355885265372539 -0.0075929977718407387 0.035506287499295491 0.0029407559868549469
leaf_weight=7.681041423231366 51.912681528367102 29.657124840654433 15.97346183285117 137.0926909558475 5.6987797776237121 15.929828182794152 16.120028886012737 18.523740170523524 9.0222082249820215 8.8880950026214123 14.60447378270328 6.4641254153102663 13.625881802290676 9.9539869436994177 11.029982799664138 11.110528491437433 9.8431792166084069 8.8770411768928188 16.57645574817434 9.0666653169319016 10.637664984911682 10.959409500472246 35.400978160090744 8.4092615246772784 7.5575913758948507 9.5974823683500272 44.244926028884947 17.773450709879402 6.9648942071944502 14.618249634280799 7.8209422118961802 9.4040534710511547 16.539015272632241 61.082074337173253 8.3856221176683921 7.7992785405367595 6.0751334819942713 8.441664260812102 9.677999737672506 12.542407981120041 26.760281513445086 7.1605514027178279 7.2606787709519294 7.4842054788023233 7.7639041719958168 8.5564433061517757 8.0289919562637859 9.2315807892009634 16.999684369191531 13.013510273769496 36.163527645170689 17.238961758092046
leaf_count=103 486 385 97 1139 75 122 105 247 63 94 153 78 71 58 78 104 78 166 282 141 137 81 506 105 100 93 266 105 66 169 90 72 102 605 61 94 74 107 135 94 230 59 112 88 69 102 98 83 106 104 191 197
internal_value=-0.000249767 0.00427124 0.0133871 -0.00126718 -0.0072818 0.00325903 0.0156797 0.00550124 -0.00481311 -0.0105239 -0.0212462 -0.0125924 0.0174946 0.0119241 0.0149035 0.00849691 0.00738438 -0.00624697 -0.0168231 -0.00944091 -0.0183396 -0.000779894 -0.0203611 -0.00963278 0.00860219 0.000663434 0.0215737 0.0117071 0.000996281 -0.00539521 -0.00081653 0.0141235 0.0270005 -0.03203 0.0124807 -0.000352506 0.0123774 -0.00590746 0.00456863 0.0140893 0.0182961 0.00832952 0.00409005 -0.00610468 -0.0161391 0.00337525 -0.015703 0.0221329 0.0243765 0.0161594 0.0274394 0.00945354
internal_weight=907.246 794.252 300.195 494.056 212.171 281.885 272.81 242.463 56.0248 39.4224 23.4926 129.271 245.731 103.91 93.9557 61.4432 37.501 71.1753 25.4535 27.3854 18.3187 27.0794 58.0953 22.6943 186.438 49.3452 141.821 31.3993 82.9005 44.2754 16.2302 28.4788 32.5125 112.995 17.9831 45.7218 13.8744 31.8474 15.3768 50.4132 39.3027 38.6251 31.4645 31.3621 15.2481 16.114 16.4707 18.6356 110.422 30.0132 80.4085 24.2039
internal_count=8626 7535 2173 5362 2798 2564 1792 2195 543 369 247 1810 1606 763 705 506 296 1031 448 381 240 186 779 273 1652 513 843 176 988 554 195 233 199 1091 154 583 168 415 210 428 324 434 375 359 157 202 205 155 667 210 457 263
is_linear=0
shrinkage=0.029818


Tree=10
num_leaves=53
num_cat=0
split_feature=1 1 5 2 3 7 3 0 5 5 1 5 5 3 5 0 3 0 3 1 0 3 7 1 2 0 3 3 7 0 0 7 3 2 7 3 5 5 1 7 5 3 2 5 5 3 5 7 1 3 5 5
split_gain=149.068 29.9663 27.5977 17.602 12.6499 9.07373 10.0322 7.14215 7.09289 7.86784 8.11287 5.99638 5.36202 5.2273 4.54368 14.6904 4.43274 4.64558 4.79246 5.40052 4.19762 5.44943 7.3955 5.16461 5.82569 4.0903 4.06746 9.45151 4.8976 4.58285 4.00651 3.92795 4.05635 3.68889 4.68285 6.20195 6.12385 6.01544 4.52619 4.85242 5.98595 4.01474 4.30298 3.89148 4.36372 4.04684 7.25406 4.38263 3.8109 5.57727 3.43928 3.37087
threshold=96.524402447584109 54.050490996420706 -259.73820279140642 0.13408239700374536 8.8949538627690714 462.03145432653997 -11.849491767690802 -400.49778938260346 -262.99013670738219 -318.00424546841754 38.220904735029471 -37.929645853905349 -183.15381927621516 785.78688878351932 -137.54022232935839 -489.82165148911213 168.55048909792265 -3000.4826114095208 102.94725607931095 71.941266043113615 -1116.5724979284087 5.7243497977775899 111.08109309191723 118.72554638527548 0.037735849056603842 -697.80664948364029 106.91199871114566 168.55048909792265 285.19271595713946 -449.05695406437559 -429.63258050032255 143.47766483448081 79.728026477073058 0.11320754716981132 116.38919224406219 26.246442724929455 -11.864569494578786 -24.518006622043924 91.571233018110021 295.72998424033318 -179.86138599610857 -28.056230850357469 0.16666666666666669 -327.09125495870313 -431.19328652895098 -9.1151862681113869 -601.91028472396613 216.00036768791807 91.91454518620948 -80.864803800598807 -419.01678447419653 -65.054373241952092
decision_type=8 10 8 10 10 10 8 8 10 10 10 10 10 8 8 8 10 10 10 10 10 8 10 10 10 10 8 10 10 10 8 10 8 10 10 8 8 8 10 10 8 8 10 8 8 8 10 8 8 8 8 10
left_child=1 3 20 8 5 6 14 16 9 10 25 12 30 -4 15 -5 17 -3 33 -20 21 23 -23 24 -2 -1 28 -28 -10 -30 -6 -12 -33 34 35 48 37 38 39 40 43 42 -35 44 45 47 -47 -36 49 -19 -22 -31
right_child=2 7 13 4 11 -7 -8 -9 26 -11 31 -13 -14 -15 -16 -17 -18 18 19 -21 50 22 -24 -25 -26 -27 27 -29 29 51 -32 32 -34 41 36 -37 -38 -39 -40 -41 -42 -43 -44 -45 -46 46 -48 -49 -50 -51 -52 -53
leaf_value=0.033796785610982774 -0.021483404409890113 -0.026593262151687225 -0.03192185481194891 0.014492161103813687 0.0090654877800557029 -0.027786314145003467 -0.020504131896990543 0.027108094031418176 0.034719420660635984 -0.0073473911968148743 0.017709642074752875 0.033856289011947781 -0.0030864914257875049 -0.012144394263380855 0.017223630747097513 -0.022397842019230306 -0.012593020780926445 0.021795133549595249 -0.002696547148198634 0.033600455780816663 0.019884170457631297 -0.0015219375434934565 -0.04304619419744575 0.015330415738519981 0.013426698055713896 0.016346098774356017 -0.0053621520367271597 0.027828118654508176 0.030031067540824453 0.0011647703534867499 0.032582540845338064 0.0074524054140286218 -0.015420673526887332 0.033863772841122651 -0.014671427190521589 0.032514456338174909 0.017312918632790806 -0.036286834436782683 -0.019611361328423966 -0.013615389659421162 0.023078642525146648 -0.004354836790295716 0.0046271657792530891 -0.017093776129486295 0.020175619550821811 0.014344643456185654 -0.017427568346969454 0.012421494875749034 0.022928131606060286 -0.013913775598809573 -0.0068435681509669668 0.021522401663291429
leaf_weight=22.055641211569309 14.966338384896522 5.769355514086782 123.47328565828502 24.688799624331295 16.758269680663943 11.547772682271896 15.977549637667833 7.9948128173127762 32.897485719993711 16.016945754177868 25.835101096890867 11.773251605220137 17.250781947746876 13.203877579420803 21.107393695041537 15.697105919010935 28.546239861752838 5.222287567332387 6.6992607153952104 7.9552687592804432 8.5309581235051137 6.7212322661653152 8.8540524980053288 9.1033834405243379 5.9226190764456978 26.272292543202639 13.739582934416832 17.112849177792668 22.731409994885325 13.447392106056215 10.509330196306108 36.238475931808352 8.5046110283583385 8.2337242616340536 26.82586975954473 7.1984084630385032 10.849356660619376 5.5696935877203932 16.025775535963476 28.372339684981853 9.3507645772770029 11.857871994376184 9.8588328976184112 12.962185814045368 8.9151827124878746 23.051466134609658 8.8297161562368256 6.6047375630587331 5.6412262748926869 15.168941211886709 8.5658155512064713 15.717213815078138
leaf_count=130 191 64 1445 170 139 92 104 109 181 96 191 63 142 129 119 105 416 68 86 82 85 94 110 83 77 108 74 131 159 77 55 307 62 86 366 65 125 65 223 418 162 157 85 183 128 363 89 114 49 239 78 87
internal_value=0.00014846 0.0068538 -0.0225008 0.0121202 0.00386126 -0.00313237 0.000540135 -0.000658255 0.0169086 0.0122591 0.0149025 0.0149251 0.00991042 -0.0300135 0.00601318 0.000146514 -0.00148326 -0.000165834 0.000481674 0.0169924 -0.00610972 -0.0108389 -0.0251486 -0.00339671 -0.011572 0.0243175 0.0223303 0.0130398 0.0257069 0.0199867 0.0181421 0.00845094 0.00309793 -0.000614472 -0.00214441 0.00802311 -0.00429343 -0.00589564 -0.00469187 -0.00277512 0.000408335 0.00911137 0.0179511 -0.00202071 0.00060853 -0.00205922 0.00553577 -0.00931005 0.00123718 -0.00475329 0.00647867 0.0121462
internal_weight=872.724 673.383 199.342 395.879 145.31 89.0186 77.4708 277.503 250.569 134.923 118.906 56.2916 44.5184 136.677 61.4933 40.3859 269.509 240.962 235.193 14.6545 62.6644 45.5676 15.5753 29.9923 20.889 48.3279 115.646 30.8524 84.7935 51.896 27.2676 70.5782 44.7431 220.538 190.588 33.2309 157.357 146.508 140.938 124.912 96.5399 29.9504 18.0926 87.1892 74.227 65.3118 31.8812 33.4306 26.0325 20.3912 17.0968 29.1646
internal_count=8626 6334 2292 2592 989 590 498 3742 1603 894 798 399 336 1574 394 275 3633 3217 3153 168 718 555 204 351 268 238 709 205 504 323 194 560 369 2985 2657 421 2236 2111 2046 1823 1405 328 171 1243 1060 932 452 480 356 307 163 164
is_linear=0
shrinkage=0.029818


Tree=11
num_leaves=53
num_cat=0
split_feature=1 5 1 1 4 3 3 1 4 4 5 3 3 5 9 9 3 3 1 1 9 3 1 4 3 9 9 1 9 5 3 3 3 3 3 8 3 9 8 1 3 1 9 9 4 1 1 9 9 4 9 9
split_gain=127.125 28.0775 21.1618 11.0233 11.6962 11.1112 7.79742 6.91775 6.50002 6.40761 6.14637 5.67465 5.42209 5.18166 6.5372 9.37094 5.70671 9.37475 4.74604 4.60278 10.4474 4.57218 4.51113 4.35124 6.03984 4.23829 4.14953 8.49018 6.16324 5.57983 5.95653 6.76404 5.05669 8.63469 4.4364 5.61988 6.50857 4.43312 4.07099 4.01126 4.71765 4.99644 4.4742 4.221 5.46559 4.63399 3.81498 5.00909 4.09129 3.48407 3.46962 3.45698
threshold=96.524402447584109 -259.73820279140642 58.084669186842468 16.781705054065945 2.1343601704551847 1624.8313242561992 -208.88000978258734 40.664013685658979 3.4748329526263322 1.3517383006791499 -668.81758877198979 -111.04085133449148 785.78688878351932 -289.25866571186901 -0.011004161537887245 0.0051267371747173449 -10.133703928293718 37.753177040352647 23.065496175840561 39.189181350242713 0.029916108734172834 -15.681722201321696 25.247660259189864 4.6343685163351136 -12.596742245795001 0.00078147291469710123 0.02230052796265292 71.941266043113615 0.018772942409269192 -1055.9283716187165 -2845.6247569797079 -334.80566632872734 -10.133703928293718 1.7046844296318002 -62.832673547717569 12.415474799864219 -28.056230850357469 0.029916108734172834 1.5793043709948618 37.772222187920647 -97.456137181261838 30.806125676399024 0.036576562552525289 0.00078147291469710123 0.50362732806116572 50.0490294596867 41.365404423508345 0.014377370504343736 0.022618446157649411 2.2606919121849676 -0.024402710887146181 0.037519010092300416
decision_type=8 8 10 10 10 8 10 10 10 10 10 8 8 10 2 2 10 8 10 10 2 10 10 10 10 2 2 10 2 10 10 10 8 10 10 8 10 2 10 10 10 10 2 2 10 10 10 2 2 8 2 2
left_child=2 9 3 -1 5 18 7 -6 26 -2 -10 -11 25 14 16 -16 -8 -18 -5 -17 -21 -13 -15 24 -12 -3 28 51 29 32 -31 -32 -4 -34 49 36 -36 -29 -39 40 -20 -42 43 -41 -45 -46 47 -24 -48 -33 -35 -28
right_child=1 12 8 4 6 -7 13 -9 10 11 23 21 -14 22 15 19 17 -19 39 20 -22 -23 46 -25 -26 -27 27 37 -30 30 31 34 33 50 35 -37 -38 38 -40 42 41 -43 -44 44 45 -47 48 -49 -50 -51 -52 -53
leaf_value=-0.016287693317429165 0.01680346542345967 -0.022223512834733408 -0.02537958349117082 0.0031866849839928485 -0.017345215195934186 -0.010822781721152188 0.02252860365160534 0.0089432700246190096 0.020649545134938496 0.010528318387478182 0.034259599543361781 -0.02924341910778059 -0.010869289147776986 0.02889252424052087 -0.019821816938733593 0.020409299231081833 -0.0070190841585136858 0.024670724601452781 0.011487938588268994 -0.016319425315365912 0.022456031747594384 -0.0073515268648249813 -0.011311841437485431 -0.015932477692315532 -0.0069888795515404955 -0.03480951717148955 -0.0008545746599985752 0.025057781495145832 -0.02677503804766633 -0.026748326729129891 0.026117839491357264 -0.0036078693398809017 0.027662650850281755 -0.0017272108819234228 0.024115252690419208 0.029996457085140819 -0.0046808365491377239 -0.0036389168903384361 0.028276499977614767 0.0070580990384940265 0.025392528758886621 0.046285387781599116 -0.0020121777988838358 0.010607973769785145 0.043315741116483786 0.0164707798907185 0.026817484553361564 0.01419546019020811 0.0063046425061182533 -0.029165160922641761 -0.030638258488839366 -0.025867469055074269
leaf_weight=13.073208209127186 10.383345603011547 33.779812794178724 17.063903704751283 13.866155149415134 19.728180426172912 11.284703081473706 27.323128703981638 16.195848224684596 22.74986485671252 10.566874483600257 5.4081239271908998 12.209199761040503 13.114500598050652 17.378036591224372 17.508862518705428 13.622315024957059 22.936543703079227 12.996513552963728 14.7716554319486 15.641856431961061 10.205322416499255 27.950546988286082 11.76359958201647 10.046453274786471 7.5524575933814067 81.86877911305055 11.805138285504656 15.21933413017541 11.187286656349896 6.7313759103417388 9.4828833313658816 14.397109635174269 5.7283357642591026 7.8246698658913383 8.4759614169597537 6.4805970033630649 39.420938876457534 15.429416024126114 4.609850356122478 16.976634658873081 41.987209632061422 13.50723674893379 10.077341088093815 14.980922410264609 15.637277302332224 9.0829874742776138 20.663317204453051 16.345909212715924 14.935127362608908 7.0917448960244647 7.0185996415093514 8.439842652063815
leaf_count=88 75 398 224 109 116 71 188 117 297 108 84 179 129 87 139 87 175 85 105 124 93 356 78 128 116 1047 191 184 161 59 111 158 83 99 116 94 627 295 64 146 243 77 92 127 98 112 164 110 107 84 90 131
internal_value=0.000305701 -0.0211751 0.00653639 0.0106441 0.0115264 0.0176991 0.00730559 -0.00548623 -0.000459381 -0.00452526 0.00966006 -0.0088972 -0.0290746 0.00958957 0.00565729 -0.00166438 0.0122563 0.00443649 0.0198342 0.00638456 -0.000998272 -0.0140156 0.0154166 -0.00119638 0.0102069 -0.0311364 -0.0028184 0.00408422 -0.00553936 -0.00370518 0.000245804 0.00237892 -0.0133781 -0.00340741 -0.000585821 0.0039433 0.000410748 0.0129243 0.00369311 0.0215168 0.0264961 0.0304852 0.0162706 0.0195259 0.0248495 0.0334666 0.0117351 0.00351124 0.0182204 -0.012058 -0.0154197 -0.0112979
internal_weight=844.527 189.873 654.654 412.49 399.417 162.172 237.245 35.924 242.164 61.11 45.7569 50.7266 128.763 201.321 120.235 56.9784 63.2562 35.9331 150.887 39.4695 25.8472 40.1597 81.086 23.007 12.9606 115.649 196.407 55.5036 140.903 129.716 92.0806 85.3492 37.6355 20.5716 75.8664 54.3775 47.8969 35.2586 20.0393 137.021 70.2661 55.4944 66.7552 56.6778 39.7012 24.7203 63.708 28.1095 35.5984 21.4889 14.8433 20.245
internal_count=8626 2292 6334 2938 2850 1180 1670 233 3396 718 625 643 1574 1437 891 443 448 260 1109 304 217 535 546 328 200 1445 2771 865 1906 1745 1249 1190 496 272 1079 837 743 543 359 1000 425 320 575 483 337 210 459 188 271 242 189 322
is_linear=0
shrinkage=0.029818


Tree=12
num_leaves=53
num_cat=0
split_feature=1 5 5 2 7 3 1 1 2 3 3 7 7 5 6 3 1 5 3 7 6 6 3 6 7 3 5 3 7 3 2 7 2 3 5 1 3 2 2 7 7 7 3 2 6 3 3 5 7 7 5 7
split_gain=96.6838 28.4439 10.723 17.8684 9.16387 7.50322 8.27064 9.29027 7.26088 5.80718 4.85197 4.71531 4.36002 4.86133 9.10042 9.15604 7.58701 7.26618 6.72159 5.9421 5.17641 4.8248 4.76816 4.46543 7.06384 3.99027 6.59793 7.35655 5.77977 6.18527 3.95633 3.82244 3.72592 3.62475 3.23974 4.36025 10.3545 4.63283 6.79486 6.52155 6.37586 5.45732 3.81245 3.79838 3.07177 8.28102 6.54244 3.9063 3.442 2.78167 2.71699 2.6879
threshold=75.016418461220937 -19.241572394348328 -218.07055733165092 0.2517605633802818 59.284995244720655 -137.72002379790092 50.379624343557104 27.004389597421056 0.10487038491751767 8.8949538627690714 785.78688878351932 241.22651450950491 381.81137438628895 -401.38257845220704 0.49999999999999989 -111.04085133449148 120.78817243697439 -351.61479280645318 -9.1151862681113869 216.00036768791807 0.59999999999999887 0.37499999999999939 519.07290518310162 0.27499999999999875 145.33317849685923 -19.908580612209104 -749.20301265445903 13.180454672415854 271.58380083866365 4.4930559750579127 0.10016722408026761 80.286428535712432 0.12276295133438002 122.44041686896948 -8.9868087002169759 54.050490996420706 17.89685272391857 0.14190439309840372 0.16646872525732384 381.81137438628895 404.72670250332817 451.97422484610854 -91.059203529648229 0.095238095238095219 0.2999999999999981 62.839558995251345 27.49385616971486 -1055.9283716187165 292.26488767729859 153.84542938443965 -44.768161810194023 253.82557675703396
decision_type=8 8 10 10 10 8 10 10 10 10 10 10 10 10 10 8 10 10 10 10 10 10 10 10 10 8 10 8 10 10 10 10 10 8 10 10 8 10 10 10 10 10 10 10 10 10 8 10 10 10 10 10
left_child=2 4 5 11 -2 30 7 8 -7 -10 -3 33 13 14 15 49 18 -15 19 21 22 -17 50 -20 -25 -9 27 -27 29 -28 51 -8 44 -4 35 37 42 39 -39 43 -40 -41 -37 -13 48 46 47 -46 -33 -6 -19 -1
right_child=1 10 3 -5 12 6 31 25 9 -11 -12 34 -14 17 -16 16 -18 20 23 -21 -22 -23 -24 24 -26 26 28 -29 -30 -31 -32 32 -34 -35 -36 36 -38 38 40 41 -42 -43 -44 -45 45 -47 -48 -49 -50 -51 -52 -53
leaf_value=-0.018510744516996972 0.02779955056402084 -0.02710885170673101 0.03026757582465053 -0.019957146200138366 0.034309715878857984 0.016936820893525776 -0.020879905002998255 0.023830161169879214 -0.018959728545478206 0.0059009897380020845 -0.0023793583412298129 0.0005957866364188877 0.017275785658938836 -0.04435626393367316 -0.018147084039779163 -0.031182147831886709 -0.036208839113739219 -0.019664874972963303 0.021878821659465898 0.014567308312301588 0.012082798628131329 0.0016377098291046838 0.015168445898185827 0.011064950329006286 -0.022834200101222779 0.014719452112986003 0.0059518368578034197 -0.019008282088943632 0.0001880651552496599 0.032087187681456665 0.0038319967234579067 0.0087862288678099768 0.014723061325938048 0.01125697426051721 0.022217195488842302 0.005821479547688942 -0.018538820144258634 -0.013565729346835269 0.027196321223805487 0.04090479694393629 -0.0030761951485539585 0.015405904867414402 0.035604246326215963 0.021753490055186599 -0.020120158344471829 -0.031882496294349742 0.026556368931407358 0.0053271130869883511 -0.016053720282908687 0.0079286203893165728 0.0025885631416921067 0.00045922107372538631
leaf_weight=21.572377516888086 6.7104116091504684 102.2807562102098 28.509527820162475 13.595999661367385 7.7766429185867292 15.378830492496489 7.4649668154306701 35.325138008221984 18.575891509652138 15.154562895186244 7.6031310837715855 18.090298777446154 6.0308718914166084 6.6495254896581164 31.950053788721561 12.930174713954335 5.9253527196124187 45.118969201110303 12.198604279197751 5.3338844133540979 7.2641322044655672 5.7321394588798276 4.3682786049321285 16.477084065787498 8.1735565168783051 11.880460606887935 11.914510948583482 11.133416464552285 12.504606065340338 25.015749517828226 21.998603068292141 30.350392042659223 15.29012692440301 13.060603194870053 27.795753379352391 10.416659578680994 13.339876312762501 11.326177714392541 14.425087358802559 15.945633678697051 10.801490681245921 14.121823405846952 6.0592698333784929 12.971408410929142 10.706156229600309 9.2724435878917557 6.605547043029218 10.71730977389962 5.9194444315507999 6.6047855550423265 5.4450527355074874 9.5544911683537048
leaf_count=173 63 1187 194 153 82 71 81 246 125 79 77 122 82 102 406 193 64 814 167 76 92 70 92 172 120 106 72 74 94 155 148 437 166 105 189 132 191 78 97 111 80 99 102 94 179 137 89 171 93 75 116 91
internal_value=5.50309e-05 -0.0132705 0.00790902 0.0130915 -0.00642272 0.00434753 0.00648557 0.0107083 -3.56069e-05 -0.00778278 -0.0254003 0.0153756 -0.00764628 -0.00847413 -0.00466778 0.000636326 -0.00400879 -0.0147229 -0.00086677 -0.0131509 -0.0115482 -0.0210887 -0.0146785 0.00712586 -0.00016591 0.0156063 0.0115918 -0.00158575 0.0177315 0.0236639 -0.00583763 -0.000389148 0.00132993 0.0243026 0.0129838 0.0109682 0.000977508 0.0140148 0.00560599 0.0190379 0.014225 0.0289407 0.0167959 0.00944132 -0.00145043 -0.00746087 0.000611513 -0.00737856 0.00472369 0.0222174 -0.0172632 -0.0126798
internal_weight=821.368 304.573 516.795 210.46 194.69 306.335 253.21 156.883 49.1093 33.7305 109.884 196.864 187.979 181.948 113.102 81.1522 66.7708 68.846 60.8454 23.9962 62.1964 18.6623 54.9323 36.8492 24.6506 107.774 72.4487 23.0139 49.4349 36.9303 53.1255 96.3264 88.8614 41.5701 155.293 127.498 29.8158 97.6819 36.5528 61.1292 25.2266 30.0675 16.4759 31.0617 73.5713 37.3015 28.029 21.4235 36.2698 14.3814 50.564 31.1269
internal_count=8584 4050 4534 1747 2786 2787 2375 1022 275 204 1264 1594 2723 2641 1425 1019 862 1216 798 339 1114 263 1022 459 292 747 501 180 321 227 412 1353 1272 299 1295 1106 425 681 255 426 177 210 234 216 1106 576 439 350 530 157 930 264
is_linear=0
shrinkage=0.029818


Tree=13
num_leaves=53
num_cat=0
split_feature=1 1 4 0 4 4 0 1 1 9 0 4 2 1 9 0 0 4 4 0 0 4 4 0 8 0 0 9 1 1 2 4 4 2 9 2 8 8 9 4 8 9 9 0 4 9 1 4 9 0 2 0
split_gain=92.1776 18.0521 13.692 11.0238 9.01103 6.42953 6.91233 6.28797 9.42235 6.24623 5.97802 6.78338 6.77186 11.421 7.30381 5.2577 4.44063 4.10557 4.93494 5.52628 6.92213 4.60258 6.64883 4.50264 4.04054 4.02595 4.59978 3.71586 3.58946 5.09069 3.88625 3.74882 5.72951 3.53551 3.2927 3.25261 3.18665 3.07828 3.00184 2.80602 7.58258 5.93624 5.28802 5.60788 7.40749 5.05494 4.9609 4.03194 3.80561 4.58461 5.48044 3.03684
threshold=95.468994914027988 54.050490996420706 0.93676866881963072 -230.40437514984583 1.3222500809978406 3.8629813356609719 -714.44322288887429 63.236915131821483 66.356891006901563 0.024497431390351546 -931.35550609994755 3.518358267307736 0.19292803970223324 30.312729351519735 0.0033960279059817027 -453.63030253391872 -1195.8071681706463 2.148270855697143 1.4837356204103818 -639.91113895954993 -394.87597131341221 2.6183036705487246 2.7985447967077421 -338.45898965376483 -3.2564576989325116 -449.05695406437559 -541.73138127820823 0.026609089982465143 41.935266621341647 44.882503187374105 0.079999999999999988 12.337613685906136 6.9071337478029937 0.065830882732291138 -0.0043230973725877355 0.072289156626506035 0.96205146628064842 9.3188675344359222 -0.0069067471029229379 1.9030690182872934 -11.415836562518484 -0.046948956170912319 -0.011631953998461729 -1296.1016791689442 2.2753840011624171 -0.015933787001564444 78.79713907941256 2.1429958508187412 -0.0051631505625181475 -1116.5724979284087 0.045429975429975393 -1689.840157426723
decision_type=8 10 8 10 10 10 10 10 10 2 10 10 10 10 2 8 8 10 10 10 10 10 10 10 8 8 10 2 10 10 10 10 10 10 2 8 8 10 2 10 10 2 2 10 10 2 10 8 2 8 10 10
left_child=1 3 -2 10 38 6 39 24 -9 34 11 -1 17 14 -14 27 -13 18 19 -12 25 -19 -23 -22 -8 26 -21 -10 31 -30 -31 32 36 -6 35 37 -24 -7 -4 40 -3 -41 -43 44 -44 -42 -46 -45 -47 51 -51 -50
right_child=2 5 4 -5 33 9 7 8 15 -11 12 16 13 -15 -16 -17 -18 21 -20 20 23 22 28 -25 -26 -27 -28 -29 29 30 -32 -33 -34 -35 -36 -37 -38 -39 -40 41 45 42 43 47 46 48 -48 -49 49 50 -52 -53
leaf_value=-0.0080893943777065741 0.024045361440413783 -0.046889130983952254 -0.016876183420437924 -0.019945408188474265 -0.014818340856236968 -0.016148335533794904 -0.023756270887849647 0.038079282909266203 0.0050596076431355108 -0.012307714420169464 0.034336659011075528 0.025430526751646431 -0.026447220350143647 0.028049899404482818 0.0033449460070092045 0.028536098864643689 0.0018346843624287203 -0.0011305905925620451 0.033193301940059414 -0.0033084545773021494 0.034361456995847646 0.033941760722030895 0.017038412752504464 0.012557233614147848 0.0033472559829765456 -0.010923617677445914 0.021368875623089832 -0.02076336427110706 0.037145524623868248 0.024693372038447705 -0.0011376682128369491 0.019624656035525965 -0.010576904595070075 0.0049597453550470488 0.027230342303659082 0.024751952402382836 -0.0015618272199831322 0.016276988347714197 -0.029144646386966445 0.020140278364583306 -0.026777346705168938 -0.016101780333943137 -0.015241027871729915 0.011968547157621339 0.0036600845257335184 0.020213725917670192 0.036203654926195476 -0.012004586797849853 -0.011859646633000166 0.0051766578291195867 -0.028887806893186124 0.012694331803456662
leaf_weight=28.194398262538016 6.4630231224000445 4.7478984836488953 23.570190947968513 10.462894487660376 67.118857534602284 6.0474605523049849 8.4059669757261855 9.7152556870132667 23.19330219458789 8.2012712117284519 12.797299041412769 12.953809222206472 11.133429299108682 11.193041108548639 21.291359913535416 6.8514476958662263 15.724493886344137 21.705613614059985 18.750626340508461 11.991303553804753 16.002512811683118 12.973385028541086 22.890546163544062 17.897015911526978 11.651644147001209 10.945763485506175 15.211718627251686 6.2962020405102512 10.063934977166356 9.9484174419194478 10.756657218560575 17.138834161683917 17.164916723966599 9.1052465019747597 14.662831130437555 6.368658539839088 12.710582543164486 4.5617558257654309 73.362589911557734 9.3091944241896254 9.8945799255743605 26.269322450272739 6.6872142711654332 7.8082470279186955 7.4975107572972801 5.4160446822643271 9.4241576110944134 30.797154845669866 7.0642800303176072 6.4060392873361733 12.114880545996128 12.197882767766712
leaf_count=238 98 85 267 142 1021 97 96 114 295 106 95 109 90 84 163 117 126 153 135 75 88 90 128 92 132 77 104 103 70 71 85 93 121 123 177 76 83 72 859 132 172 366 88 136 101 77 98 468 110 103 196 187
internal_value=0.000240228 0.00575695 -0.018539 0.0101867 -0.0201304 -0.000167336 -0.0021499 0.00592525 0.0119958 0.0108595 0.0111165 0.00229027 0.012892 0.00208043 -0.00687797 0.0050125 0.0125039 0.0148643 0.0193358 0.016269 0.0130546 0.0114395 0.0138426 0.0228604 -0.00800033 0.00433278 0.010482 -0.000446432 0.0112488 0.0197404 0.0112628 0.00750661 0.00356447 -0.0124521 0.0168736 0.00790969 0.0103906 -0.00218005 -0.0261649 -0.00558202 -0.0107892 -0.0024991 -0.00488466 -0.000143417 0.011299 -0.00755315 0.021804 -0.00714826 -0.00314196 -0.00649851 -0.0170923 0.00367488
internal_weight=791.113 611.493 179.62 349.903 173.157 261.59 221.748 66.1138 46.0562 39.842 339.44 56.8727 282.567 43.6178 32.4248 36.341 28.6783 238.949 103.596 84.8456 72.0483 135.353 113.647 33.8995 20.0576 38.1488 27.203 29.4895 100.674 30.769 20.7051 69.9049 52.766 76.2241 31.6407 16.9779 35.6011 10.6092 96.9328 155.634 57.8416 97.7928 88.4836 62.2143 23.6089 53.0937 16.9217 38.6054 43.1991 37.7831 18.5209 19.2622
internal_count=8584 6216 2368 2512 2270 3704 3176 857 629 528 2370 473 1897 337 253 515 235 1560 666 531 436 894 741 180 228 256 179 398 651 226 156 425 332 1144 422 245 211 169 1126 2319 930 1389 1257 891 287 845 199 604 673 596 299 297
is_linear=0
shrinkage=0.029818


Tree=14
num_leaves=53
num_cat=0
split_feature=1 1 4 1 4 5 2 4 9 5 2 4 8 9 2 5 1 2 9 9 9 9 2 4 5 5 1 1 2 1 9 2 4 1 9 5 9 8 2 8 5 2 8 5 4 9 1 8 8 5 2 2
split_gain=83.4149 16.6363 11.8782 8.91088 8.31875 5.89412 8.33461 5.01014 5.09541 4.41015 5.19022 5.6244 4.64811 5.12588 4.2362 4.21793 6.56548 4.87042 6.35582 4.21876 3.75734 5.72526 4.26117 4.03937 3.75306 3.7987 3.47277 3.50567 3.4168 3.20363 3.24393 3.02444 3.01173 5.63911 6.39642 5.60879 5.45409 2.83472 8.38471 3.86405 4.14373 4.06534 3.30954 3.08145 2.89368 2.74566 2.73175 2.68423 5.02695 2.64332 5.48178 4.71691
threshold=95.468994914027988 54.050490996420706 0.93676866881963072 16.781705054065945 1.3222500809978406 -209.96916416284247 0.23592662871600259 3.8629813356609719 0.024497431390351546 -364.28076216479752 0.082031562925578838 6.9220122750159829 -0.78164795106165819 -0.0043230973725877355 0.10765565642907736 -158.88419121240341 75.016418461220937 0.1176470588235294 0.0096275821856445249 0.019192022975186965 -0.046948956170912319 0.018102005205369868 0.12786919610103764 2.9336371341104459 -918.47570328925974 -483.34294577857457 78.005532923916519 86.259520602778693 0.15450928381962872 83.071331911447871 -0.0043230973725877355 0.066666666666666777 2.6707373944412907 72.663128851211596 -0.0069067471029229379 -733.52250958552088 -0.0072664337312649532 0.09939599537222131 0.14190439309840372 -3.1162486548313177 -101.33248772755969 0.11067366579177605 -1.2508914414279764 -43.03154152244992 2.4315420533094971 -0.0069067471029229379 62.568962765818306 12.775360461761016 16.332828885117497 -1237.9099235416679 0.055666223992917291 0.095238095238095219
decision_type=8 10 8 10 10 10 10 10 2 10 10 10 10 2 10 10 10 10 2 2 2 2 10 10 10 8 10 10 10 8 2 10 10 10 2 10 2 10 10 10 10 10 10 10 10 2 10 10 10 10 8 10
left_child=1 3 -2 -1 45 9 37 15 29 10 11 24 14 -14 -11 32 17 18 -17 -20 -12 22 23 -22 -5 -26 -18 -28 -24 30 46 47 49 36 -35 -36 -34 39 44 40 -7 42 -41 -42 -39 -4 -9 -6 -49 50 -3 -51
right_child=2 7 4 5 31 6 -8 8 -10 12 20 -13 13 -15 -16 16 26 -19 19 -21 21 -23 28 -25 25 -27 27 -29 -30 -31 -32 -33 33 34 35 -37 -38 38 -40 41 43 -43 -44 -45 -46 -47 -48 48 -50 51 -52 -53
leaf_value=-0.015298340631555609 0.020779299739767713 -0.0066210553786524478 -0.01643949013431116 -0.0090322967213424359 -0.017296426583762042 0.026787382248163221 -0.0070567531963212299 0.015969579141680627 -0.011133961237783391 0.0054604351221227568 0.0023740008781195886 -0.019727091478390048 -0.0081061912256034426 0.017927553436193903 -0.017424118857321352 0.030123890314413621 -0.031212310066934951 0.037336356008661344 -0.021198599925774945 0.0091448732825267064 0.04375266006689877 0.0010325793902201041 -0.00015731025218023069 0.021409934885701989 0.024526383491540352 -0.0010644311636263278 0.0097472145392112266 -0.015578324835988061 0.023339042353954155 0.034306227905431162 0.02133255457053912 0.0045628057760453353 0.0091780086678660625 -0.0074458808134872491 0.045633262160982804 0.008393158157107207 -0.019376570812439597 0.028273530519224009 -0.0093518723791812253 0.029186595196227974 -0.0043058713555170127 0.033612006649668923 0.0060803790208042857 0.016809292287235177 0.0086382875215191904 -0.0283264505753042 -0.011847183584582257 0.020139358979014289 -0.016463009747489526 -0.0085346836714414835 -0.03688365980685715 0.0075878944826098475
leaf_weight=11.904333232901989 6.8056551087647668 18.54705003742129 23.197609154041857 8.5633396040648204 51.64247546158731 13.61726908572018 13.183637611567972 5.4383233906701225 8.2611605366691929 12.488438606262209 17.444875999353826 8.5862441323697549 10.20848502032459 19.628851574845612 16.906543554738164 8.070889865979554 4.2047537667676833 6.3801014348864546 6.3735127896070507 11.269055731128899 11.26833501737565 14.15861466154456 10.345622209832074 20.175275295972824 12.888983068987725 8.5629740334115976 11.064365596510472 8.6569384206086379 11.697114966809748 6.239034427329897 12.327647123485805 8.6789684304967505 9.84283285867423 9.0375246964395064 6.3161812042817465 8.3986777830868942 14.984358618035911 16.424301815219227 12.226136927492915 10.130132738500835 12.253803969360886 28.614857523702085 12.168896023184059 12.290540593676271 11.325641782954333 69.404148126021028 7.4140347726643085 5.3539021182805291 8.8319929251447302 64.016179631929845 7.4788770442828527 21.55079448223114
leaf_count=96 98 231 267 81 821 81 147 79 106 85 124 66 68 150 110 94 55 63 103 163 76 128 64 132 127 65 181 191 91 74 150 117 150 132 62 119 183 103 102 86 84 198 77 88 83 859 119 51 155 1058 143 248
internal_value=0.000349376 0.00567583 -0.0178086 0.0100275 -0.0193821 0.0109557 0.0155101 -5.56831e-05 0.00968199 0.0074126 0.0106166 0.00154007 0.000717143 0.00901152 -0.007693 -0.00184432 0.00519589 0.0140118 0.00820989 -0.00180371 0.0147308 0.0179133 0.0223765 0.0294292 0.00763429 0.0143003 -0.00661862 -0.00135695 0.0123007 0.0151644 0.0104068 -0.0119576 -0.00430833 0.00188426 0.0122743 0.0244031 -0.00804549 0.0178177 0.0112048 0.020782 0.0135919 0.0261646 0.0165921 0.00625745 0.0202715 -0.0253523 -5.48711e-05 -0.0141399 -0.00262848 -0.00700652 -0.0153314 -0.0044708
internal_weight=766.85 592.936 173.915 337.063 167.109 325.159 142.235 255.872 39.6802 182.924 123.691 38.6015 59.2323 29.8373 29.395 216.192 56.0196 32.0936 25.7135 17.6426 85.0898 67.645 53.4863 31.4436 30.0153 21.452 23.9261 19.7213 22.0427 31.419 25.18 74.5073 160.172 48.5796 23.7524 14.7149 24.8272 129.052 39.9761 89.0755 38.1616 50.9139 22.299 24.5443 27.7499 92.6018 12.8524 65.8284 14.1859 111.593 26.0259 85.567
internal_count=8584 6216 2368 2512 2270 2416 1049 3704 528 1367 954 339 413 218 195 3176 850 423 360 266 615 491 363 208 273 192 427 372 155 422 348 1144 2326 646 313 181 333 902 288 614 253 361 163 172 186 1126 198 1027 206 1680 374 1306
is_linear=0
shrinkage=0.029818


end of trees

feature_importances:
iv_to_spot_change_ratio_1dte_close=117
entry_bid_ask_spread_pct=94
theta=91
theta_x_atmf_iv_5dte_percentile_252d=90
vega=89
leverage=87
spx_10d_returns=69
vega_x_VIX_5d_pct_change=50
entry_bid_ask_spread=47
rom_roll_std_30d=46

parameters:
[boosting: gbdt]
[objective: lambdarank]
[metric: ndcg]
[tree_learner: serial]
[device_type: cpu]
[data_sample_strategy: bagging]
[data: ]
[valid: ]
[num_iterations: 2000]
[learning_rate: 0.029818]
[num_leaves: 53]
[num_threads: 4]
[seed: 20260829]
[deterministic: 1]
[force_col_wise: 0]
[force_row_wise: 0]
[histogram_pool_size: -1]
[max_depth: -1]
[min_data_in_leaf: 74]
[min_sum_hessian_in_leaf: 0.001]
[bagging_fraction: 0.627653]
[pos_bagging_fraction: 1]
[neg_bagging_fraction: 1]
[bagging_freq: 3]
[bagging_seed: 25539]
[bagging_by_query: 0]
[feature_fraction: 0.645839]
[feature_fraction_bynode: 1]
[feature_fraction_seed: 1518]
[extra_trees: 0]
[extra_seed: 10840]
[early_stopping_round: 0]
[early_stopping_min_delta: 0]
[first_metric_only: 0]
[max_delta_step: 0]
[lambda_l1: 0.00899594]
[lambda_l2: 0.00340669]
[linear_lambda: 0]
[min_gain_to_split: 0]
[drop_rate: 0.1]
[max_drop: 50]
[skip_drop: 0.5]
[xgboost_dart_mode: 0]
[uniform_drop: 0]
[drop_seed: 2781]
[top_rate: 0.2]
[other_rate: 0.1]
[min_data_per_group: 100]
[max_cat_threshold: 32]
[cat_l2: 10]
[cat_smooth: 10]
[max_cat_to_onehot: 4]
[top_k: 20]
[monotone_constraints: ]
[monotone_constraints_method: basic]
[monotone_penalty: 0]
[feature_contri: ]
[forcedsplits_filename: ]
[refit_decay_rate: 0.9]
[cegb_tradeoff: 1]
[cegb_penalty_split: 0]
[cegb_penalty_feature_lazy: ]
[cegb_penalty_feature_coupled: ]
[path_smooth: 0]
[interaction_constraints: ]
[verbosity: -1]
[saved_feature_importance_type: 0]
[use_quantized_grad: 0]
[num_grad_quant_bins: 4]
[quant_train_renew_leaf: 0]
[stochastic_rounding: 1]
[linear_tree: 0]
[max_bin: 255]
[max_bin_by_feature: ]
[min_data_in_bin: 3]
[bin_construct_sample_cnt: 200000]
[data_random_seed: 4788]
[is_enable_sparse: 1]
[enable_bundle: 1]
[use_missing: 1]
[zero_as_missing: 0]
[feature_pre_filter: 1]
[pre_partition: 0]
[two_round: 0]
[header: 0]
[label_column: ]
[weight_column: ]
[group_column: ]
[ignore_column: ]
[categorical_feature: ]
[forcedbins_filename: ]
[precise_float_parser: 0]
[parser_config_file: ]
[objective_seed: 17936]
[num_class: 1]
[is_unbalance: 0]
[scale_pos_weight: 1]
[sigmoid: 1]
[boost_from_average: 1]
[reg_sqrt: 0]
[alpha: 0.9]
[fair_c: 1]
[poisson_max_delta_step: 0.7]
[tweedie_variance_power: 1.5]
[lambdarank_truncation_level: 5]
[lambdarank_norm: 1]
[label_gain: 0,1,3,7,15]
[lambdarank_position_bias_regularization: 0]
[eval_at: 1,3]
[multi_error_top_k: 1]
[auc_mu_weights: ]
[num_machines: 1]
[local_listen_port: 12400]
[time_out: 120]
[machine_list_filename: ]
[machines: ]
[gpu_platform_id: -1]
[gpu_device_id: -1]
[gpu_device_id_list: ]
[gpu_use_dp: 0]
[num_gpu: 1]

end of parameters

pandas_categorical:[]
