tree
version=v4
num_class=1
num_tree_per_iteration=1
label_index=0
max_feature_idx=19
objective=lambdarank
feature_names=theta vega entry_bid_ask_spread_pct iv_to_spot_change_ratio_1dte_close rom_roll_std_30d theta_x_atmf_iv_5dte_percentile_252d entry_bid_ask_spread leverage vega_x_VIX_5d_pct_change spx_10d_returns gamma_x_morning_spx_rv_annualized morning_spx_log_return atmf_iv_10dte_intraday_range jobless_claims iv_at_strike_minus_atmf_x_VIX_VIX9D_spread iv_term_slope_5d_30d morning_vix_change prior_day_strategy_drawdown_max_5d vix_z_60d rom_roll_skew_30d
feature_infos=[-7697.42948726533:-96.192032199531141] [10.153572579096968:166.46298008069991] [0.0067796610169492486:1.9560439560439562] [-414863.02644383919:121344.18546477477] [7.1417041269969607e-17:19.770253581632318] [-7575.2480668325461:0] [0.049999999999999822:29.899999999999999] [12.51586456957032:1073.1554712918908] [-58.122415431031989:156.45242140692821] [-0.23386323847009061:0.19052471618843292] [0.00050198565975699322:0.029708705204148592] [-0.029011813819852964:0.026209351931648178] [0.0036709204201514634:0.2613707868372882] [152144:6161268] [-6.5795764598266988:0.58289359397191487] [-0.50666580450779986:0.067287322754047196] [-17.640000000000001:24.859999999999999] [0:30374.000000000073] [-2.0836522372647459:6.9859947436689716] [-5.4772255750516701:5.0258428426019996]
tree_sizes=1951 4451 3904 4195 4087 4167 3812 2885 3763 3560 4040 3787 4304 3773 3866 4280 3992 3913

Tree=0
num_leaves=19
num_cat=0
split_feature=1 10 0 0 5 1 1 7 1 10 5 4 1 7 10 0 0 10
split_gain=214.155 24.5742 13.0774 10.6459 4.40941 2.0005 1.40504 0.925655 0.708995 0.680086 0.934458 0.654897 0.481871 0.230255 0.811462 0.415754 0.138157 0.00506628
threshold=75.016418461220937 0.0082175203127836677 -901.8695740036361 -255.78932742456712 -412.96510906957286 53.726038327006769 58.523962718597119 400.91418923717453 56.117804409232356 0.0045181941670298948 -547.34026272815515 2.9515685833095571 71.63300653959918 132.84701214838284 0.0046933433216283871 -682.26429090274166 -2485.5319709129876 0.013590311869803392
decision_type=8 10 10 10 8 10 10 10 10 10 10 10 10 10 10 8 10 8
left_child=1 3 4 5 9 -1 17 12 -7 -2 11 16 -8 -4 -15 -16 -11 -3
right_child=2 6 13 -5 -6 8 7 -9 -10 10 -12 -13 -14 14 15 -17 -18 -19
leaf_value=0.069989348229149873 0 0.0016096353698882098 0 0 -0.098402186894955626 0 -0.031235115285954594 0 0.025286894580855868 0 0 0 0 0 -0.034947338123677132 0 -0.061423453486786329 0
leaf_weight=127.23414652887732 2.9902784157311535 11.217116128653284 3.3036764105781939 20.874507397413254 87.195139152230695 2.8577183471061316 17.123618343845017 3.0386060979217282 22.947209433652461 3.1999086979776648 3.6398511421866706 5.6131947664543977 2.6321602640673509 3.7582857373636243 6.8930762473028153 7.2512490070657787 22.022458606399599 2.376931162085385
leaf_count=1677 109 449 79 184 1647 101 570 84 803 92 120 243 100 133 232 297 647 83
internal_value=-0.00324519 0.0447237 -0.0746701 0.0568079 -0.0844159 0.063772 -0.00393739 -0.0194577 0.0202711 -0.0430042 -0.0460757 -0.0504721 -0.0265658 -0.00176042 -0.00880293 -0.0206703 -0.0571232 0
internal_weight=356.169 210.302 145.867 173.914 124.661 153.039 36.3884 22.7944 25.8049 37.4657 34.4754 30.8356 19.7558 21.2063 17.9026 14.1443 25.2224 13.594
internal_count=7650 4051 3599 2765 2858 2581 1286 754 904 1211 1102 982 670 741 662 529 739 532
is_linear=0
shrinkage=0.0757959


Tree=1
num_leaves=43
num_cat=0
split_feature=0 6 2 10 10 2 5 0 3 2 2 14 3 0 3 3 3 14 14 0 6 11 9 3 14 6 9 5 3 3 3 13 5 14 6 3 3 10 0 0 0 14
split_gain=429.36 82.7486 39.201 24.0339 20.3862 12.8522 11.341 13.2233 12.6118 16.7029 11.0139 8.07766 7.43108 7.41344 7.1629 6.7725 5.86209 5.80144 6.14648 5.66948 5.39177 5.79542 5.37914 7.05637 3.93996 3.41427 3.22359 3.05115 2.94171 2.71174 2.3193 2.18253 1.47157 1.39359 0.96955 0.960865 0.839788 0.792867 0.376259 0.36528 1.70604 0.215608
threshold=-217.8833632646315 0.27499999999999875 0.043227755457971286 0.0070213897143957321 0.0029952313247103876 0.065830882732291138 -218.07055733165092 -576.46494551816193 -99.996332933058042 0.072289156626506035 0.089674078586658587 -0.0047194685192550306 620.28883468991046 -265.598468227463 12.637516625416419 -7.5623656330189748 -4.9481384204164378 -0.0066078755776233589 0.011182397886818711 -697.80664948364029 0.79999999999999816 -0.00052067669265114605 0.002968698846243734 17.89685272391857 0.0013024422265431686 0.17499999999999985 0.022618446157649411 -1088.7677657018614 -20.599894039171271 -70.029890803493387 28.044080103881509 198789.00000000003 -1314.8978789675296 0.0022179593658790708 0.79999999999999816 -788.6448680882155 -99.996332933058042 0.0069122567945639913 -861.2696020318707 -677.5504670240307 -842.13836733692358 0.012391322320916403
decision_type=8 10 10 10 8 10 10 10 8 10 10 10 10 10 10 10 8 10 10 8 10 2 2 10 10 10 2 10 10 8 8 2 10 8 10 8 8 10 10 10 10 10
left_child=1 2 16 5 -2 24 7 8 -4 15 17 -9 13 35 20 -10 25 32 36 22 21 -12 37 -24 -3 38 41 -27 -26 -22 -17 -7 -5 -16 -33 -8 -19 -18 -1 40 -37 -13
right_child=4 3 6 10 -6 31 12 11 9 -11 14 26 -14 -15 33 30 19 18 -20 -21 29 -23 23 -25 28 27 -28 -29 -30 -31 -32 34 -34 -35 -36 39 -38 -39 -40 -41 -42 -43
leaf_value=0.0032801870755454895 -0.019802247742114986 -0.036188657106618637 0 0.01306659678268921 -0.10337515624854833 0 0.012768709070351901 -0.018860428257452617 0.049116023472810771 0.078718980288028845 0 0.0063366167585916658 0 0 -0.049569806002887427 -0.030308549908154875 0.054538950201110138 -0.013444853804327452 0 0.070690172957043287 -0.03736860559299137 0.068855860026537083 0.017361075074219096 -0.04378091530403503 0.033314507542803899 0 0 -0.049397908593707608 -0.011374010801945611 0.0035783711636314238 0.0057153682194136923 0.050073101919431755 -0.0254289259170912 0 0 0.046309195029153788 -0.060855668154828006 0 -0.011874667772770757 0.068170223311318487 0 0.042913532857852939
leaf_weight=22.834200788289309 29.248150136321783 22.009692724794149 27.52377599850297 12.111578989773991 210.00117345992476 14.7094554528594 18.907724283635616 37.053935438394547 19.369020812213421 72.276154763996601 11.180325258523228 28.616149827837944 23.694186214357615 19.524988558143377 16.459962893277407 13.866463433951138 9.4423860237002391 22.397719245404005 16.172255050390959 8.4406720250844938 11.120878919959067 15.345767255872486 10.814715005457399 23.249955222941935 13.001969074830415 8.777014706283806 25.233851172029972 25.161791857331991 18.932177972048521 10.385029517114164 17.472121935337785 42.474770456552505 9.8552114143967611 11.345953811891379 15.286728858947752 16.685439348220825 80.127194652333856 9.9306100420653802 13.569447346031664 194.54506654664874 15.675303511321543 30.723785076290369
leaf_count=178 83 174 161 129 908 105 87 88 146 314 97 105 135 97 106 87 68 171 175 66 58 130 131 215 110 92 111 237 150 127 120 290 83 118 80 140 695 120 99 833 139 92
internal_value=-0.00280228 0.0180597 0.0332487 -0.0116879 -0.094544 0.0128281 0.0420321 0.0281875 0.0436974 0.0540907 -0.0275314 0.00627022 0.0539198 0.0576873 0 0.0124462 -0.00152702 -0.0402041 -0.0468638 0.0125128 0.013434 0.0385965 0 -0.0146578 -0.0107286 -0.0185824 0.0211955 -0.0359607 0 -0.00222744 0 0.0349277 0 -0.034167 0.0418035 0.0613628 -0.0537304 0.0348734 0 0.063952 0.0283471 0.0308584
internal_weight=1275.55 1036.31 693.389 342.917 239.249 126.415 561.168 272.135 150.508 122.984 216.502 121.628 289.033 265.339 75.8379 50.7076 132.221 140.664 118.697 61.8783 48.032 26.5261 53.4377 34.0647 53.9438 70.3425 84.5738 33.9388 31.9341 21.5059 31.3386 72.471 21.9668 27.8059 57.7615 245.814 102.525 19.373 36.4036 226.906 32.3607 59.3399
internal_count=7650 6659 3861 2798 991 909 2655 1224 828 667 1889 396 1431 1296 636 353 1206 1253 1041 600 412 227 534 346 434 606 308 329 260 185 207 475 212 224 370 1199 866 188 277 1112 279 197
is_linear=0
shrinkage=0.0757959


Tree=2
num_leaves=38
num_cat=0
split_feature=1 1 1 2 15 3 17 12 3 2 18 12 17 12 3 3 11 3 12 18 11 12 11 9 2 11 1 3 1 3 1 2 9 1 18 11 18
split_gain=259.736 36.9634 24.5158 18.1945 6.29803 7.94199 4.76784 4.46805 6.46569 4.45493 4.16394 7.33346 3.47911 3.3799 6.14676 9.38232 2.90599 2.80783 2.73245 2.67922 2.58277 3.31231 3.30323 2.52947 5.58173 2.44072 2.41714 2.16059 1.87763 1.7778 1.60857 1.46018 1.23618 0.53571 0.539609 0.167079 0.12004
threshold=95.468994914027988 51.181837892018045 97.295902040937563 0.16666666666666669 -1.0000000180025095e-35 18.757024237956831 4254.9999999999973 0.018739573705398357 -7.865379294881639 0.036968703020363557 -1.188329519081067 0.016973533008941142 1.0000000180025095e-35 0.032953730101282615 -97.456137181261838 -10.133703928293718 -0.00066276122849568732 -196.80783144757473 0.01192478191128918 1.0908241227348976 -0.00017801464309187413 0.0075487499328161381 0.0022162789087366943 0.011346606820430318 0.057142857142857176 -0.00059347659709043971 23.536527239619868 102.94725607931095 27.004389597421056 -164.41363595867213 102.23051264700767 0.095238095238095219 0.0024847131948367855 72.663128851211596 -0.3307171357687903 -0.0031222454935493911 -1.0000000180025095e-35
decision_type=8 10 10 10 8 10 10 10 8 10 2 10 10 10 10 10 2 10 10 2 2 10 2 2 10 2 10 10 10 8 10 10 2 10 2 2 2
left_child=1 3 -2 13 7 9 12 18 17 33 -5 28 30 16 -15 -16 -1 -9 -3 32 29 -22 36 25 -25 -7 -13 -27 -12 -11 -4 -26 -10 -6 -35 -31 -23
right_child=2 4 6 10 5 23 -8 8 19 20 11 26 -14 14 15 -17 -18 -19 -20 -21 21 22 -24 24 31 27 -28 -29 -30 35 -32 -33 -34 34 -36 -37 -38
leaf_value=0.071319771365706192 -0.090477486690088427 0 0 0.037527641546742554 0 -0.0069280739378615374 0 0 -0.031246822068227379 -0.0026639812215025036 -0.045485356534014712 0 -0.064575886212873759 -0.0033874118464163384 0.074775094788792976 0 0.039687508755509707 -0.052955442724508146 0.037051523557286289 0.025245522802984803 0 0.069326822896430371 0 0.00078731449637791892 -0.04839075605313687 0 0.031257986619602163 0.055880743301273232 0 0 -0.025849311662140273 0 0 -0.02585255010867785 0 0.022352267963856441 0.00058055217826545808
leaf_weight=75.148758454248309 145.80140552856028 8.0195177225396055 10.633058018982409 20.490397548303008 7.9471369534730938 11.336526118218901 22.496015513315797 9.7253888584673387 13.541806111112239 15.828313941136001 18.158177625387907 30.707309292629361 41.440201495308429 17.32481936365366 21.33990809880197 30.056164970621467 152.70592806488276 35.498964570462704 12.052335378713904 14.506308931857346 9.4824262373149377 27.814265551045533 14.070227774791418 17.68132321536541 25.402801292017102 8.0764311384409684 29.871071407571435 8.3202447392977756 17.147755742073059 6.902974307537078 33.733519875444472 10.601909613236783 7.9559039231389752 9.2265261765569484 7.3575010802596781 24.044270149432126 10.779298998415472
leaf_count=405 1007 87 105 88 77 123 197 82 151 155 104 113 479 75 108 178 723 402 158 162 105 267 174 207 255 99 144 115 81 76 313 98 96 125 108 319 89
internal_value=-0.00218894 0.0204605 -0.0684787 0.0354028 0 0.00826004 -0.0357976 -0.0145743 -0.0238771 0.0204097 0.00652714 0 -0.044006 0.0456164 0.0210285 0.0356958 0.0515773 -0.0429522 0.00658297 0 0.0273001 0.0391069 0.0465387 -0.00758946 -0.0188486 0.00227508 0.0158982 0.0288072 -0.0275527 0.00453064 -0.0173174 -0.0376773 -0.0168882 0 -0.0136159 0.0189008 0.058708
internal_weight=983.227 729.123 254.104 412.95 316.172 214.872 108.303 101.3 81.2284 133.453 116.375 95.8843 85.8068 296.576 68.7209 51.3961 227.855 45.2244 20.0719 36.004 108.922 62.1462 52.6638 81.4192 53.686 27.7332 60.5784 16.3967 35.3059 46.7756 44.3666 36.0047 21.4977 24.5312 16.584 30.9472 38.5936
internal_count=7650 5549 2101 2019 3530 2392 1094 1138 893 1495 530 442 897 1489 361 286 1128 484 245 409 1185 635 530 897 560 337 257 214 185 550 418 353 247 310 233 395 356
is_linear=0
shrinkage=0.0757959


Tree=3
num_leaves=41
num_cat=0
split_feature=10 0 2 2 6 3 9 9 8 10 8 3 7 6 7 3 19 19 7 7 10 0 3 9 9 19 12 10 3 0 2 12 6 0 9 7 0 10 9 12
split_gain=146.062 31.2085 14.0688 10.696 12.8647 7.90793 5.27956 5.09032 5.23434 4.67743 4.3666 4.30015 5.45267 4.22624 4.03153 4.14952 3.69256 3.52036 3.77791 3.31779 3.23069 3.06384 3.01715 2.05304 1.96804 1.93503 1.91301 1.60945 1.9406 1.83824 1.59857 1.27122 3.88666 1.12858 1.11397 2.02615 1.04793 0.803557 0.706953 0.10327
threshold=0.015639297417586739 -915.85670811319744 0.086956521739130474 0.16666666666666669 0.17499999999999985 15.090098438680513 -0.046948956170912319 -0.0055408714063696065 -7.7075610423814345 0.0042735975035800592 3.9242636769514685 785.78688878351932 473.75005701491312 1.1250000000000009 201.395189446795 -239.11872946998943 -4.1984960705824603 -2.5185903362146984 326.59833447965542 102.86179719884016 0.0021206214701339561 -1057.9770761917889 -489.13952254159693 0.0055074780767716556 0.0087024167478487752 -3.7318058599059762 0.015952804832015961 0.01169965011078015 34.511354937858762 -1658.671847953093 0.044108450645506454 0.014816332121745894 0.29999999999999943 -572.31365374199322 0.0090465012412417351 245.46885500465797 -692.36876144753739 0.0063687304529026567 -0.0055408714063696065 0.046171783849536914
decision_type=8 10 10 10 10 8 2 2 8 10 10 8 10 10 10 10 10 10 10 10 10 10 10 2 2 10 10 10 10 8 10 10 10 8 2 10 10 10 2 10
left_child=1 2 6 4 10 13 19 9 30 -8 11 12 20 24 -5 -16 23 18 -17 -1 -3 27 -2 -6 -4 -23 -11 28 29 -10 -9 32 36 -12 38 -36 -18 -34 -33 -28
right_child=22 3 5 14 16 -7 7 8 21 26 33 -13 -14 -15 15 17 31 -19 -20 -21 -22 25 -24 -25 -26 -27 39 -29 -30 -31 -32 34 37 -35 35 -37 -38 -39 -40 -41
leaf_value=-0.0022151411046951552 -0.0043754183293395893 0.073917753639803851 0.070166952035434993 0.027512554813132261 0.051218330635218259 -0.013185084151239144 0 -0.052716133878014805 0 0 0.020427963978607591 0 0 0 -0.044957327168173203 0 -0.0014861606151576933 -0.028937749059929237 0.035019844198173437 0.042707468513094815 0.037100610294819716 0 -0.081265983390885768 0 0 -0.043373689313464844 -0.065210320347444672 -0.0058680377492273048 0 0.032999113217825636 0 0.0051204829033424572 0 -0.0021366146796321121 0.040323740244951743 0 0.020050721672725577 -0.046331687327233285 -0.016721120010434666 0
leaf_weight=9.7427279837429541 12.555944516323505 49.710120005533099 20.681625816971067 21.307631175965071 13.735618748702111 15.520170800387858 7.4320399323478332 19.584362552501265 13.886372162960468 8.330937944352625 15.357282303273676 15.353965330868958 20.354758556932211 15.032460955902932 15.251319876872001 14.291412394493817 8.295113109052183 16.798208539374173 22.690629906021059 10.703974660485981 143.03854022268206 8.1241886857897061 117.88709563505836 16.813885569572449 9.6121564395725709 14.050924122799186 38.494728690944612 11.24022660218179 11.373391651548443 30.124350706115365 9.1670173816382867 15.389000598341228 7.6982690300792482 14.907556733116509 12.024826041422786 10.051278876140712 14.912573732435702 15.220782092306761 13.064821343868969 9.1482572089880687
leaf_count=117 99 202 192 103 83 153 78 248 136 129 121 128 118 139 87 110 110 110 155 141 896 87 1037 166 101 189 445 144 145 428 128 122 75 98 122 78 157 201 142 130
internal_value=-0.00215577 0.0105117 -0.00961682 0.0222902 0.0277915 0.0196871 -0.0201143 -0.0247973 -0.0113764 -0.0444499 0.0377609 0.0415278 0.0443252 0.0382443 0 -0.0100831 0.00491074 0 0.0128863 0.00514089 0.0483186 0 -0.0764037 0.0281852 0.0546722 -0.0262986 -0.0521343 0.00581522 0.0141626 0.022486 -0.0396764 0 -0.0111762 0 0.00551878 0.0189568 0 -0.0349977 0 -0.0585123
internal_weight=868.961 738.518 262.25 476.268 385.928 60.8464 201.404 180.957 117.551 63.406 258.722 228.457 213.103 45.3262 90.3392 69.0316 127.206 53.7803 36.982 20.4467 192.749 88.7995 130.443 30.5495 30.2938 22.1751 55.9739 66.6243 55.3841 44.0107 28.7514 96.6567 46.1267 30.2648 50.5299 22.0761 23.2077 22.9191 28.4538 47.643
internal_count=7650 6514 3130 3384 2819 585 2545 2287 1505 782 1563 1344 1216 432 565 462 1256 375 265 258 1098 1129 1136 249 293 276 704 853 709 564 376 1007 543 219 464 200 267 276 264 575
is_linear=0
shrinkage=0.0757959


Tree=4
num_leaves=40
num_cat=0
split_feature=0 6 2 2 12 10 2 10 10 12 17 11 8 10 12 12 10 6 8 10 2 8 12 10 15 17 15 16 15 6 16 11 11 8 17 10 15 15 8
split_gain=110.145 33.6005 17.8943 10.7035 7.61476 7.31018 5.72808 4.36598 3.30795 8.45638 4.02886 2.90185 5.55663 3.59616 3.30499 4.43963 3.45104 2.55908 2.21365 1.70946 1.59888 1.35251 1.13228 1.81809 2.31151 4.29523 1.10215 0.840775 0.748004 1.41656 0.343768 0.289926 0.265201 0.671404 0.592021 0.162921 0.065527 0.375111 0.00406096
threshold=-217.8833632646315 0.20000000000000007 0.092307692307692216 0.028169014084507091 0.032953730101282615 0.008274300000998578 0.13333333333333341 0.0085518778547383472 0.0069526919808571138 0.033811137346027233 6804.5000000000155 -8.023059220434174e-05 -4.2279540961751234 0.0066866309293824996 0.015489328999861616 0.012254994014060815 0.0023765095195706107 0.90000000000000024 -3.7298163359273353 0.0038489199452484998 0.086956521739130474 0.52065382039249675 0.012492749491792176 0.0032729925930106304 -0.016596120198257704 3042.9999999999823 0.0083045611269224415 -1.0000000180025095e-35 0.0090606061290180468 0.90000000000000024 1.0599999999999998 -0.00017801464309187413 -0.001311054605006409 5.5720696728289338 4223.2499999999591 0.0064180045172388175 0.014882224288365194 0.02146090591660366 -1.2508914414279764
decision_type=8 8 10 10 10 10 10 10 10 8 10 2 10 10 10 10 10 10 10 10 10 10 8 10 10 10 8 2 8 10 2 2 2 10 10 10 10 8 8
left_child=1 3 8 26 7 17 20 11 22 10 30 12 -5 14 15 19 -16 -4 31 -13 -6 -18 27 -24 -25 -26 38 -3 29 -20 -10 -7 33 -11 -34 -28 -9 -38 -1
right_child=-2 2 5 4 6 18 -8 36 9 32 -12 13 -14 -15 16 -17 21 -19 28 -21 -22 -23 23 24 25 -27 35 -29 -30 -31 -32 -33 34 -35 -36 -37 37 -39 -40
leaf_value=0.001761769786221499 -0.073013796652233162 0.022574724527408038 0.038379115111815257 0.00016063318421772132 0 -0.041526964609357411 -0.032593910525583192 0.0054632229868179522 -0.052017848382739346 -0.023927940213597208 0 0.026318301119659718 0.061624953778239067 0.067365177169505616 0.06156272425334855 -0.023487449939230728 0.021548448962162806 0 0.032526194237258804 0 0.039352837944243935 0 0 0 -0.042867709806749005 0 0 0 0 0 0 0 0.018706036192443126 0 0 -0.028863351671184014 -0.016944335246975317 0 0
leaf_weight=7.4999470254406333 107.15247227111831 9.5984238889068383 54.704975094646215 21.832126632332802 14.985019607469441 8.4085865672677773 17.342258628457785 12.596212144009771 69.554446002934128 8.5127107147127372 6.137483454309403 36.385451056063175 82.893078560009599 17.186679750680923 20.750452384352684 18.79418627358973 20.688761702738702 12.677203040570019 11.794228323735299 17.588481284677982 15.256050754338501 16.141606150195003 9.4802081277593953 14.097455635666845 30.603560909628868 8.0288517437875253 6.7134508127346662 6.5447246665135017 12.191939254291357 7.5720759015530339 9.4285779078491014 9.1253310795873386 11.12465828843415 7.4015276301652184 10.624608872458337 11.176349396817384 7.4892302583903057 7.5414693178609014 8.619278131984176
leaf_count=93 991 121 434 180 124 91 73 157 1108 103 63 199 607 144 82 118 144 107 149 165 68 102 79 147 369 98 91 105 138 89 124 111 178 106 120 177 79 103 113
internal_value=-0.00123423 0.00960578 -0.00758674 0.0256272 0.0301072 0.0143863 0 0.0348831 -0.0219567 -0.0305415 -0.0437729 0.0380725 0.051974 0.0259565 0.0179495 0.00190682 0.0324699 0.0312693 -0.0020487 0.0168851 0.0218657 0.00707436 -0.0042761 -0.0112447 -0.0186331 -0.0285907 -0.00777513 0.00207759 0.0013778 0.0149932 -0.0485584 -0.027073 0 -0.00802606 0.00478016 -0.0216444 0 0 0
internal_weight=786.244 679.092 317.612 361.48 327.471 116.474 47.5833 279.888 201.137 122.784 85.1205 252.261 104.725 147.536 130.349 72.7681 57.5808 67.3822 49.0922 53.9739 30.2411 36.8304 78.3532 62.2101 52.7299 38.6324 34.009 16.1431 31.5582 19.3663 78.983 17.5339 37.6635 15.9142 21.7493 17.8898 27.6269 15.0307 16.1192
internal_count=7650 6659 3840 2819 2345 1119 265 2080 2721 1802 1295 1741 787 954 810 482 328 541 578 364 192 246 919 693 614 467 474 226 376 238 1232 202 507 209 298 268 339 182 206
is_linear=0
shrinkage=0.0757959


Tree=5
num_leaves=42
num_cat=0
split_feature=1 5 1 3 11 1 3 15 16 3 5 16 11 15 13 15 5 3 15 16 3 12 12 1 1 3 8 12 1 16 15 4 11 8 3 4 4 8 8 8 15
split_gain=112.181 13.8572 7.24467 7.6324 5.64795 5.59242 5.2633 6.23609 4.51028 4.06004 3.58348 5.07667 3.42511 2.69409 2.25022 2.18472 3.15875 1.92235 1.76246 1.47429 1.77547 1.30457 0.875538 0.783728 0.919535 0.781445 0.685921 0.655839 0.621195 0.434279 0.389987 0.276641 0.169522 0.130463 0.556679 1.69236 0.524718 0.434753 0.567331 0.129652 0.0650287
threshold=86.679690381921077 -259.73820279140642 54.050490996420706 -318.76349680280623 -0.0010824205043979411 22.571029135472696 36.11914405751407 -1.0000000180025095e-35 -0.36999999999999916 620.28883468991046 -294.21005560269435 -0.94500000000000017 0.0021594241233776172 0.006905708825254959 198789.00000000003 0.0080445467408298433 -412.96510906957286 -1238.6617324322185 -0.052996631604222293 -1.0049999999999988 -23.068502076378799 0.0082257769438384715 0.007231520226337212 101.0228492025344 98.480451957643211 -13.669777129289184 7.4575646891728535 0.023908412509733291 77.419591624583333 0.079999999999999197 0.014653609795063973 3.0239177553147703 -8.023059220434174e-05 6.2759597783298426 -111.04085133449148 2.1429958508187412 1.5595930049648437 -9.9776170568977367 -3.4151222007828284 -0.87621979401198702 -0.0049232998443199385
decision_type=8 8 10 10 2 10 10 8 2 10 10 2 2 10 2 10 10 10 10 2 8 10 8 8 10 10 10 10 8 2 10 10 2 10 8 10 10 10 8 10 10
left_child=2 4 3 29 31 39 7 14 19 10 15 -12 22 40 25 16 18 -3 -7 20 -9 -15 -10 24 -19 -4 -20 -23 32 -1 -21 -2 -16 36 -35 -36 -6 -38 -39 -5 -8
right_child=1 17 6 5 33 9 13 8 12 -11 11 -13 -14 21 28 -17 -18 23 26 30 -22 27 -24 -25 -26 -27 -28 -29 -30 -31 -32 -33 -34 34 35 -37 37 38 -40 -41 -42
leaf_value=-0.010882006216629065 -0.051722062199680494 0 -0.045589369585057105 0.0067729687603694235 0.018726341947050331 0 0 0.045525575723089212 0 0 0 0.056398398594576481 0 0 0 0 0 -0.029051922887687792 0.044884525741085826 0 0 -0.039477216727757572 0.052896468074234454 -0.073260450259242882 0 0 0 0 0.022856886611387493 0 -0.019656982039598769 0 -0.0084011746946156922 0 -0.041166589163845663 0 0.0053127628234588839 -0.030028422179762562 0 -0.00064153294643369877 0.006525161350670149
leaf_weight=21.052238266915083 21.791092876344923 9.5753243686631304 8.5767309768125397 16.023333633318543 8.5962430126965064 12.397348470054565 10.827057351358237 8.0341532947495562 7.7631689636036745 14.301936551928518 22.500547747127712 96.779362113215029 7.2935102591291061 6.6515785297378889 9.7177382474765199 23.396286340430379 18.416416691616178 13.513793129473926 47.924075623042881 6.7436338663101223 6.9684030693024388 22.574201742187146 39.731806553900242 99.99797072308138 5.273812871426343 6.3812703201547256 15.09194901306182 7.6131406137719742 6.814354494214057 16.377042543143034 10.916435305960475 7.6620235741138449 13.782029082067313 7.582124374806881 8.046456580050295 8.7189865568652731 6.0043681422248509 6.1794189773499966 7.7815135605633241 21.975292277522385 8.7576764952391368
leaf_count=124 301 105 137 90 94 143 135 113 90 100 152 625 104 93 146 192 117 286 334 124 128 318 513 1204 72 96 108 82 102 106 143 81 188 69 96 126 111 92 131 153 126
internal_value=-0.000295862 -0.0473294 0.0182932 0.02541 -0.0171759 0.0296843 0.00426728 0.0137827 0.0263213 0.0338044 0.0362002 0.048336 0.0397304 -0.0122478 -0.00312916 0.0210231 0.0261897 -0.0640939 0.0330749 0 0.0207806 -0.0254887 0.0472756 -0.0673208 -0.0180657 -0.0298816 0.0383372 -0.0322628 0 0 -0.0105943 -0.0438829 0 0 -0.00552483 -0.0153259 0.000451371 0 -0.0129047 0 0
internal_weight=726.106 210.723 515.383 326.236 82.3622 288.807 189.147 132.723 87.4511 250.808 236.506 119.28 54.7885 56.4237 45.2721 117.226 93.8298 128.361 75.4134 32.6626 15.0026 36.8389 47.495 118.786 18.7876 14.958 63.016 30.1873 30.3141 37.4293 17.6601 29.4531 23.4998 52.9091 24.3476 16.7654 28.5615 19.9653 13.9609 37.9986 19.5847
internal_count=7650 2768 4882 2244 1101 2014 2638 1884 1215 1771 1671 777 707 754 669 894 702 1667 585 508 241 493 603 1562 358 233 442 400 436 230 267 382 334 719 291 222 428 334 223 243 261
is_linear=0
shrinkage=0.0757959


Tree=6
num_leaves=38
num_cat=0
split_feature=1 5 5 0 8 0 0 0 2 1 8 5 9 8 5 12 5 18 9 4 4 2 2 4 1 2 1 12 4 5 15 4 4 0 4 4 8
split_gain=82.5653 11.7164 6.87988 9.24438 5.83556 5.10655 3.3828 3.37662 5.42498 2.52436 2.50952 2.23541 1.97009 1.9636 1.87082 1.737 1.57707 2.93909 1.40404 1.35877 4.54971 2.04138 1.31745 2.44921 1.30934 1.22607 1.15821 1.06385 0.410682 0.300413 0.269512 0.18873 0.218041 0.183417 0.137176 0.11652 0.0326225
threshold=86.679690381921077 -259.73820279140642 -218.07055733165092 -255.78932742456712 -3.6343772394143579 -1030.7488108782052 -861.2696020318707 -477.22194620196575 0.077922077922077906 70.686101755638802 -7.1379241548938372 -35.704166639037346 0.024722016773576442 -5.7004749502589238 -318.00424546841754 0.022187860929944531 -1374.7987523515162 1.8722610257311689 0.018987360091368925 5.1154969479016925 2.5232526730983635 0.055666223992917291 0.022471910112359512 2.1585540793072071 67.434724135858133 0.065934065934065936 70.025822165754988 0.040229498074047833 1.3851049594143492 -437.31326775515095 -0.0017038103134308644 0.7462392053259016 2.0488375095146232 -572.31365374199322 3.0660032413275693 1.929651881433591 -8.6894213331135361
decision_type=8 8 10 10 10 10 10 10 10 10 10 10 2 10 10 10 10 2 2 10 10 10 10 10 10 10 10 10 10 10 10 10 10 10 10 10 10
left_child=2 5 7 4 10 22 -3 8 19 11 28 -6 -13 36 16 -9 -15 -18 -12 20 24 -21 35 -24 31 26 -22 30 -4 -7 -26 -1 -33 -8 -25 -2 -10
right_child=1 6 3 -5 9 29 33 15 13 -11 18 12 -14 14 -16 -17 17 -19 -20 21 25 -23 23 34 27 -27 -28 -29 -30 -31 -32 32 -34 -35 -36 -37 -38
leaf_value=-0.0029914931368601157 0 -0.065320938241946194 0 -0.0099827383866166238 0.058067053815954561 0.024016893850468377 0 0 0.0023377727251278329 0 0.0044034780203916117 0.030695228145925353 0 0 0 -0.02944960796999694 0.037067145905470972 0 -0.02149111231436902 -0.04063852566173027 0.042718342611212531 0 -0.055235767298610697 0 0 0 0 0 0.035514259431700591 0 -0.037933608685699838 0.014041662483365289 0 -0.015458264194072736 -0.0089530618381066778 -0.00823166123645056 -0.0034587326303806925
leaf_weight=9.3989267116412538 6.2503541735932258 97.907940603792667 8.0946971205994505 19.321036576293409 76.242519522085786 8.1148678716272098 12.385523381642999 17.360724890604615 9.4343130756169575 12.289431901648639 14.632320368662478 18.851649241521955 13.372358396649359 13.583019502460955 16.997916837222874 16.004170354455709 80.706826751120389 13.79835031647235 16.83268248103559 11.415685990825297 20.319027577526867 10.026355914771555 19.984609077684581 13.947068374603989 6.8067116942256751 8.6741938032209855 13.792914744466541 5.6115229977294794 14.687909679487346 7.3702105185948303 12.883012858219443 11.408331436105074 6.231862415559589 5.1308122780174008 9.8149578031152469 9.8624218041077238 11.332270656712351
leaf_count=82 103 1356 57 187 663 91 203 121 124 213 139 161 79 153 140 82 680 109 119 113 248 106 320 218 89 111 224 72 188 101 261 186 76 108 133 135 99
internal_value=0 -0.0424792 0.0162904 0.0280865 0.0341814 -0.0131398 -0.0587587 0.00742045 0.0110028 0.0442279 0.00571077 0.0480769 0.0141546 0.0207718 0.024357 -0.0108302 0.0280351 0.0315399 0 0 0.00262088 -0.0182571 -0.0256469 -0.0327549 -0.0080344 0.0233875 0.0298728 -0.0207509 0.0266454 0.0138288 -0.029383 0 0.00752563 -0.00317095 0 0 0
internal_weight=680.88 190.769 490.111 194.325 175.004 75.3445 115.424 295.786 262.421 120.756 54.2476 108.467 32.224 145.853 125.086 33.3649 108.088 94.5052 31.465 116.569 95.1265 21.442 59.8594 43.7466 52.3404 42.7861 34.1119 25.3012 22.7826 15.4851 19.6897 27.0391 17.6402 17.5163 23.762 16.1128 20.7666
internal_count=7650 2768 4882 1806 1619 1101 1667 3076 2873 1116 503 903 240 1305 1082 203 942 789 258 1568 1349 219 909 671 766 583 472 422 245 192 350 344 262 311 351 238 223
is_linear=0
shrinkage=0.0757959


Tree=7
num_leaves=29
num_cat=0
split_feature=1 10 10 3 4 10 1 3 8 7 1 19 4 12 3 1 4 4 3 3 12 3 12 7 7 7 8 8
split_gain=64.198 12.2542 7.04376 3.8911 3.96018 5.33317 4.08515 3.75726 3.47619 3.09185 4.89739 2.49218 2.26193 2.03257 1.27376 2.0461 2.31158 1.34746 1.04046 0.980179 0.947495 0.479818 0.182206 0.131415 0.0857322 1.15325 0.0230813 0.00292868
threshold=93.79913340040288 0.0082175203127836677 0.0044367444930055637 1100.0017959699828 7.3895583244022394 0.0028988244197147967 83.928341873928545 57.847181828118813 13.103018857343027 107.00012937773165 20.932585057319926 -3.2846695779533959 1.1949562237055888 0.0059392654246675997 26.246442724929455 64.645766386364301 2.3587795538753267 1.6775439313702674 32.532099160595997 -208.88000978258734 0.018270916300794676 -9.1151862681113869 0.056432171919590685 286.84462766282951 124.92223065547458 146.2688662226216 -5.8028674631420865 19.78244612710883
decision_type=8 10 8 8 10 10 10 10 10 10 10 10 8 10 8 10 10 10 10 10 10 8 10 10 10 10 10 10
left_child=1 3 -2 4 6 -6 9 14 12 22 -11 -9 -4 -12 15 17 19 -3 -16 -17 -19 -21 -1 -5 -15 -26 -8 -10
right_child=2 7 8 23 5 -7 26 11 27 10 13 -13 -14 24 18 16 -18 20 -20 21 -22 -23 -24 -25 25 -27 -28 -29
leaf_value=-0.004323525897480497 0 0 0 0 0.025046381338316062 -0.023594108259865652 0 0 0 0 0 -0.042734403061449586 -0.056112803306991789 0.076017645345153595 0.042856407192320152 0 0 0.033273650495586851 0 -0.049198733130714101 0 0 0.0088994781571820718 -0.008428651129673408 0 0.033476676013739104 -0.0035148505154970317 -0.0014805173705145112
leaf_weight=12.937743877992036 11.616475590504704 7.8400475289672604 8.8463478703051788 10.356127708218994 28.01949477661401 23.428483982570469 5.2393335578963152 9.7698297649621981 6.3326326468959433 19.657853337004781 9.8587142461910826 21.679580054245889 112.37394002825022 12.12576742749661 7.1745558343827707 5.273668199311941 14.147201001644133 13.25012488756329 5.7330855168402195 13.206315681338308 14.438475066795943 7.403537502512342 10.14263971801847 10.610549954697488 23.528046452440321 194.64500765223056 10.716741275042294 7.659365888684988
leaf_count=130 165 128 153 99 175 183 103 168 81 157 96 319 1722 111 96 97 252 148 113 255 220 158 92 87 198 1823 200 121
internal_value=0 0.0134131 -0.0437013 0.0204357 0.0225038 0 0.025879 -0.0055687 -0.0487145 0.028115 0.03048 -0.0283582 -0.0530256 0.0334995 0 -0.00107498 -0.0160674 0.00650382 0.0236526 -0.0301979 0.018267 -0.0376573 0 0 0.0349421 0.0311364 0 0
internal_weight=638.012 491.183 146.829 371.267 350.3 51.448 298.852 119.916 135.212 282.896 259.815 31.4494 121.22 240.158 88.467 75.5594 40.0307 35.5286 12.9076 25.8835 27.6886 20.6099 23.0804 20.9667 230.299 218.173 15.9561 13.992
internal_count=7650 5408 2242 3454 3268 358 2910 1954 2077 2607 2385 487 1875 2228 1467 1258 762 496 209 510 368 413 222 186 2132 2021 303 202
is_linear=0
shrinkage=0.0757959


Tree=8
num_leaves=38
num_cat=0
split_feature=2 2 17 11 12 8 2 13 8 7 12 7 7 13 3 2 12 3 11 2 7 2 3 7 11 7 17 8 8 7 7 2 13 8 9 13 13
split_gain=37.8472 6.56981 5.62051 4.83232 4.90024 4.00377 8.39878 2.16591 2.06924 1.8412 3.12096 2.86924 2.86893 2.86185 2.75945 1.86443 1.83409 1.46108 1.29287 1.94392 1.2584 1.12535 0.880004 3.46151 1.13554 0.744047 0.584284 0.495019 0.487493 0.306356 1.99353 0.26917 0.402499 0.0821684 0.0738261 0.0415119 0.349839
threshold=0.029455144889814346 0.072859986728599918 3693.5000000000223 -0.0039101983325627769 0.024101054579214649 -4.2279540961751234 0.16666666666666669 175494.00000000003 3.9242636769514685 130.08720931368279 0.035935883444439265 210.8182322245402 102.86179719884016 260978.50000000003 18.757024237956831 0.051282051282051273 0.0065265107046356555 785.78688878351932 -0.00052719992273520357 0.10162008455868606 264.0657663410467 0.037105879113314082 -99.996332933058042 179.82619115966602 0.0011481910276051157 341.89064756088391 147.99999999998377 3.9242636769514685 9.5413970543724869 423.634325148355 326.59833447965542 0.10162008455868606 253069.00000000003 -7.1379241548938372 -0.0083931397844324001 358803.50000000006 814092.50000000012
decision_type=10 10 10 2 10 10 10 2 10 10 10 10 10 2 10 10 10 8 2 10 10 10 10 10 2 10 10 10 8 10 10 10 2 10 2 2 2
left_child=2 9 7 -3 5 18 8 -1 -7 10 12 13 -2 21 15 -13 -9 -18 33 -20 -16 -11 23 -6 31 -17 -26 -23 -12 30 -8 -24 -33 -5 -4 -15 -37
right_child=1 3 34 4 22 6 29 16 -10 11 28 14 -14 35 20 25 17 -19 19 -21 -22 27 24 -25 26 -27 -28 -29 -30 -31 -32 32 -34 -35 -36 36 -38
leaf_value=0 0 0.053998283208015627 0 0 -0.042212628998476227 0.04013650598624114 -0.0012882218440548629 0 0 0 -0.016865690209291229 0 0.049093365637150964 0.0049435182170408437 0 0.03643549054174379 -0.053977854782362729 0 0 0.02875509531224189 -0.029755296296801889 -0.044272919784639701 0 0 0.024240479140781434 0 0 0 0 -0.010546085906187273 0.033685050533053235 -0.016841266811345509 0 -0.023432581333456964 0.0087793166267444711 -0.015122489128047633 0
leaf_weight=5.44074170757085 7.0795379271730807 23.80999219417572 8.4374753292649967 8.7712318059057015 13.732018443755807 96.329483943525702 14.652222834993156 6.1191350556910029 11.800712089054285 7.6214798241853705 9.8291544020175916 19.060822713188827 16.557988297194242 9.742022758349778 9.6961245629936474 19.435622481629256 80.045223325956613 5.9385753665119401 13.819088940508665 16.966167292557657 13.828303817193953 24.096005030907691 13.672881511971353 15.111338415648786 17.55247480142862 7.4319428261369458 9.2296599145047349 9.0755864819511753 10.80649390909821 15.80804164148867 10.055323193781076 13.588291971012952 10.993681231979279 9.1350868651643378 5.4860951639711848 8.7718134643509966 6.0859859427437177
leaf_count=96 120 197 163 95 97 879 147 101 168 118 132 374 190 138 158 280 1314 68 169 184 277 354 148 116 138 98 146 133 151 129 96 149 110 102 76 131 108
internal_value=0.000305485 0.00984372 -0.0390044 0.0164862 0.0122796 0.0191093 0.0252882 -0.0454911 0.0364038 0 0.0111796 -0.00611457 0.0314964 -0.0181353 0.000440001 0.0153588 -0.0482363 -0.0511352 0 0.00966037 -0.0146153 -0.0304963 0 -0.012642 0.00261016 0.0283118 0.0161236 -0.0365841 0 0 0 0 -0.00792872 -0.0159384 0 0 0
internal_weight=605.614 494.147 111.467 315.028 291.218 197.337 148.646 97.5437 108.13 179.119 44.2732 134.846 23.6375 65.3929 69.4528 45.9284 92.1029 85.9838 48.6916 30.7853 23.5244 40.7931 93.8803 28.8434 65.037 26.8676 26.7821 33.1716 20.6356 40.5156 24.7075 38.2549 24.582 17.9063 13.9236 24.5998 14.8578
internal_count=7650 5832 1818 3070 2873 1969 1419 1579 1047 2762 593 2169 310 982 1187 752 1483 1382 550 353 435 605 904 213 691 378 284 487 283 372 243 407 259 197 239 377 239
is_linear=0
shrinkage=0.0757959


Tree=9
num_leaves=35
num_cat=0
split_feature=1 5 10 15 0 5 1 10 10 0 15 6 15 4 2 14 2 4 6 2 10 2 1 5 1 0 14 0 1 10 14 15 15 0
split_gain=42.8555 8.20476 6.62531 4.42995 5.33704 4.70035 4.23523 4.21188 2.95056 2.32295 1.60947 1.72843 1.50451 1.24835 1.89133 3.60724 0.985231 1.64839 0.861897 0.855711 0.627306 0.380843 0.225831 0.187126 0.15331 0.0701956 0.658214 0.106723 0.172513 0.0119974 0.00857991 0.00345472 0.371071 0.000122549
threshold=86.679690381921077 -259.73820279140642 0.0082175203127836677 -0.0017038103134308644 -255.78932742456712 -322.49144763938142 25.795967141902285 0.004563879778339352 0.0014792748875793293 -1030.7488108782052 -0.0082490347688939075 0.2999999999999981 -0.012341497717631126 6.5310076787717923 0.072859986728599918 -0.0047194685192550306 0.022471910112359512 2.1585540793072071 0.62500000000000078 0.03627872419466114 0.0050699911766380569 0.057142857142857245 22.571029135472696 -419.01678447419653 79.406864966565294 -572.31365374199322 0.0087674586014554069 -1175.8953626502905 58.523962718597119 0.0065902942956723347 -0.015775841431096747 0.011832315919671156 -0.012959550300486176 -1851.7944245514034
decision_type=8 8 10 10 10 10 10 8 10 10 10 10 8 10 10 10 10 10 10 10 10 10 10 8 10 10 10 10 10 8 8 8 8 10
left_child=2 9 3 5 8 6 -1 -3 -5 16 12 25 30 14 20 -16 33 -18 21 -10 -8 -13 -21 -11 -24 27 -27 -12 -29 -22 -4 32 -19 -2
right_child=1 7 10 4 -6 -7 13 -9 19 23 11 18 -14 -15 15 -17 17 31 -20 22 29 -23 24 -25 -26 26 -28 28 -30 -31 -32 -33 -34 -35
leaf_value=0.042017376189947664 0 0 0.0019579956939140249 0 -0.0023125750713261835 -0.027886801492465394 -0.019704564432643831 -0.052992789224208775 0 0.018714541699829869 0 0 0.041966705273341114 -0.017334091641623247 0 0.053302146653094337 -0.043188344072141574 0 0 0 0.0033669003800453254 -0.031738987329609905 0.034215155681096635 0 0 0.022883273305610779 0 0 -0.017356678029762585 0 -0.00091186375410121177 0 -0.014557235713133032 0.00029576496771541936
leaf_weight=21.114521112293005 5.7577680908143511 6.0312695344910017 9.2813459420576674 12.073854542337356 15.723397686146198 18.580752984620631 9.2652484364807624 84.977929447777569 11.653475682251154 7.0563237760215998 4.1823584092780939 5.6501824464648989 6.0965266977436867 13.358206608332692 18.10004867985845 12.211783028207718 15.708604318555443 5.5988257369026542 5.9056805688887826 11.650517406873403 6.0635269200429294 24.100796999875456 165.98908113269135 6.3637087335810048 10.363866998814045 7.9748837067745608 7.3195888865739107 5.6018491336144525 5.3084553899243474 7.115754204802216 16.394149791449312 5.4982797084376189 10.13683490175754 8.031680826097725
leaf_count=108 103 106 158 78 172 154 96 1561 197 95 113 115 66 133 155 112 320 92 86 86 82 397 1564 97 180 131 114 90 129 112 254 95 164 135
internal_value=0.000495423 -0.0330605 0.0133421 0.0185514 0.0247834 0.00202499 0.0121949 -0.0485421 0.028359 -0.00593187 -0.00102283 -0.0104584 0.00817244 0 0.00772966 0.0214996 -0.0167282 -0.0231815 -0.0219295 0.0306228 0 -0.0272517 0.0319691 0.0102153 0.0331194 0 0.00513212 0 -0.00749073 0 0 0 -0.00112248 0
internal_weight=586.241 155.161 431.08 333.264 227.454 105.81 87.2291 91.0092 211.731 64.152 97.8158 66.0438 31.772 66.1146 52.7564 30.3118 50.732 36.9425 35.6567 199.657 22.4445 29.751 188.003 13.42 176.353 30.3871 15.2945 15.0927 10.9103 13.1793 25.6755 21.2339 15.7357 13.7894
internal_count=7650 2768 4882 3229 2277 952 798 1667 2105 1101 1653 1175 478 690 557 267 909 671 598 2027 290 512 1830 192 1744 577 245 332 219 194 412 351 256 238
is_linear=0
shrinkage=0.0757959


Tree=10
num_leaves=41
num_cat=0
split_feature=8 8 19 8 6 18 19 4 18 10 8 17 15 18 18 15 6 5 5 10 11 8 9 11 17 8 11 8 11 15 17 6 10 18 5 9 19 10 11 11
split_gain=29.893 9.77439 9.36496 5.40863 5.02972 6.29492 4.97445 4.61397 4.34303 2.8687 2.80238 3.73293 2.81153 2.77273 3.31561 2.50652 2.46583 2.12554 1.96739 1.65633 4.27725 1.63549 1.57922 1.47839 1.33943 1.23334 1.16383 0.906367 0.967859 0.816839 0.554352 1.32206 0.233635 0.211428 0.149318 0.122257 0.121378 0.0700172 0.0272146 0.00591817
threshold=26.858967441411977 -3.942569023842085 -3.2390350296935146 -1.3085451869215563 0.2999999999999981 0.33880006427234849 -2.18993173782318 2.4821016395629854 0.15221612039689111 0.0043644773790231265 -0.38484761391314387 78.750000000001833 0.030562145031285185 0.55606133468979035 -0.95390509305196025 0.010965551374299 0.2999999999999981 -69.012030642965087 -407.48708276353437 0.0027096457124842002 -0.00034924004814264196 -7.5633166805819121 0.038062108417941005 -0.00076128866455675548 1920.999999999993 -17.569159441370353 -0.0014099531395816683 11.507282325426134 0.0023102402170606883 -0.018602192571578285 6096.99999999999 0.27499999999999875 0.0049498483943296537 -0.7835274004355669 -73.498320976555576 -0.0075300684973668699 -2.8255009586639761 0.009632836695484261 0.0005620106748352859 0.00029905238300278911
decision_type=8 10 10 10 10 2 10 8 2 10 10 10 8 2 2 8 10 10 8 10 2 10 2 2 10 8 2 10 2 10 10 10 10 2 10 2 10 8 2 2
left_child=1 4 3 8 15 25 9 -2 -3 -4 33 12 19 14 39 18 24 27 -1 -12 32 34 -9 -23 35 -6 -16 28 29 -11 31 -15 -21 -5 36 -13 -17 -7 -25 -8
right_child=7 2 6 10 5 37 13 22 -10 17 11 16 -14 30 26 21 -18 -19 -20 20 -22 23 -24 38 -26 -27 -28 -29 -30 -31 -32 -33 -34 -35 -36 -37 -38 -39 -40 -41
leaf_value=0.037345827026788778 0 0.054799542061935602 0 -0.0099457200711809898 0 0.007678352191072017 -0.001879946835617759 -0.060834771428234187 0 0 0.053055057018095708 0 0 0 0 -0.0094224961699159587 0.025739169529681125 0 0 -0.010539466118108949 0.033794123551983003 0 0 -0.047776053621191319 0 -0.051228087343844042 0.045918637378490335 0 0 -0.043868721720760166 0 -0.032723559603504072 0 0 0.0085519823286748543 -0.032934310590639879 0 0 0 0
leaf_weight=16.358592394739389 7.3486226042732588 50.320287232287228 20.838608827907592 12.273097100667657 6.0025273077189922 6.8061031955294284 9.6036165282130259 49.432138885604218 12.255002473480998 5.1398541321977929 29.105790778063238 8.5846146377734822 11.982620416674761 6.7714636316523018 8.7834287695586664 7.83748250734061 15.010847108904271 5.6758914883248499 14.042079419828953 12.06680981628597 29.569052168168128 8.8664187295362371 5.2961654774844638 9.1439571548253316 11.929616774432359 31.753220318583772 25.675452219322324 9.2387343752197904 6.0089971274137488 31.27617055550218 6.1994261136278501 10.050313732586799 9.7612948566675168 12.514690948650239 11.712591816671191 11.607000982854517 6.8181978110224026 6.9286258155480036 13.085896443109958 10.388207119423894
leaf_count=204 85 486 162 133 102 115 100 913 110 77 168 89 112 97 124 108 201 114 168 90 361 136 83 118 158 583 315 181 145 545 102 150 146 133 170 137 95 113 162 93
internal_value=0.000361984 0.00683526 0.0134589 0.0232888 -0.00897575 -0.0279106 0 -0.0487259 0.0449044 -0.0143356 0.0130445 0.0177668 0.0266145 0.0127053 0.0228497 0 0 -0.0238225 0.0194746 0.0318488 0.013388 -0.00705864 -0.0563659 -0.0198505 -0.011446 -0.044941 0.0371132 -0.02943 -0.0343126 -0.0390405 0 -0.0137527 0 -0.000202008 0 -0.0242722 0 0 -0.030543 0
internal_weight=584.064 521.987 382.631 226.981 139.356 51.4905 155.65 62.0769 62.5753 78.1783 164.405 139.618 92.4856 77.4719 54.4507 87.8652 47.1321 57.3396 30.4007 80.5029 51.3972 57.4645 54.7283 31.0963 32.1212 37.7557 34.4589 51.6638 42.425 36.416 23.0212 16.8218 21.8281 24.7878 26.3683 20.1916 14.6557 13.7347 22.2299 19.9918
internal_count=7684 6603 4529 2324 2074 913 2205 1081 596 1224 1728 1462 877 981 632 1161 585 1062 372 765 597 789 996 416 384 685 439 948 767 622 349 247 236 266 373 226 203 228 280 193
is_linear=0
shrinkage=0.0757959


Tree=11
num_leaves=38
num_cat=0
split_feature=10 0 2 8 0 2 8 17 19 8 10 3 19 4 3 0 16 14 14 3 8 2 3 3 3 16 4 8 3 10 2 9 3 3 9 8 4
split_gain=25.1838 6.43759 7.52023 5.46865 4.51797 3.44446 2.97204 2.94507 3.80564 3.51018 3.28021 5.96916 2.83252 6.08352 6.87672 2.81765 2.03629 6.06472 3.40999 5.93972 2.35819 1.96196 1.55937 1.41043 1.40662 1.15284 1.08525 1.00055 1.08412 1.86429 0.914609 0.676831 0.389464 0.314968 0.245147 0.137199 0.00980196
threshold=0.015397620146245903 -938.96045727800572 0.14190439309840372 -5.4742491277702623 -724.37037019045658 0.039215686274509796 -17.569159441370353 2253.0000000000005 -5.477203549692276 -4.7998523155684394 0.0066338383759168692 -17.101383605845317 -5.1671216403556803 1.9063051961872884e-16 62.839558995251345 -300.87951607650206 3.4049999999999998 -0.015775841431096747 0.0047756559142695517 34.511354937858762 -1.9382490810968103 0.03181834616914344 -57.090460232268818 -45.060645254992188 785.78688878351932 -0.34499999999999881 2.6797304089745966 -6.5340652089266227 60.756545976912363 0.0049498483943296537 0.065830882732291138 0.038062108417941005 -16.413425674785177 62.839558995251345 0.01315092442813204 7.7248768466215854 2.0488375095146232
decision_type=8 10 10 10 10 10 10 10 10 10 10 10 10 10 8 8 2 10 10 8 10 10 10 8 8 2 10 10 10 10 10 2 8 10 2 8 8
left_child=1 3 5 6 24 36 -1 8 32 27 11 23 15 -14 -15 -4 17 35 20 25 -19 -22 -8 -11 31 -20 -18 28 29 -10 -12 -2 -7 -32 -34 -5 -3
right_child=4 2 12 16 -6 7 22 -9 9 10 30 -13 13 14 -16 -17 26 18 19 -21 21 -23 -24 -25 -26 -27 -28 -29 -30 -31 33 -33 34 -35 -36 -37 -38
leaf_value=0 -0.061217222971016269 0 0.029697846283928457 0.055077315091169275 0 0.011557875502592158 0 0 0 0.023538213038626705 0 0.066665942134040118 0.021286183734232227 -0.050293480079812831 0 0 0 0 0 -0.014273584021660469 0 -0.036318427694527818 -0.047007701999416604 0 0 0.057092531257015293 -0.041839229196712693 0 0 0.038292933992265174 0.022122438564587451 0 0 0 -0.010897147052495969 0 -0.0027441393136815686
leaf_weight=6.1708493800833812 42.844332591630518 10.418851164169611 23.643232271075249 13.548538813367484 5.8605009745806447 16.645696013234556 7.1992339366115621 12.85340689588338 9.0967413354665059 26.786545731127262 7.7039892035536495 50.381467823404819 12.542805317789314 31.840340388007462 21.547543163411319 10.970964885316787 7.3209045706316811 9.9102519350126368 13.858192503917962 11.271311888936905 15.526451298967002 27.394096022471786 27.057683296967298 13.003976707346736 4.549877571174874 14.310838141944259 7.19858852121979 9.3441797634586674 10.134943477343766 15.787969456985591 14.887351313605906 5.0045319539494804 11.227991891559215 7.4202980049885801 11.941610480658708 11.638382551725956 7.4614550624974063
leaf_count=125 860 197 176 128 100 148 115 168 80 242 191 417 97 289 176 95 83 198 263 197 321 441 526 124 66 283 110 128 154 223 224 98 86 113 105 181 156
internal_value=0.000624522 0.00661085 0.0129849 -0.00387841 -0.0458854 0.0205798 -0.0289061 0.0234411 0.025823 0.0310003 0.0384632 0.0466703 -0.00148238 -0.0133845 -0.0277326 0.0116246 0.00128289 0.00685487 0 0.0144636 -0.0146461 -0.0240738 -0.0385251 0.0130192 -0.0532548 0.0377085 -0.0209758 0.00331697 0.0133417 0.0223733 0.00276828 -0.0572232 0 0.0156741 -0.000708667 0.040018 0
internal_weight=566.306 508.047 335.641 172.405 58.2592 235.096 40.4278 217.216 204.363 164.547 120.184 90.172 100.545 65.9307 53.3879 34.6142 131.978 117.458 92.2711 39.4403 52.8308 42.9205 34.2569 39.7905 52.3987 28.169 14.5195 44.3638 35.0197 24.8847 30.0116 47.8489 39.8153 22.3076 23.1696 25.1869 17.8803
internal_count=7684 6560 3589 2971 1124 2756 766 2403 2235 1896 1311 783 833 562 465 271 2205 2012 1703 743 960 762 641 366 1024 546 193 585 457 303 528 958 339 337 191 309 353
is_linear=0
shrinkage=0.0757959


Tree=12
num_leaves=44
num_cat=0
split_feature=6 1 2 16 1 9 12 16 18 14 18 16 11 11 13 2 2 5 18 16 16 5 1 16 16 1 1 16 9 5 13 11 6 5 16 11 6 13 2 1 11 11 11
split_gain=20.8693 6.90668 5.76371 4.34953 4.04716 7.60197 6.58347 5.08208 4.44642 3.84724 3.7764 2.61056 2.56057 4.46519 2.48195 2.58712 2.34313 2.10593 1.6275 1.27735 3.07719 3.78949 1.41071 1.33029 1.27669 1.99625 0.977619 1.2748 0.907236 0.901214 1.17668 1.50415 1.64502 0.677515 0.672909 0.606876 0.489514 0.222725 0.211204 0.122635 0.00562175 0.00516141 0.331682
threshold=0.95000000000000018 64.645766386364301 0.57011795543905641 -0.049999999999999815 30.312729351519735 0.019483367657070486 0.015489328999861616 -0.98499999999999932 0.36300369400606908 0.0016754286018581027 -1.3570115245844383 1.0750000000000013 0.00029905238300278911 -0.0011423508456702696 831985.00000000012 0.068670792808723805 0.13333333333333333 -270.51796582817491 -0.86335129294038926 -1.0849999999999997 -0.060000000000001379 -464.69716350063646 69.010437940544946 0.2850000000000002 -0.38999999999999962 94.384580465981784 41.935266621341647 -0.4649999999999998 0.038062108417941005 -1772.358711452511 320844.00000000006 -0.00086865799556546947 0.20000000000000065 -401.38257845220704 3.02 -0.00151435633687543 0.30000000000000054 351090.50000000006 0.21095421480530599 90.526287308628454 -0.00017801464309187413 0.001233813405805784 -0.00048334737264544555
decision_type=8 10 10 2 10 2 10 2 2 10 2 2 2 2 2 10 8 8 2 2 2 10 10 2 2 10 10 2 2 10 2 2 10 10 2 2 10 2 10 10 2 2 2
left_child=1 3 16 4 5 6 -1 8 18 11 37 17 13 33 15 -11 -2 -5 -6 22 24 29 -12 -23 39 -26 -14 -28 -18 -22 31 -31 -33 -9 -13 -25 -24 -3 -17 41 -8 42 -21
right_child=2 10 -4 9 7 -7 40 12 -10 14 19 34 26 -15 -16 38 28 -19 -20 20 21 23 36 35 25 -27 27 -29 -30 30 -32 32 -34 -35 -36 -37 -38 -39 -40 -41 -42 -43 -44
leaf_value=-0.072592340313027984 0 -0.04274485817294478 0 -0.028829765520013734 0 0.02062106128000225 0 0 0 0 0 0.035059456721714989 0 -0.046147759135636235 0 0.050178931586021047 -0.056556894906439358 0 0.068914072816167959 0 0 0 0 0 0.046973424253501067 0 0 0.045257577077815289 0 0 0 0 0.048960334371276129 0.022021495106472878 0 -0.041369296305628314 -0.041619303522492275 0 0 0.0082611355914870097 -0.0015961390764433006 0 -0.018853611788159572
leaf_weight=14.852476680185644 8.4648986198008043 13.532479950226845 7.1800639033317557 16.084315261803567 11.479430184233935 19.188251301180571 12.396609602496028 6.3248706180602303 16.811722827143967 13.067394069861619 3.9647887581959393 14.438232915941628 8.3871932970359939 15.774886219762264 8.828687862493096 55.390448861289769 45.658863970194943 11.181148650590332 17.766285796184093 8.5854556020349282 7.5264547187834969 11.963300904724745 9.206579305231573 4.2389347222633686 16.972341925371442 7.0010723937302819 12.035953815095128 9.5882974201813322 6.1330851749517015 8.4905447708442825 7.4684609221294513 6.2316856002435115 13.346882672980426 8.0096670873463172 13.167337835766373 18.38169493060559 9.6005484503693861 4.4842999624088398 10.461241154931484 10.306865108665077 12.660485455300659 5.6193066625855854 5.4274929640814689
leaf_count=103 118 291 35 142 144 167 91 95 164 173 80 185 73 171 88 537 919 74 204 143 136 271 237 109 242 151 150 112 100 131 158 100 190 114 106 420 203 87 114 247 99 106 104
internal_value=0.00130545 0.00742994 -0.0373929 0.0144632 0.00359603 -0.0092207 -0.0318621 0.0138472 0.0327969 0.0247341 -0.00321439 0.00184902 0 -0.0162727 0.0352699 0.0395441 -0.04598 -0.0068598 0.0506613 0 0.00348342 -0.00276066 -0.0158732 -0.0242565 0.0186129 0.0329321 0.0149743 0.0238885 -0.0521481 0.00682094 0.0142125 0.0222801 0.0339483 0 0.0224338 -0.03517 -0.0271215 -0.0360808 0.0458215 0 0 0 -0.00145381
internal_weight=547.681 480.244 67.4369 307.895 165.276 59.0978 39.9096 106.178 46.0574 142.619 172.349 54.871 60.1209 30.1094 87.7478 78.9191 60.2568 27.2655 29.2457 154.332 131.56 77.648 22.7719 34.5839 53.9125 23.9734 30.0114 21.6243 51.7919 43.064 35.5376 28.0691 19.5786 14.3345 27.6056 22.6206 18.8071 18.0168 65.8517 29.9391 25.0571 19.6323 14.0129
internal_count=7684 6512 1172 3106 1687 460 293 1227 512 1419 3406 507 715 380 912 824 1137 216 348 3028 2508 1515 520 800 993 393 335 262 1019 715 579 421 290 209 291 529 440 378 651 600 190 353 247
is_linear=0
shrinkage=0.0757959


Tree=13
num_leaves=39
num_cat=0
split_feature=10 14 8 18 0 0 2 2 2 3 7 4 12 9 3 2 3 4 3 2 0 0 3 3 12 4 12 7 4 8 9 4 2 14 14 3 3 4
split_gain=17.5611 5.75304 5.68721 3.19635 2.23416 2.23365 1.76152 5.27697 4.20187 2.44863 2.35363 1.7868 1.90865 1.6344 1.59012 2.59952 1.73642 1.78961 1.46235 1.74566 1.39694 1.44298 5.29106 3.09196 1.33647 1.09415 1.07132 0.999438 0.855758 0.95698 0.8017 0.79554 0.586859 0.358373 1.80174 0.30612 0.144842 0.0824194
threshold=0.015397620146245903 0.012391322320916403 -4.7998523155684394 0.6682604900893957 -217.8833632646315 -645.48813897397042 0.072289156626506035 0.055666223992917291 0.16646872525732384 -99.996332933058042 158.21069125801887 6.6508808668120283 0.008057131791831396 0.038062108417941005 -4.9481384204164378 0.03994301994301986 34.511354937858762 1.5243336779873096 620.28883468991046 0.27122980969134819 -1065.0252568908197 -481.88229046054795 -84.71604737187478 57.847181828118813 0.0085076659323211363 2.7373235251982595 0.015489328999861616 219.5246118603003 3.2376134171997912 -6.630516102438091 -0.0066473583597475008 1.7641919849654433 0.046511627906976806 0.053126647392265379 0.023255359707718987 98.740863386231709 18.757024237956831 3.0239177553147703
decision_type=8 10 10 2 10 10 10 10 10 8 10 10 10 2 10 10 10 10 8 10 10 10 10 10 8 10 10 10 10 10 2 10 10 10 8 8 10 10
left_child=1 6 33 4 18 13 7 9 11 25 -10 12 -8 -2 15 28 17 -16 19 32 -14 22 -22 -24 -9 31 -19 -5 29 -11 -26 -1 -4 34 36 -18 -3 -12
right_child=5 2 3 27 -6 -7 8 24 10 14 37 -13 20 -15 16 -17 35 26 -20 -21 21 -23 23 -25 30 -27 -28 -29 -30 -31 -32 -33 -34 -35 -36 -37 -38 -39
leaf_value=0 -0.05066636574350819 0.0084135835439689936 0 0.0091431129564939762 0 0 0 0 -0.033174233952825941 0 0 0 0 0 0 0 -0.01588641961583187 0 0 0 0 0 0.071746951851345955 0 0 0 0.04499615954001799 -0.024160665890028837 0 -0.047256510280701325 -0.050033751814510967 0.050184114332920714 0.038336007832496188 0 -0.026465870885077247 0 0 0.0070473893799061181
leaf_weight=7.3894106301013442 40.107691059820354 11.738372900523251 7.6719322884455314 9.2081260569393653 8.154972374904899 4.9867769055999807 10.124993213452397 5.6421828013844779 16.264006327837706 5.5113466130569604 13.72693352494389 16.470384656451643 16.569727637339383 5.6940561248920849 4.7445347178727415 14.68589552817866 9.4016430107876641 4.6705734618008163 12.485603492707012 9.0981867513619346 10.466722634620959 15.454992617014794 21.392027752473957 8.8980652978643757 9.0039652800187486 5.6150907916016868 12.723083162680267 8.4985182764939946 5.0731598706915966 15.947738404851409 19.144111571833491 9.4162036920897645 95.405476782470942 11.582222745753823 17.700556688010689 16.161159055307511 7.1021122881211332 9.5170992608182114
leaf_count=133 935 155 197 130 79 85 158 97 141 98 151 137 298 104 125 263 208 119 136 77 132 134 202 112 159 96 216 67 77 340 300 139 1073 121 221 277 113 79
internal_value=0.0016224 0.00667605 0.0165728 0.0240727 0.0281955 -0.0398749 0 -0.00608056 0.0058499 0 -0.0105458 0.0156993 0.0204748 -0.0452009 -0.00362329 -0.0158069 0 0.0205515 0.030821 0.0336234 0.0250629 0.0309189 0.0390084 0.0552283 -0.0324883 0.0239776 0.0335857 0 -0.0308316 -0.0374709 -0.039237 0.0337712 0.036436 -9.83564e-06 -0.00750454 -0.00491653 0 0
internal_weight=533.45 482.661 198.646 150.523 132.816 50.7885 284.015 145.13 138.885 111.34 39.508 99.3769 82.9065 45.8017 88.9191 41.2181 47.701 22.1382 124.661 112.176 72.7815 56.2118 40.7568 30.2901 33.7903 22.4207 17.3937 17.7066 26.5322 21.4591 28.1481 16.8056 103.077 48.1233 36.541 25.5628 18.8405 23.244
internal_count=7684 6560 2369 1759 1562 1124 4191 2647 1544 2091 371 1173 1036 1039 1723 778 945 460 1483 1347 878 580 446 314 556 368 335 197 515 438 459 272 1270 610 489 485 268 230
is_linear=0
shrinkage=0.0757959


Tree=14
num_leaves=39
num_cat=0
split_feature=6 0 1 3 15 0 8 3 10 0 15 15 8 6 13 1 1 8 9 12 1 3 3 8 1 9 8 9 2 2 12 9 9 3 1 9 10 13
split_gain=14.9129 5.07785 4.92075 2.77849 2.64251 2.84185 2.70061 2.50848 3.50003 3.34453 2.78161 2.11837 2.03984 2.46892 1.97309 3.68774 1.75687 1.95774 1.54829 1.54507 1.47822 1.92492 1.23085 1.57736 0.982061 0.944095 0.870222 0.829664 0.844801 0.627036 1.24834 0.398979 0.329024 0.30667 0.244985 0.201373 0.0594142 0.0440464
threshold=0.95000000000000018 -2053.2101832948024 64.645766386364301 -97.456137181261838 0.0053359705574110581 -464.03741623149034 -15.573535484571844 -97.456137181261838 0.009186030095231312 -367.11632426333216 -0.00692897188349642 -0.0043006341992568855 12.775360461761016 0.4000000000000003 175494.00000000003 51.496672467639364 26.758161381671819 -3.942569023842085 0.01315092442813204 0.0091212322614846967 78.430043583466741 -437.4982864259037 10.411091024595995 0.38955971117905214 28.373652390196977 -0.012911442706686425 -8.8886156863297252 0.038062108417941005 0.4619013062409289 0.021778656126482301 0.041751783635812938 -0.00029487228838070973 0.011346606820430318 -334.80566632872734 56.117804409232356 0.0055074780767716556 0.0062164240383730173 228148.50000000003
decision_type=8 8 10 10 10 10 10 10 10 10 10 10 10 10 2 10 10 10 2 10 10 8 10 8 10 2 10 2 10 8 10 2 2 10 10 2 10 2
left_child=2 -2 7 20 11 6 -6 10 9 14 -1 29 13 -8 -9 18 -12 -18 25 -11 33 -22 -10 -24 -21 -16 -13 28 -3 -5 37 -27 -19 -4 -17 -28 -23 -31
right_child=1 27 3 4 5 -7 12 8 22 19 16 26 -14 -15 15 34 17 32 -20 24 21 36 23 -25 -26 31 35 -29 -30 30 -32 -33 -34 -35 -36 -37 -38 -39
leaf_value=-0.023230444458077974 0 -0.052203171320043866 0.00099527394163418672 0 0 0 -0.043635359687680925 0 0.0022537615550308906 0.020268456932292771 0 0 0 0 0.029297731052321571 -0.0074565484756731297 0 0 0.052112955230315505 0 0 0 -0.042074988528380444 0 -0.028110548390625233 0 0.041835853361957394 0 0 -0.034727365416626195 0 0.010337763045411799 0.042373170805095443 -0.015043629129125231 0.0073250108835763959 0 0.043551664714892011 0
leaf_weight=19.424095721915364 12.696083183400331 37.703819371759892 9.8488181037828344 5.50305326888338 7.610128052532672 4.8785191113129249 43.713664317969233 9.1921459464356285 9.4701490472070891 15.42491165595129 16.508042034227401 4.2777326065115657 4.6219368427991858 10.732685312628744 35.878073921427131 8.3152942615561205 11.175856570247559 13.710093986708673 44.578650539275259 14.204526037909092 6.5350993350148201 6.6769267143681708 9.0693667647428793 5.1083204471506169 10.328581640496848 14.908225392922757 9.5910071637481433 6.0331315430812529 4.3339784555137149 10.379640984348958 7.9635554477572432 21.431426492054015 15.978940949775277 7.7251453702338031 17.580473479814827 5.0019878572784355 13.661456257686948 6.0130412583239368
leaf_count=154 145 895 106 84 142 101 1109 86 164 141 115 84 107 233 311 157 134 164 424 133 143 116 156 103 82 124 165 102 30 189 163 172 201 157 285 115 278 114
internal_value=0.00188136 -0.0324493 0.00717139 -0.00161151 -0.00927034 -0.0188827 -0.0250486 0.0132538 0.017468 0.0211553 0 0 -0.0311582 -0.0356145 0.0263015 0.0285615 0.00977992 0.0195233 0.0343215 0 0.0116661 0.0232565 0 -0.0222436 -0.0101574 0.018747 0.0237564 -0.0440183 -0.0482589 -0.00711096 -0.0144839 0 0.030053 0 0 0.0327386 0.0354655 -0.0273614
internal_weight=517.789 60.767 457.022 164.734 120.287 71.5569 66.6784 292.287 215.49 191.842 76.797 48.73 59.0683 54.4463 151.884 142.692 57.3729 40.8649 116.796 39.958 44.4474 26.8735 23.6478 14.1777 24.5331 72.2177 18.8707 48.0709 42.0378 29.8593 24.3562 36.3397 29.689 17.574 25.8958 14.593 20.3384 16.3927
internal_count=7684 1172 6512 3406 2606 1692 1591 3106 2338 1915 768 914 1449 1342 1559 1473 614 499 1031 356 800 537 423 259 215 607 364 1027 925 550 466 296 365 263 442 280 394 303
is_linear=0
shrinkage=0.0757959


Tree=15
num_leaves=43
num_cat=0
split_feature=8 8 15 13 4 4 1 15 8 16 11 1 19 16 19 8 9 1 16 1 12 13 19 15 16 16 19 12 13 12 4 11 19 13 1 1 19 19 4 4 1 4
split_gain=11.7039 3.20712 3.9964 2.88653 2.68243 2.29294 1.98171 1.94487 2.87215 2.99127 1.68445 1.42168 1.53614 1.50616 3.13017 2.30047 1.29331 1.20235 3.86717 2.06387 1.96397 0.993086 1.71371 2.00779 0.980983 1.70059 0.969827 0.68804 0.659596 0.633533 0.55902 0.548408 0.531754 0.507709 0.790363 1.17465 0.307939 0.242672 0.046725 0.0173807 0.00646799 0.0048805
threshold=26.858967441411977 -4.7998523155684394 -0.00692897188349642 224273.00000000003 6.9220122750159829 2.4821016395629854 51.868107364139462 -0.0059598086853478163 -11.971759496237135 -1.1850000000000003 0.002978969794231194 65.078464178096468 -2.2615937964307684 -0.30999999999999955 -2.6747549937438491 3.5223678273760046 0.038062108417941005 34.996891502983324 -0.65000000000000113 23.536527239619868 0.023908412509733291 220080.50000000003 -5.1671216403556803 -0.07295284845368287 0.26500000000000062 -0.48999999999999927 -4.4598915927510197 0.014180168412052338 202784.50000000003 0.0184890208557866 2.7562760195214908 0.0026267153129578562 -3.8011417463408614 339943.00000000006 70.025822165754988 104.87079130259578 -4.9551250911576465 -3.454504650915974 2.2753840011624171 2.2251527141339476 29.812981554671762 3.8187213496419932
decision_type=8 10 10 2 10 8 10 10 8 2 2 10 10 2 10 10 2 10 2 10 10 2 10 10 2 2 10 10 2 10 10 2 10 2 10 8 10 10 10 10 10 10
left_child=1 3 4 7 10 -2 -5 -1 -9 -10 21 13 24 17 15 -15 31 19 20 -4 -19 28 -23 -24 25 37 -11 -14 39 -26 -12 -7 -8 34 -34 -36 -21 -13 -35 -3 -16 -41
right_child=5 2 11 6 -6 16 32 8 9 26 30 12 27 14 40 -17 -18 18 -20 36 -22 22 23 -25 29 -27 -28 -29 -30 -31 -32 -33 33 38 35 -37 -38 -39 -40 41 -42 -43
leaf_value=0 0 -0.003494328196226124 0.016133195167291645 0.031606544272225215 -0.033025567656430839 -0.052131269376764773 -0.020217782525305109 0 0 0 0 0 0 0.039930064970901992 0.0016787872836475256 0 0 0.045818962355111438 -0.0029757367631907282 0 0 0 0 -0.044541050975492595 -0.029285462601985539 0.023462474479919469 -0.063151339296249775 0.032081632011834844 0.018070068966604211 0 0.038765619911086263 0 0 -0.0051681476409628649 0.037906628011863154 0 -0.029072615447796952 -0.014217584763051667 0 0.0017148326281880189 0 0
leaf_weight=9.1525179469026607 6.7246486642397931 8.1610404956154543 12.234427275136111 12.263328352011738 13.894646733067928 27.599693231051788 7.4570283661596468 8.813924717018379 5.8355116890743366 6.7125686048530033 6.5899653108790508 7.4863645546138287 5.6302034198306528 65.646705808117986 13.168012852082031 14.785054404288529 5.1149248769506803 19.835517109371725 9.960512485355137 10.239643855020402 7.9671965099405488 9.4801682028919476 7.6083258362486985 13.354690649546681 10.782511536031963 17.39674465963617 16.841103409416981 12.445286747533826 13.297073987778274 12.531439451500772 8.7181812715716642 7.5088698340114197 5.0468845702707794 10.033441008068623 9.8696796493604744 5.531210362445564 12.332101847277956 7.8652857821434718 6.2616920657455912 9.5181474387645739 12.971385010983793 8.5738122388720495
leaf_count=132 85 100 106 151 115 747 136 198 73 110 104 150 172 687 110 199 83 261 146 88 99 61 77 220 239 403 321 284 120 255 106 166 92 207 187 97 116 222 99 120 159 81
internal_value=0.00192058 0.00624519 0.00998211 -0.00325348 0 -0.0330496 0.00395263 -0.0188318 -0.0270537 -0.0388897 0.00166916 0.0151429 0.000818771 0.0192226 0.0262589 0.033721 -0.0400271 0.00432545 0.0147913 0 0.0330538 0 -0.0129996 -0.0267326 -0.000159153 0.000677941 -0.0511463 0.0221463 0.00375505 -0.0155234 0.0254359 -0.0452438 0 0 0.0119386 0.0219931 -0.0195895 -0.00359935 0 0 0 0
internal_weight=503.241 456.293 352.474 103.819 99.1961 46.9481 56.4633 47.3556 38.2031 29.3892 85.3014 253.278 74.1378 179.141 106.571 80.4318 40.2235 72.5694 37.7632 34.8062 27.8027 69.9933 30.4432 20.963 56.0623 32.7484 23.5537 18.0755 39.5501 23.314 15.3081 35.1086 44.1999 36.7429 20.4478 15.4009 22.5717 15.3517 16.2951 26.253 26.1394 18.092
internal_count=7684 6603 4800 1803 1104 1081 969 834 702 504 989 3696 1725 1971 1155 886 996 816 506 310 360 779 358 297 1269 775 431 456 421 494 210 913 818 682 376 284 204 372 306 301 269 201
is_linear=0
shrinkage=0.0757959


Tree=16
num_leaves=40
num_cat=0
split_feature=6 6 11 18 10 3 12 11 5 3 10 11 6 6 3 15 11 3 11 10 10 7 3 5 9 3 11 10 11 5 12 3 12 12 11 7 7 7 11
split_gain=11.1514 3.94042 1.73546 1.39526 2.87818 4.19196 2.44122 3.07299 1.60446 1.71875 1.70342 2.1519 1.357 2.37273 2.49773 1.44728 1.23868 1.17322 0.972663 0.898307 4.4868 0.684055 1.54959 0.65179 0.59045 0.586898 0.50409 1.01181 1.49995 0.87281 0.341188 0.162003 0.0916435 0.123437 0.0636606 0.042993 1.11575 0.194631 0.0157158
threshold=0.95000000000000018 1.5999999999999992 0.0026267153129578562 0.62133954257934876 0.0057835111816518141 -1.3857641239218643 0.03859324698822942 -0.0011423508456702696 -424.66308351132335 95.850072641574386 0.011540909024089071 -0.00040269933838278622 0.34999999999999981 0.19999999999999987 -26.238379585126747 0.0009266426486368996 0.00080819697259245087 1100.0017959699828 -0.0010460103475205408 0.0032235660292868075 0.0020793499689106946 227.22059696881684 -143.34208958258299 -314.49518707216106 0.038062108417941005 88.51476905155009 0.00028001261111422796 0.009306647649576099 0.0023655855538336564 -107.62611918249793 0.052597700477013544 -40.263204192064805 0.018739573705398357 0.01353851247956807 0.0020965241513590475 138.05627118296204 99.864395395674009 179.82619115966602 0.0012034666333730051
decision_type=8 10 2 2 10 8 10 2 10 8 10 2 10 10 8 8 2 10 2 10 10 10 10 10 2 8 2 10 2 10 10 10 10 10 2 10 10 8 2
left_child=3 2 24 4 5 18 12 -8 9 10 11 35 13 26 -15 -16 32 -7 23 20 -20 38 -23 -1 -2 31 29 28 -28 -6 -13 -10 33 -14 -18 36 -5 -37 -21
right_child=1 -3 -4 8 6 17 7 -9 25 -11 -12 30 16 14 15 -17 34 -19 19 21 -22 22 -24 -25 -26 -27 27 -29 -30 -31 -32 -33 -34 -35 -36 37 -38 -39 -40
leaf_value=0 -0.05121872316531742 0 0 0 0 0.030911500478942412 0 0.067050872728994113 0 -0.011744068593488399 0 0.03455058781960272 0 0 0 -0.041896538613635466 0.03678827647761071 0 0.00076727602649037836 -0.0042383875342282369 -0.039350945626664496 0 0.034070508417698729 0.025558497416173477 0 0 -0.032595167205691576 0 0 0.023574943067951801 0 -0.033947297377143998 -0.0074022912710407394 0.012377461291531805 0 -0.013044301226448524 0.033341255123559101 0 0
leaf_weight=7.8456229842267957 31.283001099945977 13.860009752213953 6.4286461453884831 6.0192477810196596 16.649434913881127 78.934103294275701 5.3759041880257428 6.9638185000512731 7.8168815332464918 12.136284311302004 8.348987849429248 28.421716461423784 5.8949293692130613 19.832946436246857 5.178737479727717 24.079895850270987 7.0564480046741647 9.0786658935248834 19.334159641992301 5.0093781994655746 19.661175603512675 8.6516852816566843 11.430111475754527 14.299300015205516 4.9254153119400135 7.6967468517832485 13.869022630155092 5.615925842896103 6.0016984790563574 13.635629614349453 10.419073335360734 10.291317993309345 9.5919561805203539 4.6121800318360329 5.3176128878258169 7.0197965600527796 5.9006311181001365 6.8631922029890129 5.4438665546476841
leaf_count=98 778 162 152 95 317 926 93 111 106 149 174 367 116 443 107 621 116 90 149 85 178 104 152 171 80 55 222 123 83 205 134 137 167 95 110 81 111 120 101
internal_value=0.00207018 -0.0285641 -0.0401468 0.00675378 0.00923644 0.0157601 0 0.0333324 0 0.00439006 0.0116088 0.0174216 -0.00146867 -0.00756465 -0.0199948 -0.0340704 0.00802163 0.0279358 0.000457645 0 -0.0109828 0.00385945 0.0147708 0.0159064 -0.0466157 -0.0171296 0 -0.00355699 -0.0175645 0.0092154 0.0286917 -0.0245775 0 0 0.0272588 0 0.0037502 -0.00238583 0
internal_weight=496.795 56.4971 42.6371 440.298 329.364 179.688 149.676 12.3397 110.934 85.1289 72.9926 64.6437 137.336 104.863 49.0916 29.2586 32.4731 88.0128 91.6753 69.5304 38.9953 30.535 20.0818 22.1449 36.2084 25.8049 55.7717 25.4866 19.8707 30.2851 38.8408 18.1082 20.0991 10.5071 12.3741 25.8029 11.9199 13.883 10.4532
internal_count=7684 1172 1010 6512 4983 2054 2929 204 1529 1231 1082 908 2725 2121 1171 728 604 1016 1038 769 327 442 256 269 858 298 950 428 305 522 501 243 378 211 226 407 206 201 186
is_linear=0
shrinkage=0.0757959


Tree=17
num_leaves=39
num_cat=0
split_feature=6 0 16 1 16 9 1 17 8 12 19 0 17 11 1 0 11 11 8 0 0 12 19 16 16 8 17 12 19 11 8 8 8 8 9 16 11 19
split_gain=9.04797 3.10459 2.94265 2.24949 2.11771 2.36124 1.92115 2.6492 1.85265 1.78704 2.09212 1.84183 1.78042 2.26439 1.266 3.15593 3.75923 1.20823 1.88526 0.955857 0.946747 1.67902 1.01932 1.41878 0.841126 0.678731 1.96867 0.651759 0.582106 0.328681 0.362833 0.414213 0.276364 0.265157 0.041883 0.0153356 0.00929584 0.00912794
threshold=0.95000000000000018 -2053.2101832948024 -0.34499999999999881 18.101370365283127 -1.0349999999999999 0.038062108417941005 81.901304210617951 78.750000000001833 -4.7998523155684394 0.0059392654246675997 -3.8011417463408614 -592.69265860540054 3740.9999999999905 -0.00041627879590567515 57.433770786526189 -576.46494551816193 0.00026651262020411154 -0.00068539727158818664 -0.83122796234677931 -361.32363426868932 -1875.1752011524375 0.0089791295631970348 -3.6868311820457897 -2.2100000000000022 -0.95999999999999897 -1.4853543609501421 1595.0000000000111 0.019728667152982746 -3.3036664086821714 0.0018151321159546399 -7.7075610423814345 6.2759597783298426 14.81306046092139 -14.968238425169345 0.016191331108543653 -1.3850000000000013 -0.00030090832304356169 -2.3930419542542283
decision_type=8 8 2 10 2 2 10 10 10 10 10 10 10 2 10 10 2 2 10 8 10 10 10 2 2 10 10 10 10 2 10 10 10 10 2 2 2 10
left_child=2 -2 14 -4 -3 -6 7 8 -5 -10 -11 37 13 -8 15 16 35 -17 -19 -13 24 36 -23 -24 -16 -9 27 -27 -28 30 -15 -32 -14 -25 -31 -1 -22 -12
right_child=1 4 3 6 5 -7 12 25 9 10 11 19 32 29 20 17 -18 18 -20 -21 21 22 23 33 -26 26 28 -29 -30 34 31 -33 -34 -35 -36 -37 -38 -39
leaf_value=0.0003880762353590479 0 0 -0.010143102308639079 0 -0.053538206699656248 0 -0.033587662054508444 0.01902768700328366 0 0.040340592266870721 -0.0019262621395043811 0.036149601111418177 0 0 0 0.0025395361170940929 0.042503806893610309 -0.030006365725166267 0 0 0.0027328025658692645 0 0 0 0.031468166136652903 0 0.019557963863124379 -0.033094259831521311 0 -0.0064409110094275374 0.02484174349457615 0 0.038267556262774824 -0.034276676170342663 0 -0.0026659381695733099 0 0
leaf_weight=10.111041009426119 12.681940974667667 9.0399981697555614 8.5041738455183786 19.413384910672903 27.862768077524379 4.5420027924701563 12.83350004267413 10.475570237264035 10.310927175451068 64.19613627740182 14.116304529830815 13.47655404685065 5.9567178608849627 4.8386079014744601 7.2952195447869599 19.065980752697214 22.851623811293393 20.047379912342876 19.63040158059448 9.85343054844998 7.134290773421526 12.148868842748923 5.4867652696557263 4.0204521771520296 4.8632283210754377 6.290129043627533 9.4368733488954586 13.572350323200224 11.491026393603535 6.2267782595008594 10.247321074828511 4.5726363672874859 7.036428164690733 30.528122003190234 4.6047034398652613 12.165059532970188 5.5310179842635971 5.997961623594164
leaf_count=151 145 210 64 299 746 71 389 188 86 684 215 159 115 99 152 178 265 206 157 107 119 256 120 80 84 116 167 168 205 143 218 98 97 662 81 150 148 86
internal_value=0.0021619 -0.0259087 0.00642308 0.0117215 -0.0361492 -0.0452369 0.0138326 0.0175205 0.0230717 0.0266481 0.029555 0.00599141 0 -0.00585885 0 0.00438957 0.0208984 -0.00266142 -0.0135001 0.0228046 -0.00827277 -0.0128498 -0.0197475 -0.0255825 0 0 -0.00156995 -0.0236711 0.00360303 0 0.00974872 0.0163257 0.0259204 -0.0315303 -0.00130209 0 0 0
internal_weight=488.458 54.1267 434.331 253.452 41.4448 32.4048 244.947 188.631 137.365 117.951 107.64 43.4443 56.3167 43.3235 180.879 103.871 45.1277 58.7438 39.6778 23.33 77.008 64.8495 52.1842 40.0353 12.1584 51.2659 40.7904 19.8625 20.9279 30.49 19.6586 14.82 12.9931 34.5486 10.8315 22.2761 12.6653 20.1143
internal_count=7684 1172 6512 3784 1027 817 3720 2480 1636 1337 1251 567 1240 1028 2728 1107 566 541 363 266 1621 1385 1118 862 236 844 656 284 372 639 415 316 212 742 224 301 267 301
is_linear=0
shrinkage=0.0757959


end of trees

feature_importances:
iv_to_spot_change_ratio_1dte_close=68
vega_x_VIX_5d_pct_change=55
vega=53
entry_bid_ask_spread_pct=46
morning_spx_log_return=44
gamma_x_morning_spx_rv_annualized=43
theta=42
atmf_iv_10dte_intraday_range=40
rom_roll_std_30d=34
spx_10d_returns=31
iv_term_slope_5d_30d=28
theta_x_atmf_iv_5dte_percentile_252d=27
morning_vix_change=27
entry_bid_ask_spread=25
leverage=25
rom_roll_skew_30d=20
jobless_claims=16
iv_at_strike_minus_atmf_x_VIX_VIX9D_spread=15
vix_z_60d=15
prior_day_strategy_drawdown_max_5d=14

parameters:
[boosting: gbdt]
[objective: lambdarank]
[metric: ndcg]
[tree_learner: serial]
[device_type: cpu]
[data_sample_strategy: bagging]
[data: ]
[valid: ]
[num_iterations: 2000]
[learning_rate: 0.0757959]
[num_leaves: 144]
[num_threads: 4]
[seed: 20260829]
[deterministic: 1]
[force_col_wise: 0]
[force_row_wise: 0]
[histogram_pool_size: -1]
[max_depth: -1]
[min_data_in_leaf: 91]
[min_sum_hessian_in_leaf: 0.001]
[bagging_fraction: 0.562557]
[pos_bagging_fraction: 1]
[neg_bagging_fraction: 1]
[bagging_freq: 10]
[bagging_seed: 25539]
[bagging_by_query: 0]
[feature_fraction: 0.563741]
[feature_fraction_bynode: 1]
[feature_fraction_seed: 1518]
[extra_trees: 0]
[extra_seed: 10840]
[early_stopping_round: 0]
[early_stopping_min_delta: 0]
[first_metric_only: 0]
[max_delta_step: 0]
[lambda_l1: 4.36742]
[lambda_l2: 0.0166533]
[linear_lambda: 0]
[min_gain_to_split: 0]
[drop_rate: 0.1]
[max_drop: 50]
[skip_drop: 0.5]
[xgboost_dart_mode: 0]
[uniform_drop: 0]
[drop_seed: 2781]
[top_rate: 0.2]
[other_rate: 0.1]
[min_data_per_group: 100]
[max_cat_threshold: 32]
[cat_l2: 10]
[cat_smooth: 10]
[max_cat_to_onehot: 4]
[top_k: 20]
[monotone_constraints: ]
[monotone_constraints_method: basic]
[monotone_penalty: 0]
[feature_contri: ]
[forcedsplits_filename: ]
[refit_decay_rate: 0.9]
[cegb_tradeoff: 1]
[cegb_penalty_split: 0]
[cegb_penalty_feature_lazy: ]
[cegb_penalty_feature_coupled: ]
[path_smooth: 0]
[interaction_constraints: ]
[verbosity: -1]
[saved_feature_importance_type: 0]
[use_quantized_grad: 0]
[num_grad_quant_bins: 4]
[quant_train_renew_leaf: 0]
[stochastic_rounding: 1]
[linear_tree: 0]
[max_bin: 255]
[max_bin_by_feature: ]
[min_data_in_bin: 3]
[bin_construct_sample_cnt: 200000]
[data_random_seed: 4788]
[is_enable_sparse: 1]
[enable_bundle: 1]
[use_missing: 1]
[zero_as_missing: 0]
[feature_pre_filter: 1]
[pre_partition: 0]
[two_round: 0]
[header: 0]
[label_column: ]
[weight_column: ]
[group_column: ]
[ignore_column: ]
[categorical_feature: ]
[forcedbins_filename: ]
[precise_float_parser: 0]
[parser_config_file: ]
[objective_seed: 17936]
[num_class: 1]
[is_unbalance: 0]
[scale_pos_weight: 1]
[sigmoid: 1]
[boost_from_average: 1]
[reg_sqrt: 0]
[alpha: 0.9]
[fair_c: 1]
[poisson_max_delta_step: 0.7]
[tweedie_variance_power: 1.5]
[lambdarank_truncation_level: 5]
[lambdarank_norm: 1]
[label_gain: 0,1,3,7,15]
[lambdarank_position_bias_regularization: 0]
[eval_at: 1,3]
[multi_error_top_k: 1]
[auc_mu_weights: ]
[num_machines: 1]
[local_listen_port: 12400]
[time_out: 120]
[machine_list_filename: ]
[machines: ]
[gpu_platform_id: -1]
[gpu_device_id: -1]
[gpu_device_id_list: ]
[gpu_use_dp: 0]
[num_gpu: 1]

end of parameters

pandas_categorical:[]
