tree
version=v4
num_class=1
num_tree_per_iteration=1
label_index=0
max_feature_idx=33
objective=lambdarank
feature_names=VIX_5d_pct_change VIX_VIX9D_ratio atmf_iv_10dte_intraday_range atmf_iv_1dte_1000 atmf_iv_30dte_percentile_252d days_until_next_pce entry_bid_ask_spread entry_log_premium front_roll_yield gamma gamma_x_dte gamma_x_morning_spx_rv_annualized iv_at_strike_minus_atmf iv_at_strike_minus_atmf_x_VIX_VIX9D_spread iv_term_slope_5d_30d jobless_claims leverage morning_atmf_iv_pct_change morning_spx_log_return morning_spx_range_pct morning_spx_rv_annualized morning_vix_change prior_day_strategy_drawdown_max_5d rom_roll_skew_30d rom_roll_std_30d spx_10d_returns spx_1d_returns spx_5d_returns theta theta_x_atmf_iv_5dte_percentile_252d vega vix_curvature_9d_30d_3m vix_z_60d win_rate_30d
feature_infos=[-0.42827256425582794:1.6965317919075145] [0.62891809908998986:1.5167853509664293] [0.0036813882916645474:0.2613707868372882] [0.03730083401571016:1.1291745036510505] [0:0.99603174603174605] [0:44] [0.049999999999999822:29.899999999999999] [-2.0794415416798357:4.4502692247701292] [-6.7375000000000007:4.8832999999999984] [0.00033523060713275678:0.072209098383669706] [0:0.033556061189271305] [0.00050198565975699322:0.029708705204148592] [-0.040643324853528728:0.35516611695907097] [-6.5795764598266988:0.58289359397191487] [-0.50666580450779986:0.067287322754047196] [152144:6161268] [12.51586456957032:1073.1554712918908] [-0.33382759238393778:0.44486063275178811] [-0.029011813819852964:0.026209351931648178] [0.00081068192656181268:0.047613469070574892] [0.17917490989228085:8.150433863579746] [-17.640000000000001:24.859999999999999] [0:30374.000000000073] [-5.4772255750516701:5.0258428426019996] [7.1417041269969607e-17:19.770253581632318] [-0.23386323847009061:0.19052471618843292] [-0.11984050283657066:0.093827657101993367] [-0.1796662632195084:0.17397425583266291] [-7697.42948726533:-96.192032199531141] [-7575.2480668325461:0] [10.153572579096968:166.46298008069991] [-4.4899999999999949:17.299999999999997] [-2.0770891229405501:6.9859947436689716] [0.46666666666666667:1]
tree_sizes=3615 4670 4677 4923 4583

Tree=0
num_leaves=32
num_cat=0
split_feature=30 12 12 30 28 28 28 16 9 12 1 5 30 6 30 32 20 16 24 30 22 28 30 27 18 27 10 3 10 22 19
split_gain=276.231 32.9469 20.6189 15.3157 13.7257 6.16562 4.64052 4.5699 4.13852 4.04178 4.01113 3.42979 3.37642 5.20989 3.10322 2.82157 2.40315 1.85524 1.80133 1.30668 1.21783 0.913787 0.859388 0.731356 0.664251 0.647009 0.61355 0.577678 0.48574 0.430663 0.226801
threshold=75.702469690060852 0.026388853084616266 -0.0098004857914443782 58.41700910766945 -209.04573632854371 -748.67474880205907 -565.60105882526466 187.65933462303053 0.010722817529648387 0.018467229400551167 1.2182407649986902 13.500000000000002 20.380527637660894 0.14999999999999999 23.086647622106508 1.0981203774571655 1.0771084137313911 481.64004341379882 2.9599395830437518 92.285882877702718 137.75000000001458 -908.92145300997879 67.255401466885601 -0.016830551897697717 0.0023074554737387933 -0.0085586222271512007 0.0074837827874721244 0.1688363932384418 0.0015881946103294216 3539.7500000000441 0.0029341047882841024
decision_type=8 10 10 10 10 10 10 10 10 10 2 2 10 10 10 2 2 10 10 10 10 10 10 2 2 2 10 2 10 10 2
left_child=1 3 24 4 7 9 8 16 20 18 19 30 -3 28 -9 -15 -1 21 26 -7 -5 -16 -8 -18 -2 -22 29 -20 -14 -4 -10
right_child=2 12 5 6 -6 10 22 14 11 -11 -12 -13 13 15 17 -17 23 -19 27 -21 25 -23 -24 -25 -26 -27 -28 -29 -30 -31 -32
leaf_value=-0.0064191507885958928 -0.040775776462657919 0.015813311263223079 -0.03060203908157318 -0.0052169498264360856 -0.015422194070447107 0.00044015961768154244 0.016137760171842274 0.004264545414122238 -0.0097166153492584187 -0.0028022609105475896 0.014547303562680768 8.5081017234736879e-05 0.04170008768256904 0.025645929571799217 0.0092628696535829811 0.0083012652943522947 0.0028505883264474232 0.0073497630360330642 -0.013974591648778057 -0.016283734058935257 2.7634463248415783e-05 0.025590209287443769 0.0011204425989327462 0.01567998618111854 -0.023804213065425201 0.013011999964956585 -0.013885921587598828 -0.001384089001187039 0.024779037783229388 -0.016158228467887344 -0.026135001139844179
leaf_weight=7.7557642892934409 64.932583137881011 27.553401775658131 34.442299488233402 8.4412968526594359 9.6157687529921514 5.9791789146838727 6.0531665240414423 10.714204568415878 6.5650604050606551 10.191016374039462 5.2609051715116939 8.4223842008504999 36.678367015905678 32.077297199517488 7.8831862658262173 15.357319778762756 7.9378562015481338 9.6928991251625103 5.4977321496698988 7.6497561710420996 5.4907668847590685 58.360919649712748 5.7374368575401604 8.6985678300261462 18.978658447042108 4.9180538184009475 14.083341848338021 5.982814006973058 21.761466734111309 14.901480564381925 9.6922564096748811
leaf_count=189 957 222 1110 330 81 255 203 100 198 337 205 331 321 513 233 306 175 201 217 228 223 1282 175 216 220 183 372 236 225 413 307
internal_value=0.000340462 0.0171551 -0.0271792 0.0086657 0.0143564 -0.0176912 -0.00384656 0.0172783 -0.00818657 -0.0209234 -0.00224415 -0.0153393 0.0279082 0.0305253 0.0203474 0.020871 0.00532529 0.022364 -0.0231822 -0.0102023 0.00200613 0.0241405 0.010564 0.0109497 -0.0379058 0.00772351 -0.0252003 -0.009083 0.0369391 -0.0274338 -0.0220865
internal_weight=497.307 309.407 187.9 175.98 120.659 103.989 55.3204 111.043 43.5298 85.0987 18.8898 24.6797 133.428 105.874 86.6512 47.4346 24.3922 75.937 74.9077 13.6289 18.8501 66.2441 11.7906 16.6364 83.9112 10.4088 63.4271 11.4805 58.4398 49.3438 16.2573
internal_count=10564 6014 4550 4427 2477 3373 1950 2396 1572 2685 688 836 1587 1365 1816 819 580 1716 2348 483 736 1515 378 391 1177 406 1895 453 546 1523 505
is_linear=0
shrinkage=0.0290398


Tree=1
num_leaves=42
num_cat=0
split_feature=12 33 30 30 5 30 5 32 30 31 19 21 8 11 31 21 8 9 11 18 31 31 19 32 19 11 27 17 30 15 17 24 30 4 16 1 32 23 23 29 30
split_gain=967.26 149.607 106.461 41.0156 34.6218 34.2212 22.6259 25.8425 21.6558 31.8681 20.082 19.2331 16.3272 15.7654 20.6275 14.3523 13.6632 13.5699 12.798 11.3431 16.1358 10.5205 10.3528 10.0003 13.1186 9.4268 9.82956 8.91669 8.15637 8.76326 8.65649 7.99822 7.83766 7.3701 7.2937 9.76786 7.04709 5.20012 5.20059 5.18225 4.47552
threshold=0.0027869628492568775 0.61666666666666681 51.894719195030945 20.380527637660894 19.500000000000004 66.290272160580614 14.500000000000002 0.96754975747540473 84.409536563592994 -0.32499999999999746 0.0031388902658441441 0.49000000000000116 -0.014109848484848609 0.003864948735871523 0.54999999999999905 -1.0049999999999988 0.34777249999999976 0.010200217821829038 0.004133277216582013 0.00040399477244036386 0.84499999999999986 0.76999999999999791 0.0022517451836858451 -0.2002193039114758 0.0044567320654916977 0.01201737130432313 0.02255706763223209 0.010593768756512746 41.137212873724316 213381.00000000003 -0.040652860374012438 3.0625667874829321 98.972156919837133 0.69246031746031755 326.21830069621581 1.1255664566260737 -0.74704633774857387 -4.1030895888517582 -3.0431997041356538 -456.42680530584101 69.288721999922615
decision_type=10 10 10 10 2 10 2 2 10 2 2 2 2 10 2 2 2 10 10 2 2 2 2 2 2 10 2 10 10 2 8 10 10 2 10 2 2 10 10 8 10
left_child=1 23 3 -2 8 33 13 10 9 39 -8 17 31 14 -5 40 -16 -7 -10 20 -20 -12 -19 -1 -25 26 34 -22 29 -15 -30 -11 -21 -3 35 37 -24 -17 -39 -4 -14
right_child=2 5 4 6 -6 11 7 -9 18 12 21 -13 15 28 16 25 -18 22 19 32 27 -23 36 24 -26 -27 -28 -29 30 -31 -32 -33 -34 -35 -36 -37 -38 38 -40 -41 -42
leaf_value=-0.045700507465789082 0.00063036736982394919 0.011641077896442918 -0.022741038828281893 0.01689997334402471 0.028362377446512634 0.0019766571381170371 0.0075838466828885408 -0.0030472367561133621 0.0080816812920487483 -0.015807813757796028 0.036745594654737285 -0.032783617820648654 0.030717118738844845 0.015040459164061586 0.038757839893439179 0.0023578651465717268 0.021662227163068093 -0.0039323934894578789 0.0021810718108736288 0.0069782643613864378 -0.010570396868384031 0.016565832591104362 -0.013149684208289721 -0.02209925494824936 -0.04044463146307526 -0.0067697900797280735 -0.004828500082165863 -0.036948270964703996 0.020806596039907262 0.030280833200074186 0.0030759670015502779 0.0056217801769972769 -0.010917162365285928 -0.0053488454986141505 0.0012115868983367504 0.030450551043821709 -0.032975806134555072 0.023207238085343328 0.0068902740269285393 -0.0042884288208778982 0.012379776243064779
leaf_weight=205.90215480420738 87.017814630642533 40.945460392162204 27.190838612616062 95.69789507612586 42.585076153278351 38.44522900134325 77.916700456291437 57.349243853241205 40.736185193993151 26.633392732590437 51.379621732980013 57.480257702991366 35.893757229670882 75.564320541918278 160.55813998915255 36.943717401474714 71.508623383939266 32.621282707899809 23.065767657011747 39.120844766497612 21.731714406050742 51.545412242412567 35.880117289721966 67.380348755978048 108.05802382063121 28.373310163617134 28.527000870555639 27.875138459727168 41.14964459836483 72.853297054767609 51.609084552153945 26.742078299634159 37.502218442037702 39.578468684107065 35.303656142205 29.251466374844313 35.644344091415405 36.660936314612627 34.372145424596965 25.331808969378471 24.915864795446396
leaf_count=655 338 207 202 234 299 243 265 182 261 175 192 338 269 222 401 225 191 213 216 333 210 174 299 210 412 255 208 201 222 257 292 202 257 158 224 194 261 255 245 170 197
internal_value=0.000439291 -0.0287905 0.0131762 0.0195992 0.00399167 -0.0125022 0.0216341 0.0138213 0.00208365 0.00593631 0.019133 -0.0188574 0.00917055 0.0248139 0.0290945 0.0118682 0.033839 -0.0126751 -0.00591424 -0.00981871 -0.0177948 0.0274063 -0.0179869 -0.0405815 -0.0338962 0.00833817 0.0105397 -0.0266733 0.018706 0.0229802 0.0113535 -0.00534609 -0.00186213 0.00339894 0.0131207 0.0160913 -0.0239738 0.0114723 0.0159201 -0.014565 0.0241531
internal_weight=2184.84 661.936 1522.91 894.15 628.757 280.595 807.132 238.191 586.172 396.14 180.842 200.071 343.617 568.941 327.765 290.242 232.067 142.591 190.032 149.296 72.6726 102.925 104.146 381.341 175.438 229.432 201.059 49.6069 241.176 148.418 92.7587 53.3755 76.6231 80.5239 172.532 137.228 71.5245 107.977 71.0331 52.5226 60.8096
internal_count=10564 2996 7568 2970 4598 1719 2632 813 4299 2821 631 1354 2449 1819 826 2072 592 1016 1478 1217 627 366 773 1277 622 1606 1351 411 993 479 514 377 590 365 1143 919 560 725 500 372 466
is_linear=0
shrinkage=0.0290398


Tree=2
num_leaves=42
num_cat=0
split_feature=12 7 33 7 12 7 21 24 0 3 32 18 10 11 15 15 7 12 13 20 28 0 21 19 1 20 32 20 11 20 1 3 3 1 13 7 14 7 21 27 29
split_gain=646.394 114.55 101.047 49.8666 27.848 20.5459 19.7298 17.8032 14.5144 14.0584 15.7981 13.4117 12.4723 11.5052 11.4461 17.0036 10.7474 9.55131 9.38024 8.13193 17.2612 13.2326 19.7174 7.37905 10.8168 9.91363 12.9408 8.19154 8.31469 5.6457 5.58862 5.16076 5.71345 6.20604 6.01196 4.75915 4.19749 3.56402 3.19787 2.29172 0.302716
threshold=0.0028405237660450865 1.2563217023798001 0.68333333333333346 -0.88597842096593749 0.060470861183247883 1.201441407154705 0.49000000000000116 3.1777408623057006 0.044611945454117292 0.22724705535071418 1.4705133917019897 -0.0018622002228220441 0.0022516774649766745 0.0040830204465939083 254543.00000000003 202261.50000000003 0.38011077311213326 0.01700858318067228 0.11603291587662611 0.55056561179589625 -497.49137235040484 -0.026610903463139043 -0.77500000000000202 0.0056267198806608824 1.1681791207720937 0.62788186157822479 -0.053686004540453525 1.5222280471224596 0.010582600395131717 0.89011619356936311 1.0497152453483694 0.086225093974287861 0.073215384186250815 1.1532376403901885 0.037411564239247921 -0.20775772198083289 -0.0013937783357211573 2.5552855613544279 -0.26500000000000051 0.014591209634424398 -46.387125956599895
decision_type=10 10 10 10 10 10 2 10 2 2 2 2 10 10 2 2 10 10 10 2 10 2 2 2 2 2 2 2 10 2 2 2 2 2 10 10 8 8 2 2 8
left_child=2 3 8 -2 9 -4 14 13 36 10 11 16 17 -3 15 -7 -5 -9 19 31 21 22 -21 24 25 -15 -27 28 38 -23 -10 32 33 -13 40 -22 -1 -29 -25 -16 -35
right_child=1 7 5 4 -6 6 -8 12 30 -11 -12 18 -14 23 39 -17 -18 -19 -20 20 35 29 -24 27 -26 26 -28 37 -30 -31 -32 -33 -34 34 -36 -37 -38 -39 -40 -41 -42
leaf_value=-0.029591961608340444 -0.013645443771736538 0.0096314757125052497 0.0048054590928247728 0.033451158556195792 0.038840572164035712 -0.01530898545614188 -0.033573466456297253 0.0045347707019484894 -0.032498414706769001 0.033754350699794516 0.00062843119173114673 0.0094970655449901926 -0.0035338052171298355 -0.011999401059402807 -0.026897267501758165 0.012560122124347787 0.014634707447608575 0.025802076180770493 0.028823013016384309 0.021568982921593507 0.0075474689068625389 0.032327870401536382 -0.002806552932128331 -0.018681685623020812 -0.01867997642431676 0.02046704344524285 -0.004172824419942568 -0.010247327992749506 -0.032878235797007625 0.015689362827883628 -0.016472359441942978 0.0093809348910674009 0.029378895742451564 0.031911521931330004 0.010418384854032394 -0.0039615735334464098 -0.044812705622592125 0.0054223091689518024 -0.0044513732642842497 -0.01145346529184102 0.019682502032060969
leaf_weight=46.312803744804114 40.9772176630795 32.794239494949579 51.887419426813722 70.063101597130299 51.386427391320467 34.727734761312604 37.676618210040033 38.772980853915215 62.911334131844342 39.360459767282009 53.062968568876386 67.530918247997761 51.196105139330029 27.924103834666312 22.658317558467388 33.111993269994855 51.657465033233166 32.626682169735432 39.553365550935268 49.741104252636433 56.641754817217588 40.351909425109625 58.249465186148882 24.750530291348696 25.171314228326082 31.422271141782403 35.793190224096179 21.925209444016218 21.9794398015365 47.770617421716452 41.595792702399194 56.601168230175972 47.142136864364147 30.478788116946816 32.903600335121155 58.768672347068787 163.50416656397283 21.286028124392033 30.515274100005627 23.42095766402781 28.230746410787106
leaf_count=245 186 224 270 221 150 277 302 347 335 170 210 347 361 259 214 267 334 218 133 236 177 261 295 173 268 331 314 202 210 213 154 260 264 210 155 200 799 170 262 171 169
internal_value=0.000467349 0.0112783 -0.0269269 0.0168822 0.0183468 -0.010758 -0.0160751 -0.00177162 -0.0371903 0.0169374 0.0159716 0.017071 0.00730933 -0.0058771 -0.00956402 -0.0017502 0.026018 0.0149116 0.0151775 0.0140908 0.0107205 0.0159007 0.00870395 -0.00808363 -0.00288084 0.00174814 0.00773281 -0.0130805 -0.0185766 0.0241341 -0.0267672 0.0179159 0.0200869 0.0168342 0.0217626 0.00173517 -0.0419246 -0.0026782 -0.0114681 -0.0202451 0.0272924
internal_weight=1834.44 1316.63 517.807 920.472 879.495 203.483 151.596 396.157 314.324 828.108 788.748 735.685 122.596 273.562 113.919 67.8397 121.721 71.3997 613.964 574.411 311.524 196.113 107.991 240.767 120.311 95.1396 67.2155 120.456 77.2452 88.1225 104.507 262.887 206.286 159.144 91.6131 115.41 209.817 43.2112 55.2658 46.0793 58.7095
internal_count=10564 7530 3034 4191 4005 1501 1231 3339 1533 3855 3685 3475 926 2413 929 544 555 565 2920 2787 1382 1005 531 2189 1172 904 645 1017 645 474 489 1405 1145 881 534 377 1044 372 435 385 379
is_linear=0
shrinkage=0.0290398


Tree=3
num_leaves=44
num_cat=0
split_feature=30 12 12 7 30 9 5 9 13 30 28 20 0 31 29 5 14 30 0 26 20 18 26 26 23 12 23 2 9 20 25 2 8 23 13 18 18 8 12 2 13 18 12
split_gain=489.183 73.7653 72.8204 37.9512 37.3319 16.4817 19.709 14.4785 13.8971 13.6211 19.0328 13.9605 12.8242 10.7792 9.66374 20.5113 12.4859 10.5198 9.85038 9.47857 9.44435 9.20763 7.32627 13.1187 11.1389 10.7103 7.30022 7.99318 6.92608 6.60206 6.28233 9.88438 6.12655 4.86553 4.76028 3.98914 3.91163 3.91054 3.31106 3.2284 2.86436 1.2522 0.476223
threshold=90.165509789925252 0.01905820362452074 0.0027869628492568775 1.4048519274143552 20.380527637660894 0.0027698122721497593 13.500000000000002 0.011390261461104704 1.0000000180025095e-35 66.006678401303418 -339.5447682216838 0.35999618826346963 0.087701337423600992 0.40500000000000119 -110.17558827748219 2.5000000000000004 0.025594760543302248 39.207303711955312 -0.10121368105193816 -0.0039496890716375068 0.69375914552792939 0.0024538320413790573 0.0023679921075127068 -0.0020601209505063385 -4.6993901314237645 0.0089197617552384274 -2.8772769579060906 0.026604800877986588 0.004635250949425203 0.75058995263225448 -0.005276418600952514 0.04570032865248836 0.085202941176470717 -3.8979787735139819 0.0044001825126082179 0.00077998372419100072 0.0011357623972661028 0.12050250000000012 0.0016635475768689153 0.032147931397423231 0.022796470696026073 -0.00016291356609302179 0.004070950218375253
decision_type=8 10 10 10 10 10 2 10 10 10 10 2 2 2 10 2 10 10 2 2 2 2 2 2 10 10 10 8 10 2 2 10 2 8 10 2 2 2 10 8 8 2 10
left_child=1 3 8 9 -3 6 41 21 12 10 11 -1 -2 -11 15 -7 -16 -17 -19 -20 38 30 23 28 -24 -26 40 29 -13 -28 31 -5 -25 -30 -32 -15 -21 -10 -9 -14 -4 -6 -22
right_child=2 4 26 7 5 14 -8 20 37 13 -12 22 39 35 16 17 -18 18 19 36 42 -23 24 32 25 -27 27 -29 33 -31 34 -33 -34 -35 -36 -37 -38 -39 -40 -41 -42 -43 -44
leaf_value=0.02910399521947581 -0.040523986811285675 -0.0066646457897186501 -0.023585609698312263 -0.014723892609861643 0.037553493291947564 -0.0030871930415233605 0.01169832023657295 -0.014510237346019436 -0.028356864946131582 0.011038261388250056 -0.0059608945726267581 0.0012895429268355526 -0.015399680630481985 -0.018173943501357523 -0.002871732587616165 0.028945071524919815 0.017415250170347778 -0.0006335414067989894 0.0082855251393250152 0.016511775228503531 -0.034156348026302692 -0.017091725051943233 0.0031672422958033343 -0.013898050894150638 0.0073715295612956731 0.029925808620173203 -0.0034816182721115426 -0.010951182998179158 0.027583138753258109 0.018262138300290737 0.016868520824456744 0.010034943332904882 0.0035546839931967591 0.0094402701124423095 -0.00087402416089134619 -0.0011589990987539152 0.036473862869274891 -0.010565044838759401 0.0024814770222668721 -0.030649004194434129 -0.0066949560376726724 0.026323514946650133 -0.017915487735180927
leaf_weight=35.104934591799974 192.91788750048727 49.766989120282233 19.757367078214884 30.663544568233192 63.947777137160301 31.966327108442783 59.856381123885512 17.460573353804648 18.278024769388139 23.693610282614827 54.075413478538394 30.566605370491743 35.660635297186673 28.445966552942991 50.343891393393278 93.647531442344189 47.464697111397982 26.051565606147051 41.131043067201972 25.344396771863103 18.150021372362971 23.572872592136264 43.896411865949631 27.909159824252129 31.337515137158334 47.371652018278837 23.129048138856888 35.866927167400718 24.878172187134624 19.349596451967955 26.627800835296512 20.066568138543516 35.399069027975202 31.604859132319689 21.849949892610312 19.123655302450061 24.039097663015127 33.138180866837502 16.853658930398524 33.597033057361841 18.817960441112518 64.283716209232807 16.592354285530746
leaf_count=197 1151 287 183 292 197 178 192 162 195 208 243 125 172 280 175 360 192 169 314 209 197 272 195 178 222 277 255 351 177 161 251 171 232 231 203 190 153 306 213 202 189 210 199
internal_value=6.95345e-05 0.0095793 -0.0263865 0.00264294 0.0170314 0.01929 0.0262858 -0.00802831 -0.0336266 0.00738952 0.009661 0.0124348 -0.036424 -0.0040757 0.0152208 0.0183298 0.00720107 0.0215844 0.0150843 0.0194822 -0.0183624 -0.00191188 0.00999345 0.00552286 0.0152088 0.0215557 -0.00660671 -0.00133049 0.0126619 0.0069805 0.0020959 -0.00491557 -0.00442299 0.0184344 0.00929125 -0.0118161 0.0277839 -0.0181227 -0.00664085 -0.0237771 -0.0164399 0.0326653 -0.02847
internal_weight=1633.6 1203.09 430.513 625.244 577.843 528.076 188.088 191.837 313.592 433.407 362.144 308.068 262.176 71.2632 339.989 242.18 97.8086 210.214 116.566 90.5145 69.0566 122.781 272.963 150.358 122.606 78.7092 116.921 78.3456 87.0496 42.4786 99.2079 50.7301 63.3082 56.483 48.4778 47.5696 49.3835 51.4162 34.3142 69.2577 38.5753 128.231 34.7424
internal_count=10516 7351 3165 4715 2636 2349 599 1960 2026 2755 2077 1834 1525 678 1750 1383 367 1205 845 676 771 1189 1637 943 694 499 1139 767 533 416 917 463 410 408 454 470 362 501 375 374 372 407 396
is_linear=0
shrinkage=0.0290398


Tree=4
num_leaves=41
num_cat=0
split_feature=30 7 23 28 24 30 30 21 9 19 30 4 19 9 25 18 28 14 2 30 7 16 4 1 18 7 18 9 10 1 16 21 30 1 23 23 25 14 25 17
split_gain=401.554 69.2385 46.3081 44.6086 22.932 20.3245 17.9372 13.9395 12.9247 18.1003 11.6142 17.4514 13.9709 10.4571 11.1708 10.0933 10.0145 9.57281 9.3844 9.91488 8.35288 8.30499 12.0373 10.4863 9.72759 12.5358 7.85607 6.47031 4.7936 4.0988 9.69061 3.88857 3.87696 3.55012 3.012 2.97237 2.9 1.64976 1.61727 1.43401
threshold=93.730534406497569 1.4170476539764347 -2.9543150846540969 -252.36854876617272 3.2531256714637311 66.527108672379285 20.380527637660894 0.38500000000000073 0.0096050035885073531 0.0050935574566246091 37.905922443604943 0.23611111111111113 0.0032655142938906594 0.0085973704161449154 -0.0066473583597475008 0.0023074554737387933 -821.39849629259709 -0.015771240244236952 0.018983036773881797 69.033620418701602 0.048790164169431945 130.55575760576318 0.76388888888888895 1.0151566219002357 0.00032504201387111682 0.82744458766900897 -0.0011204204741415344 0.013171589156062476 0.0023437726701993401 0.95150033001231782 136.41158855452241 0.54500000000000359 47.010166418571607 1.0327859578408172 -3.0796120893680041 -4.2728195796182238 0.021301537790040185 0.018368881692137701 1.0000000180025095e-35 -0.020391391696199464
decision_type=8 10 10 10 10 10 10 2 10 2 10 2 2 10 2 2 10 10 10 10 10 10 2 2 2 10 2 10 10 2 10 2 10 2 10 8 2 10 2 10
left_child=1 3 15 5 8 6 -1 28 18 27 12 32 35 14 -4 38 39 -14 -3 -20 -19 -13 24 -24 25 26 -23 -10 34 -6 -31 -21 -12 -26 -7 -8 -29 -35 -2 -15
right_child=2 4 13 -5 29 7 10 -9 9 -11 11 21 17 16 -16 -17 -18 20 19 31 -22 22 23 -25 33 -27 -28 36 -30 30 -32 -33 -34 37 -36 -37 -38 -39 -40 -41
leaf_value=-0.0041708429531302962 -0.028945290379128338 0.012301447810245066 -0.015229728508869968 -0.012048419749814255 0.00040344323994738913 0.0073164184160509956 0.0053581143029459702 -0.019078233169043973 0.005481667205965054 -0.036201790464210029 0.015546252225141926 0.024189448808730713 0.014107410635211559 -0.032424960798083484 0.010752283619994269 -0.020541414099120487 -0.0013205007332390821 0.021394375897287141 0.0035502213623648136 -0.0072609567647570353 0.036938205455036399 0.021039714229362877 0.0073996849721748746 -0.015760062867826531 0.0080639101823026822 -0.0083008631301052394 0.002379518645448336 -0.021358629232450202 0.014654385203156418 0.026931709376619699 0.00039109310665535172 -0.024545338021486014 0.029690351907997466 0.026107305080985584 -0.0084414724367479696 0.016152610552424694 -0.0040456105506233003 0.014009104089009938 -0.040338228353921327 -0.016473973320122647
leaf_weight=35.257539659738541 59.815147670218721 23.196785379201174 22.387527048587799 56.476721945218742 28.329984677955508 17.79510529153049 46.163825280964375 19.481365704908967 18.888428092934191 27.665173722431064 42.429061505943537 27.373825341463089 59.034112382680178 21.701201343908906 27.899194242432714 52.280156043823808 20.145823332481086 83.205597154796124 37.673036103136837 27.075529061257839 70.274564910680056 35.688010774552822 32.968553833663464 27.574032809585333 29.428466321900487 37.059572969563305 39.143271813169122 19.492207374423742 32.59756931103766 21.674787130206823 22.042984093539417 21.080868205055594 51.812804711982608 36.650926819071174 17.054962794296443 46.341507438570261 15.510673232376574 31.904771149158478 128.81438354542479 21.741461664438248
leaf_count=218 402 269 242 287 273 168 178 194 231 352 187 151 217 263 235 268 253 283 285 269 265 177 205 205 177 339 241 270 267 198 193 227 319 293 207 185 190 198 896 239
internal_value=9.42266e-05 0.00850906 -0.0267477 0.0124213 -0.0045285 0.0141466 0.0157165 0.000836901 -0.00976876 -0.0182976 0.0167362 0.0132278 0.0210701 -0.011085 -0.00102275 -0.0339204 -0.0186311 0.0251877 -0.00306449 -0.00749722 0.0290919 0.00960723 0.00787801 -0.00339694 0.0111329 0.00506727 0.0117542 -0.00766109 0.00716554 0.00916641 0.0144477 -0.0158381 0.0240089 0.0176973 -0.000452177 0.0111087 -0.014626 0.0213129 -0.0372429 -0.0260451
internal_weight=1493.13 1138.35 354.785 875.716 262.63 819.239 732.31 86.929 190.583 81.5565 697.053 392.033 305.02 113.875 50.2867 240.91 63.5885 212.514 109.026 85.8294 153.48 297.791 270.418 60.5426 209.875 111.891 74.8313 53.8913 67.4476 72.0478 43.7178 48.1564 94.2419 97.9842 34.8501 92.5053 35.0029 68.5557 188.63 43.4427
internal_count=10516 7718 2798 4961 2757 4674 3838 836 2093 1043 3620 2492 1128 1232 477 1566 755 765 1050 781 548 1986 1835 410 1425 757 418 691 642 664 391 496 506 668 375 363 460 491 1298 502
is_linear=0
shrinkage=0.0290398


end of trees

feature_importances:
vega=23
iv_at_strike_minus_atmf=12
entry_log_premium=10
morning_spx_log_return=10
VIX_VIX9D_ratio=8
gamma=8
morning_spx_rv_annualized=8
rom_roll_skew_30d=8
theta=8
morning_spx_range_pct=7
morning_vix_change=7
vix_z_60d=6
days_until_next_pce=5
gamma_x_morning_spx_rv_annualized=5
iv_at_strike_minus_atmf_x_VIX_VIX9D_spread=5
leverage=5
vix_curvature_9d_30d_3m=5
VIX_5d_pct_change=4
atmf_iv_10dte_intraday_range=4
atmf_iv_1dte_1000=4
front_roll_yield=4
gamma_x_dte=4
iv_term_slope_5d_30d=4
rom_roll_std_30d=4
spx_10d_returns=4
spx_5d_returns=4
atmf_iv_30dte_percentile_252d=3
jobless_claims=3
morning_atmf_iv_pct_change=3
spx_1d_returns=3
theta_x_atmf_iv_5dte_percentile_252d=3
prior_day_strategy_drawdown_max_5d=2
win_rate_30d=2
entry_bid_ask_spread=1

parameters:
[boosting: gbdt]
[objective: lambdarank]
[metric: ndcg]
[tree_learner: serial]
[device_type: cpu]
[data_sample_strategy: bagging]
[data: ]
[valid: ]
[num_iterations: 2000]
[learning_rate: 0.0290398]
[num_leaves: 83]
[num_threads: 4]
[seed: 20260828]
[deterministic: 1]
[force_col_wise: 0]
[force_row_wise: 0]
[histogram_pool_size: -1]
[max_depth: -1]
[min_data_in_leaf: 181]
[min_sum_hessian_in_leaf: 0.001]
[bagging_fraction: 0.920177]
[pos_bagging_fraction: 1]
[neg_bagging_fraction: 1]
[bagging_freq: 3]
[bagging_seed: 14791]
[bagging_by_query: 0]
[feature_fraction: 0.704418]
[feature_fraction_bynode: 1]
[feature_fraction_seed: 10223]
[extra_trees: 0]
[extra_seed: 6913]
[early_stopping_round: 0]
[early_stopping_min_delta: 0]
[first_metric_only: 0]
[max_delta_step: 0]
[lambda_l1: 0.00215861]
[lambda_l2: 3.04443]
[linear_lambda: 0]
[min_gain_to_split: 0]
[drop_rate: 0.1]
[max_drop: 50]
[skip_drop: 0.5]
[xgboost_dart_mode: 0]
[uniform_drop: 0]
[drop_seed: 17684]
[top_rate: 0.2]
[other_rate: 0.1]
[min_data_per_group: 100]
[max_cat_threshold: 32]
[cat_l2: 10]
[cat_smooth: 10]
[max_cat_to_onehot: 4]
[top_k: 20]
[monotone_constraints: ]
[monotone_constraints_method: basic]
[monotone_penalty: 0]
[feature_contri: ]
[forcedsplits_filename: ]
[refit_decay_rate: 0.9]
[cegb_tradeoff: 1]
[cegb_penalty_split: 0]
[cegb_penalty_feature_lazy: ]
[cegb_penalty_feature_coupled: ]
[path_smooth: 0]
[interaction_constraints: ]
[verbosity: -1]
[saved_feature_importance_type: 0]
[use_quantized_grad: 0]
[num_grad_quant_bins: 4]
[quant_train_renew_leaf: 0]
[stochastic_rounding: 1]
[linear_tree: 0]
[max_bin: 255]
[max_bin_by_feature: ]
[min_data_in_bin: 3]
[bin_construct_sample_cnt: 200000]
[data_random_seed: 4785]
[is_enable_sparse: 1]
[enable_bundle: 1]
[use_missing: 1]
[zero_as_missing: 0]
[feature_pre_filter: 1]
[pre_partition: 0]
[two_round: 0]
[header: 0]
[label_column: ]
[weight_column: ]
[group_column: ]
[ignore_column: ]
[categorical_feature: ]
[forcedbins_filename: ]
[precise_float_parser: 0]
[parser_config_file: ]
[objective_seed: 7621]
[num_class: 1]
[is_unbalance: 0]
[scale_pos_weight: 1]
[sigmoid: 1]
[boost_from_average: 1]
[reg_sqrt: 0]
[alpha: 0.9]
[fair_c: 1]
[poisson_max_delta_step: 0.7]
[tweedie_variance_power: 1.5]
[lambdarank_truncation_level: 5]
[lambdarank_norm: 1]
[label_gain: 0,1,3,7,15]
[lambdarank_position_bias_regularization: 0]
[eval_at: 1,3]
[multi_error_top_k: 1]
[auc_mu_weights: ]
[num_machines: 1]
[local_listen_port: 12400]
[time_out: 120]
[machine_list_filename: ]
[machines: ]
[gpu_platform_id: -1]
[gpu_device_id: -1]
[gpu_device_id_list: ]
[gpu_use_dp: 0]
[num_gpu: 1]

end of parameters

pandas_categorical:[]
