tree
version=v4
num_class=1
num_tree_per_iteration=1
label_index=0
max_feature_idx=19
objective=lambdarank
feature_names=vega iv_at_strike_minus_atmf iv_at_strike_minus_atmf_wd_rank theta entry_bid_ask_spread_pct morning_vix_change gamma_x_morning_spx_rv_annualized VIX_21d_pct_change vix_z_60d rom_roll_std_30d iv_at_strike_minus_atmf_x_VIX_VIX9D_spread gamma VIX_VIX9D_spread VVIX_5d_pct_change gamma_x_dte iv_term_slope_5d_30d spx_1d_returns morning_atmf_iv_pct_change VIX_5d_pct_change entry_bid_ask_spread
feature_infos=[10.153572579096968:166.46298008069991] [-0.040643324853528728:0.35516611695907097] [1:8.5] [-7697.42948726533:-96.192032199531141] [0.0053050397877982946:1.9748427672955975] [-17.640000000000001:24.859999999999999] [0.00050198565975699322:0.029708705204148592] [-0.52839210998206809:4.8438162544169607] [-2.0836522372647459:6.9859947436689716] [7.1417041269969607e-17:24.825182971967418] [-6.5795764598266988:0.58289359397191487] [0.00033523060713275678:0.072209098383669706] [-28.090000000000003:6.4700000000000024] [-0.32030341620065339:0.85349160517591693] [0:0.033556061189271305] [-0.50666580450779986:0.067287322754047196] [-0.11984050283657066:0.093827657101993367] [-0.33382759238393778:0.8768424828297523] [-0.46669080376538741:1.6965317919075145] [0.049999999999999822:30]
tree_sizes=2500 2500 2513 2513 2519 2513 2510 2506 2508 2518 2526 2504 2520 2533 2540 2542 2519 2536 2516

Tree=0
num_leaves=22
num_cat=0
split_feature=0 2 1 3 2 19 14 0 18 16 5 3 6 9 1 8 7 13 8 18 8
split_gain=386.212 43.7549 32.4796 17.9398 13.6209 13.2741 4.53918 4.27095 6.61525 5.49363 4.66359 3.97452 3.93416 3.6318 7.30156 3.60466 3.5367 3.62306 3.22824 4.48266 3.1609
threshold=74.942459761985319 4.2500000000000009 0.00082198769546561201 -254.37982441752794 4.2500000000000009 0.14999999999999999 0.0071293452360591458 116.09800964918409 0.077543687458399582 -0.0015783091879649212 0.30999999999999966 -512.09579854760216 0.0026964396602092333 5.6880222416677526 0.040887441328075043 -1.3105943198389463 0.43453225291677028 -0.061439796757695668 0.49721635384173163 0.044422650873362175 -1.0067161105060214
decision_type=8 2 10 10 2 10 10 8 2 2 2 10 10 10 10 2 2 2 2 2 2
left_child=1 11 7 5 6 12 -4 10 -9 -10 15 16 -3 14 20 -2 17 -1 19 -19 -7
right_child=2 3 4 -5 -6 13 -8 8 9 -11 -12 -13 -14 -15 -16 -17 -18 18 -20 -21 -22
leaf_value=0.0052817404051128504 -0.12880199930382144 0.11531149803206288 -0.084988541778613619 0.0045704299347401169 0.010637903714663378 0.094266145365976106 -0.033609774523308558 -0.14855511277366068 -0.13141221868460892 -0.043868417829620421 -0.14252271597039942 0.058139245723674432 0.084861339078142944 0.016215275769909724 0.11653275401719772 -0.022092890147373617 0.038878316877415074 -0.072075091166754562 -0.12017506580043706 0.037558617732821195 0.037005522927063779
leaf_weight=9.1812032880261523 3.9605032561812541 101.36559723690152 65.794721234007739 26.654274426400661 22.8195576146245 11.070989371743051 21.217341059469618 79.575016060378402 14.878639338072391 12.169629638083277 8.7032965216785652 4.6600660705007604 68.227211194112897 16.168524174951017 19.751353108324111 10.28868181910366 5.1199652245268217 12.401920226402586 6.9184942347928873 4.6093972632661453 44.917402647901326
leaf_count=307 122 828 2287 254 820 315 702 1172 249 149 207 134 1508 307 236 394 163 413 225 160 1144
internal_value=-0.000984212 0.0661291 -0.0937701 0.0795795 -0.0552695 0.0872172 -0.072544 -0.126298 -0.134493 -0.0925047 -0.0875761 -0.0241922 0.103151 0.0576894 0.0664899 -0.0528308 -0.0344262 -0.0458942 -0.0654426 -0.0422891 0.04856
internal_weight=570.454 331.046 239.407 288.155 109.832 261.501 87.0121 129.576 106.623 27.0483 22.9525 42.891 169.593 91.9083 75.7397 14.2492 38.231 33.111 23.9298 17.0113 55.9884
internal_count=12096 5994 6102 4592 3809 4338 2989 2293 1570 398 723 1402 2336 2002 1695 516 1268 1105 798 573 1459
is_linear=0
shrinkage=0.0959314


Tree=1
num_leaves=22
num_cat=0
split_feature=0 4 2 4 0 2 8 5 14 7 3 8 15 3 13 7 12 15 7 13 19
split_gain=556.636 83.6473 71.0117 37.0438 52.0924 20.6141 16.8211 16.381 17.8532 14.1126 16.4974 14.8322 14.0696 13.0355 12.7822 19.1068 12.7743 23.1891 12.3306 13.2788 10.7935
threshold=91.589747174285193 0.13783604065735727 2.7500000000000004 0.19758530942741476 51.217694681658692 3.2500000000000004 -0.20379791385415977 -2.2650000000000001 0.010950168935001168 0.50033339773323737 -461.07262027660221 -1.2871102514116124 0.0053281575726876482 -923.20240869483234 -0.033642764065501256 -0.052684957830682104 0.74000000000000032 -0.012730630831082166 -0.29095248544546753 0.092297871258757894 0.37499999999999939
decision_type=8 8 2 10 10 2 2 2 10 2 10 2 10 10 2 2 2 8 2 2 10
left_child=2 5 16 4 9 18 -3 -6 -9 10 13 -12 -13 -4 -5 -16 17 -1 -2 20 -20
right_child=1 6 3 14 7 -7 -8 8 -10 -11 11 12 -14 -15 15 -17 -18 -19 19 -21 -22
leaf_value=-0.067608557179471257 0.033471763106411978 -0.14647284172770308 0.04172370718617277 -0.027869593601755609 0.10495700020306292 0.00080412183769836801 -0.09771170320923335 0.013268803847592912 0.10363147495027482 0.0094215669383573269 0.1024988907994256 -0.0036036062932864486 0.055558497762507736 0.094812866724216835 0.083952235075094139 -0.0076850633236523382 -0.070982482867149865 0.057095413499657834 -0.095809567035084087 -0.0037924102985347897 -0.039083751736239999
leaf_weight=27.625091839581728 11.786850601434706 129.93055628333241 51.784874821081758 80.902088360860944 20.871278620325029 67.662788489833474 134.18611818738282 379.54419688507915 21.099880453199148 36.939876616001129 43.228251520544291 49.776441428810358 143.6276933979243 248.87709809653461 32.048560136929154 59.791409320197999 56.810947326943278 26.96489626634866 102.45215951930732 25.616232570260763 44.62427328247577
leaf_count=231 129 752 326 270 189 667 715 3243 218 172 151 157 520 1111 152 276 573 224 1171 331 518
internal_value=2.03228e-05 -0.0840516 0.0339379 0.0409154 0.0480286 -0.0444887 -0.121772 0.0224062 0.0180664 0.0668253 0.0707677 0.051756 0.0403405 0.0856957 -9.3403e-05 0.0243789 -0.0392031 -0.0060207 -0.0610886 -0.0675678 -0.0786588
internal_weight=1796.15 516.259 1279.89 1168.49 995.75 252.142 264.117 421.515 400.644 574.234 537.294 236.632 193.404 300.662 172.742 91.84 111.401 54.59 184.48 172.693 147.076
internal_count=12096 4283 7813 6785 6087 2816 1467 3650 3461 2437 2265 828 677 1437 698 428 1028 455 2149 2020 1689
is_linear=0
shrinkage=0.0959314


Tree=2
num_leaves=22
num_cat=0
split_feature=0 2 3 4 3 3 6 11 15 6 16 8 5 6 6 18 7 17 17 5 2
split_gain=339.088 53.4602 51.2895 38.8156 21.8513 15.8772 20.6618 11.7299 11.1455 10.4146 14.1066 10.4123 9.85781 9.52964 9.44863 9.29836 9.02348 8.92466 7.8834 7.75365 8.57061
threshold=90.103544495359913 6.7500000000000009 -254.37982441752794 0.12456896551724138 -676.32845845667168 -479.32808369320816 0.0026964396602092333 0.012667560477714739 0.0086790781541993562 0.0051990004119700011 -0.001333860779567597 -0.20379791385415977 -1.0849999999999997 0.0087070095342909725 0.0058627792429774934 -0.007322911322157454 -0.30485862651560319 -0.0021257560935665771 -0.052055121353430871 0.17000000000000084 7.5000000000000009
decision_type=8 2 10 8 10 10 10 10 8 10 2 2 2 10 10 2 2 10 8 2 2
left_child=1 4 5 9 7 19 17 18 -8 10 -2 -5 -9 14 -6 -16 -11 -7 -1 -3 -21
right_child=3 2 -4 11 13 6 8 12 -10 16 -12 -13 -14 -15 15 -17 -18 -19 -20 20 -22
leaf_value=0.034974562053421782 0.084551143827854017 0.088103379091034661 -0.065609251748997496 -0.1308003739515661 0.024880214975137926 0.040431636899780528 -0.051623151246883409 0.020421379986896967 0.027960861487132154 0.029164254370927012 -0.036733807095191903 -0.084954934552761083 -0.064117211290828313 0.0038200235720659086 0.11857170272870975 0.031947962316069799 -0.063849812781165929 0.091302602922549589 -0.0070316988559443192 0.032161786306896284 0.082971420542008872
leaf_weight=52.562635095790029 11.65499318949878 161.80326503887773 31.910905175842345 87.890862445347011 48.791350990533829 80.214723367244005 27.290743140503764 16.834318396635354 39.350992502644658 10.177257189527152 34.767499996349216 98.145527270622551 50.653765982948244 51.898777052294463 29.287990960292518 18.865673293359578 147.40930602652952 52.919648703187704 186.66652458254248 65.61726020090282 57.581869147717953
leaf_count=637 161 885 240 764 349 341 133 211 219 113 422 731 700 579 268 149 2262 206 2092 406 228
internal_value=0.000526486 0.0308411 0.051959 -0.0750195 0.00687978 0.0597168 0.0389298 -0.00775737 -0.00467194 -0.0460647 -0.00610013 -0.106706 -0.0430291 0.0370197 0.0547569 0.0848489 -0.0578191 0.0607362 0.00221385 0.0742581 0.0559853
internal_weight=1362.3 972.25 516.689 390.045 455.561 484.779 199.776 306.717 66.6417 204.009 46.4225 186.036 67.4881 148.844 96.945 48.1537 157.587 133.134 239.229 285.002 123.199
internal_count=12096 7643 2658 4453 4985 2418 899 3640 352 2958 583 1495 911 1345 766 417 2375 547 2729 1519 634
is_linear=0
shrinkage=0.0959314


Tree=3
num_leaves=22
num_cat=0
split_feature=0 2 4 3 0 4 4 12 7 6 16 8 14 13 7 16 1 15 2 17 16
split_gain=206.919 50.031 23.3857 20.9137 19.3065 21.6145 13.5897 9.67173 8.6394 7.48353 11.5352 7.1709 7.14027 6.98499 6.87416 6.70902 6.58457 6.65734 6.40079 6.4697 5.88565
threshold=93.898654183362979 3.7500000000000004 0.11067366579177605 -254.37982441752794 52.121682881290447 0.19758530942741476 0.1144115796098176 0.74000000000000032 0.55124109004076038 0.0051990004119700011 -0.0019653795804592806 -0.20379791385415977 0.010783911324879818 -0.035869570854038739 -0.30485862651560319 -0.001333860779567597 0.0026779184142677608 -0.012187685569187893 5.7500000000000009 -0.074841895556838386 0.010873915217991305
decision_type=8 2 8 10 10 10 10 2 2 10 2 2 10 2 2 2 10 8 2 10 2
left_child=1 6 9 4 5 8 7 16 20 10 -2 -4 18 -7 -11 -8 -1 -18 -6 -20 -3
right_child=2 3 11 -5 12 13 15 -9 -10 14 -12 -13 -14 -15 -16 -17 17 -19 19 -21 -22
leaf_value=-0.056691415485911653 0.081595932907566379 0.057104914248059413 -0.11751936166069847 -0.057167360867011789 -0.005735011618722306 -0.037751428405997413 -0.019339748670517944 -0.073196724518259232 0.0021501620711793287 0.024887792740491677 -0.036877041853509145 -0.075035060882141763 0.082795806630087995 0.024690558866129326 -0.060324497903845274 0.078011946410518423 -0.037332531283752524 0.04818511606507362 0.081256458019424785 0.017608549045106503 0.094339126481458591
leaf_weight=21.890533499419689 10.328452270478008 315.62015711050481 68.939897736068815 21.987083583138883 105.27674764487892 27.485861878842115 12.002796703483911 53.041008315980434 23.84633756801486 9.4082819288596493 26.996674879454076 81.128965471871197 13.606090283021329 40.699490871280432 105.67902169283479 13.95860430318862 14.780207438394426 18.934148432686925 16.946258409880102 105.86387855932117 45.004450825043023
leaf_count=253 128 1952 769 254 1504 162 120 1022 150 95 388 734 126 238 1913 191 259 273 157 1106 302
internal_value=0.00035355 0.0245795 -0.0677762 0.0346624 0.0375826 0.0492695 -0.0290554 -0.0439471 0.0580942 -0.0412413 -0.00388762 -0.0946541 0.0156764 -0.000506533 -0.0533331 0.03315 -0.0159174 0.010691 0.0116183 0.0264838 0.0617906
internal_weight=1153.42 850.944 302.481 716.336 694.349 452.656 134.607 108.646 384.471 152.412 37.3251 150.069 241.693 68.1854 115.087 25.9614 55.6049 33.7144 228.087 122.81 360.625
internal_count=12096 8069 4027 5951 5697 2804 2118 1807 2404 2524 516 1503 2893 400 2008 311 785 532 2767 1263 2254
is_linear=0
shrinkage=0.0959314


Tree=4
num_leaves=22
num_cat=0
split_feature=0 2 1 3 3 2 9 1 9 7 15 9 17 11 8 16 12 3 0 8 7
split_gain=139.071 27.1199 22.0957 14.2851 13.8276 10.9317 12.9195 8.95225 8.80153 7.80514 7.16767 6.90541 6.8742 6.43785 6.3342 10.0794 6.07262 9.39483 5.8684 5.85467 6.47803
threshold=88.566892854185895 5.2500000000000009 0.0012297505421339924 -297.00152590694569 -516.20067490824738 7.5000000000000009 2.434992552528029e-16 0.0034744805829695917 0.094652728161464181 0.55124109004076038 -0.012187685569187893 1.4510140449755953 -0.098377541085961848 0.0084777496563540854 -0.0086950612376902291 0.003585739928319676 0.78500000000000025 -1173.9496400568603 103.67226884134219 -1.3105943198389463 -0.14885118281552537
decision_type=8 2 10 10 10 2 10 10 10 2 10 10 10 10 2 2 2 10 10 2 2
left_child=1 4 -2 5 7 6 -3 16 -7 12 -10 -5 -8 18 15 -12 17 -1 -4 -9 -21
right_child=2 3 13 11 -6 8 9 19 10 -11 14 -13 -14 -15 -16 -17 -18 -19 -20 20 -22
leaf_value=-0.070697270694536879 -0.077960439707847759 -0.047792815781664048 0.032988786498320696 0.01443368453987059 0.053172968009609391 0.086038700283993699 0.082192782726336761 -0.070601788175507385 0.0063514925120585295 -0.024831464606917746 0.0025460361104030029 -0.061328319685597703 0.031908575547202216 -0.043913753566770478 0.089575173965490085 0.081566937041869014 -0.077090481949131595 0.036578459378184144 -0.029291165040100736 0.052401503698786107 -0.0056059450748546184
leaf_weight=14.434646040201189 168.23159110872075 19.379332457669079 25.739942651242018 27.258881928864866 31.634954312816262 65.062460933811963 28.502470824867487 10.114438140764831 36.100963151082397 19.534649364650249 33.40422235429287 18.434591501019895 202.89974569249898 72.005882050842047 34.181245382875204 26.616862935945392 29.226793959736824 15.345436982810496 29.961140806786716 21.468939000740647 97.928233318030834
leaf_count=222 2315 146 380 238 380 320 229 174 194 134 197 169 2032 1441 196 138 541 174 487 361 1628
internal_value=0.000339655 0.022788 -0.0551326 0.0349044 -0.00536037 0.0399261 0.0274039 -0.0152192 0.0572162 0.0332377 0.0427383 -0.0162327 0.0381538 -0.0250016 0.0566478 0.037711 -0.0461367 -0.015511 -0.000496731 -0.00109332 0.00487769
internal_weight=1027.47 731.529 295.939 511.375 220.153 465.682 270.316 188.518 195.366 250.937 130.303 45.6935 231.402 127.707 94.2023 60.0211 59.0069 29.7801 55.7011 129.512 119.397
internal_count=12096 7473 4623 3993 3480 3586 2541 3100 1045 2395 725 407 2261 2308 531 335 937 396 867 2163 1989
is_linear=0
shrinkage=0.0959314


Tree=5
num_leaves=22
num_cat=0
split_feature=0 1 2 4 3 0 1 1 17 0 0 13 9 6 8 7 18 10 14 17 4
split_gain=107.242 23.4931 12.7355 13.459 13.25 12.629 9.49521 8.18211 7.99196 8.28531 8.11548 6.81525 9.78504 6.7627 7.30934 10.5492 9.08852 6.54644 8.36717 11.0842 7.52097
threshold=74.942459761985319 0.00082198769546561201 6.7500000000000009 0.18056426332288414 -530.41157112700739 34.456404773508034 0.026619170347515018 0.0092804318103783933 -0.049999089658009303 39.243192613238143 67.574738649108994 -0.045059979839831225 1.0978328397739652 0.0046245034412574632 1.9088664417791856 0.07105294832053323 0.12771420851287743 0.11850852824877085 1.0000000180025095e-35 -0.014526343564280951 0.094739466467215164
decision_type=8 10 2 10 10 10 10 10 8 10 10 2 10 10 2 2 2 10 10 10 10
left_child=2 -2 5 7 -5 -1 -6 -4 10 -10 -7 12 -3 -13 15 16 -15 18 20 -20 -9
right_child=1 11 3 4 6 8 -8 17 9 -11 -12 13 -14 14 -16 -17 -18 -19 19 -21 -22
leaf_value=-0.091757257336415515 -0.070576836382785904 0.11344920916323438 0.0010401116483204913 0.068445874849058258 -0.064680466927733243 0.052322619478166583 0.013371398702363776 0.080993934735016704 0.071196341823537151 -0.0077588158804950897 -0.025490625431078977 0.012154501070440388 -0.0068658737307573207 -0.04058046057506829 0.02219136295889158 -0.091013861142361638 0.0686095742025285 0.10156385160901965 -0.036847695342777986 0.047214116614813464 0.040024415307597684
leaf_weight=10.950812082272021 147.98379976442084 6.9676905334927133 32.438125271350145 19.938402267172933 26.054845492355525 64.282865836750716 31.581292937509716 75.421895901672542 13.332930434495209 131.09565051365644 15.151698194444178 26.621076154988259 48.997727425768971 52.549468498211354 14.34063688199967 37.242149433586746 7.9482035390101364 22.511568808928132 22.241580796428025 40.500630251131952 92.191997125279158
leaf_count=76 2293 72 278 122 249 838 227 585 115 2090 253 412 1089 1132 299 649 156 137 167 263 594
internal_value=0.000991945 -0.0417839 0.0255195 0.0367807 0.00134321 0.00810314 -0.0219889 0.0464097 0.0130489 -0.000400441 0.0374576 -0.0198563 0.00838304 -0.0312484 -0.0415613 -0.0509371 -0.0260937 0.052225 0.0473375 0.0173952 0.0585184
internal_weight=940.345 342.651 597.694 362.88 77.5745 234.814 57.6361 285.306 223.863 144.429 79.4346 194.667 55.9654 138.702 112.08 97.7398 60.4977 252.868 230.356 62.7422 167.614
internal_count=12096 6102 5994 2622 598 3372 476 2024 3296 2205 1091 3809 1161 2648 2236 1937 1288 1746 1609 430 1179
is_linear=0
shrinkage=0.0959314


Tree=6
num_leaves=22
num_cat=0
split_feature=0 2 1 3 1 8 17 3 16 15 8 3 1 16 9 4 6 3 10 4 4
split_gain=76.3173 21.7843 12.4692 8.09229 7.2039 6.5541 7.09678 11.4679 9.59052 8.61266 7.60224 6.54627 8.56359 6.51543 7.05264 5.69638 5.5899 10.9215 9.18211 5.54366 9.86927
threshold=93.898654183362979 6.2500000000000009 0.0012297505421339924 -266.58872825831639 0.0017125506708097692 -1.3830897504615582 -0.011593917425604615 -498.09083332370784 0.010589030854407324 0.024574955472350963 -0.44136626313779043 -697.41950313670088 0.026992405184539912 -0.0034049398357926526 1.1962942047609935 0.02037357315807687 0.0020744627450392105 -682.16650594406144 0.0092934395520922284 0.11320754716981132 0.057396262274311154
decision_type=8 2 10 10 10 2 8 10 2 10 2 10 10 2 10 10 10 10 10 10 10
left_child=1 4 -2 5 19 -3 7 11 16 10 -9 12 -7 15 -15 -4 -8 -18 -19 20 -1
right_child=2 3 13 -5 -6 6 8 9 -10 -11 -12 -13 -14 14 -16 -17 17 18 -20 -21 -22
leaf_value=-0.0066529747192939455 -0.067355515130247262 0.081035576708779894 0.091440616133900657 -0.027885267877380489 0.0053724594107351824 -0.026244456360949183 0.066400036638054979 -0.072906663937852195 0.10717510359126491 0.041294067647556561 0.0046284555092955971 0.066138734587543324 0.060493277963489932 0.05581245031989069 -0.048654372142641657 -0.008219572348404874 0.06825730305639921 -0.043216452894568463 0.042214055803705887 0.025981588023477227 -0.10626692273179444
leaf_weight=19.816262365784496 128.17144696903415 29.174978584051132 7.2470110747963217 18.166961830109358 266.54899304453284 22.448714412748814 41.568618052639067 22.78301855828613 21.930733849294484 20.157629800029099 23.58037324808538 47.302622573450208 19.379102524369955 6.5497451340779653 53.970565848983824 18.30958856176585 29.443414183333516 26.531095558777452 20.29750132933259 10.487207742407916 16.895631213206798
leaf_count=419 2198 216 132 282 4534 239 251 187 164 126 172 303 159 115 1206 376 266 161 182 134 274
internal_value=0.00129145 0.0175165 -0.0484024 0.0342295 -0.000749587 0.0377181 0.0333994 0.0192785 0.0490847 -0.0108494 -0.0335853 0.0417454 0.0140133 -0.0201085 -0.0372323 0.0204164 0.0381457 0.0226415 -0.00616697 -0.0352302 -0.0527559
internal_weight=870.761 656.513 214.248 342.765 313.748 324.598 295.423 155.651 139.771 66.521 46.3634 89.1304 41.8278 86.0769 60.5203 25.5566 117.841 76.272 46.8286 47.1991 36.7119
internal_count=12096 8069 4027 2708 5361 2426 2210 1186 1024 485 359 701 398 1829 1321 508 860 609 343 827 693
is_linear=0
shrinkage=0.0959314


Tree=7
num_leaves=22
num_cat=0
split_feature=0 14 1 8 7 13 0 19 4 0 11 0 8 19 15 2 3 11 7 16 9
split_gain=53.9766 13.2538 10.052 7.61389 7.18195 6.48756 5.97274 6.76419 5.75261 5.6948 5.55013 7.46649 5.42893 7.72541 7.39247 4.87843 4.65621 4.64322 4.62307 4.38702 7.2571
threshold=84.078934279103166 0.0013050527862727534 0.0092804318103783933 -1.3830897504615582 0.55124109004076038 0.1119302079971838 19.751897719444546 0.050000000000000162 0.074074074074074028 129.81223581053823 0.0069845117736871331 35.0555804729484 0.19988045146997388 0.30000000000000021 0.019231400561109131 5.2500000000000009 -314.47736614457347 0.033988749722609811 -0.18093018907012257 0.0026429323208463367 1.1243060397733984
decision_type=8 10 10 2 2 2 10 10 10 8 10 10 2 10 10 2 10 10 2 2 10
left_child=2 4 5 -4 9 17 -5 -8 18 15 16 -12 14 -14 -13 -2 19 -1 -9 20 -10
right_child=1 -3 3 6 -6 -7 7 8 10 -11 11 12 13 -15 -16 -17 -18 -19 -20 -21 -22
leaf_value=-0.0031405308106312898 -0.041915068334978156 0.0022011647365895331 0.074541670279476169 -0.020990650558083072 0.046539605944876543 -0.073442128551970326 0.059123985516842142 -0.054407975809780219 0.082772843668392229 -0.069780930879916131 -0.055662669743859583 0.077721310146285971 -0.067897838117192508 0.041813523200015384 -0.0036845199948710859 0.043373075063553382 -0.0079472782484757802 0.060111488803028683 0.0079562221100988404 0.068677926303564049 0.01502978528956756
leaf_weight=134.93930037226528 81.125833438243717 60.754243701230735 26.521199083421379 28.093658294063061 6.8035235893912605 11.188743507023899 46.036279321182519 12.693958838237448 19.122959844768047 91.742977348854765 14.019338702782987 23.203164152801037 12.247017340734603 11.132635491900144 18.285696420818567 6.553654762916266 16.972438992001116 11.442186494823543 73.431666831020266 47.057852994650602 59.819189166650176
leaf_count=2244 2154 1175 278 239 143 200 393 160 134 1545 158 301 142 167 211 82 156 149 1100 428 537
internal_value=0.000705728 -0.0367023 0.017029 0.0249637 -0.0493862 -0.0035521 0.0214935 0.024873 0.0197256 -0.0530615 0.0278895 0.00744036 0.0211807 -0.0157193 0.0419591 -0.0354731 0.0391513 0.00186111 -0.00131519 0.0454987 0.031572
internal_weight=813.188 246.98 566.207 408.637 186.226 157.57 382.116 354.022 307.986 179.422 221.86 78.8879 64.8685 23.3797 41.4889 87.6795 142.972 146.381 86.1256 126 78.9421
internal_count=12096 5099 6997 4404 3924 2593 4126 3887 3494 3781 2234 979 821 309 512 2236 1255 2393 1260 1099 671
is_linear=0
shrinkage=0.0959314


Tree=8
num_leaves=22
num_cat=0
split_feature=0 11 14 3 2 17 7 16 2 1 16 15 17 7 8 3 4 0 9 3 12
split_gain=43.9776 13.1291 6.2577 5.73451 7.06093 8.62602 6.63694 5.69483 5.60337 5.64496 5.00953 8.1607 4.97806 7.48603 8.54693 5.20186 5.09494 5.09482 4.84521 4.8444 9.88957
threshold=67.915163862300446 0.0130459633679085 0.011012217065730278 -254.37982441752794 6.7500000000000009 -0.02171908395225047 0.42392007796309922 0.010589030854407324 5.7500000000000009 0.0012903060640741678 -0.010314134250953009 -0.01494591517497623 -0.0012145457538180746 -0.0076600160646337337 -1.2585867863758959 -474.49739987620353 0.11251780344991295 28.269298332416799 0.7918232638914996 -667.46140861089259 1.8099999999999998
decision_type=8 8 10 10 2 8 2 2 2 10 2 8 10 2 2 10 10 10 10 10 2
left_child=3 2 8 4 5 -1 7 10 9 -2 -6 -12 13 14 -13 -16 -15 -14 -7 -3 -21
right_child=1 19 -4 -5 6 18 -8 -9 -10 -11 11 12 17 16 15 -17 -18 -19 -20 20 -22
leaf_value=0.028560344904907355 -0.072108132249638496 -0.05434269134361612 0.065040611440319016 -0.038301752393102982 0.071110981357502462 -0.076029118460463299 -0.011037789176409908 0.075062694468619712 0.02454769986442603 -0.013393517489240572 -0.035124677479651312 0.050680044615626516 0.092803311602820862 0.020372427099861447 0.016057951576726893 -0.05140113656420444 0.08494296463874855 0.034003289732363051 -0.0062470966660681205 -0.052976599227045541 0.083460976326977285
leaf_weight=83.685526037123054 17.164173837285489 123.80930247693323 9.9997301474213582 14.544620312284676 25.773101886734366 10.365359552670268 29.258654020726681 31.812877809628844 30.397022984921932 117.12134227342904 18.009636547416449 20.10007913177833 20.967964330688119 24.665180921554565 17.337793191894889 26.353909304365516 20.732127354945987 38.831570887006819 70.987450887914747 13.599446984939279 7.4303738507442167
leaf_count=1322 459 2738 146 252 229 146 198 309 459 2638 135 162 143 218 175 221 155 397 1121 269 204
internal_value=0.00147129 -0.0257801 -0.00805889 0.0206774 0.0226452 0.00696105 0.0320878 0.0372511 -0.0125555 -0.020974 0.0315463 0.0260381 0.0325835 0.0203488 -0.000857938 -0.0246665 0.0500528 0.0548101 -0.0152679 -0.04712 -0.00450445
internal_weight=772.947 319.521 174.682 453.426 438.881 165.038 273.843 244.584 164.683 134.286 212.771 186.998 168.989 109.189 63.7918 43.6917 45.3973 59.7995 81.3528 144.839 21.0298
internal_count=12096 6913 3702 5183 4931 2589 2342 2144 3556 3097 1835 1606 1471 931 558 396 373 540 1267 3211 473
is_linear=0
shrinkage=0.0959314


Tree=9
num_leaves=22
num_cat=0
split_feature=0 1 6 13 17 1 9 10 13 3 18 3 6 1 18 7 18 7 9 5 6
split_gain=39.7974 11.1244 7.62367 6.70031 5.36494 5.88167 5.15875 6.57875 5.10828 7.11062 6.73111 6.21194 5.28796 5.25771 4.62031 4.47457 3.80509 4.8623 3.77208 4.4003 3.77141
threshold=66.631584734625633 -0.00052564651191880352 0.0098936709649993636 -0.033642764065501256 -0.01290359188634743 0.0043157034705829109 2.5636950098872884 0.003584894913536947 -0.045888114859210953 -347.08223084780235 -0.014360580190108272 -391.42290633391036 0.0022067676331377546 0.026619170347515018 -0.045154264762528144 -0.057023628874918679 0.25705980244256471 0.0097719934508546675 1.476002855048103 0.3400000000000008 0.0034186203118801712
decision_type=8 10 10 2 8 10 10 8 2 10 2 10 10 10 2 2 2 2 10 2 10
left_child=2 -2 8 14 6 -6 7 -4 10 11 -1 12 -10 15 -3 -11 17 20 19 -5 -14
right_child=1 3 4 18 5 -7 -8 -9 9 13 -12 -13 16 -15 -16 -17 -18 -19 -20 -21 -22
leaf_value=0.015974152854422385 -0.057904252615407922 -0.0073121977101217994 0.095323534675958818 -0.030833771309292587 -0.11161608875853349 -0.013345127892411808 -0.04859647770490752 -0.019882928058843022 0.061847481113420977 0.006822624993504633 -0.047580610807370721 0.094397430333999222 -0.024083021899718577 0.042369128711059259 0.046048825149808202 -0.068938389563119193 -0.015585713599874255 0.049154135709685534 -0.020552238666520069 -0.10781868114865149 0.026171177781763488
leaf_weight=102.46852990053594 80.24339200463146 57.432321661151946 9.617740813642742 19.220113261835653 8.7337942565791327 15.317513812799005 8.412670193705706 8.4668500409461576 44.646126537583768 15.196330139413476 17.876811236143112 16.286505637690425 18.882845490705222 14.133592889178543 20.008536185603589 13.387386140879244 19.162069443613291 63.415340511593968 119.8521658568643 10.622147297486661 49.357043656520545
leaf_count=1108 1567 1484 149 492 151 247 158 170 347 174 178 165 177 157 527 143 217 768 2757 263 689
internal_value=-0.000937851 -0.0272304 0.0180646 -0.016361 -0.0168655 -0.0495234 0.012888 0.0416678 0.0227808 0.0304793 0.006483 0.0376774 0.0328794 -0.00520537 0.00653741 -0.0288361 0.0242483 0.0300587 -0.0282025 -0.058657 0.0122399
internal_weight=732.74 307.379 425.361 227.135 50.5486 24.0513 26.4973 18.0846 374.813 254.467 120.345 211.75 195.463 42.7173 77.4409 28.5837 150.817 131.655 149.694 29.8423 68.2399
internal_count=12088 7090 4998 5523 875 398 477 319 4123 2837 1286 2363 2198 474 2011 317 1851 1634 3512 755 866
is_linear=0
shrinkage=0.0959314


Tree=10
num_leaves=22
num_cat=0
split_feature=0 1 1 9 19 1 13 5 0 8 9 5 13 16 5 3 7 6 0 18 16
split_gain=29.5439 8.61317 6.49964 4.62811 5.14172 4.74358 4.61686 4.44736 4.70778 4.65956 4.44248 4.70113 4.41275 4.19742 4.61218 6.37631 4.53091 5.36387 6.02623 3.78338 3.2482
threshold=67.915163862300446 -0.00052564651191880352 0.018540947353742915 7.2499107696588707 0.050000000000000162 0.061751009741152892 -0.035869570854038739 1.0850000000000011 49.994183961740823 -1.5351634658235385 3.7083442923398668 -0.70500000000000174 -0.011137493458810431 0.004514536159049288 -0.40500000000000108 -582.19719184153189 -0.15392749868310027 0.0034977354286071815 54.868728087388895 0.030017166688314671 -0.0062840052572483143
decision_type=8 10 10 10 10 10 2 2 10 2 10 2 2 2 2 10 2 10 10 2 2
left_child=2 -2 7 4 -4 10 19 9 -9 -1 -6 -12 -5 14 15 -11 -15 -18 -19 -3 -16
right_child=1 6 3 12 5 -7 -8 8 -10 13 11 -13 -14 16 20 -17 17 18 -20 -21 -22
leaf_value=0.052430486490673535 -0.052766285351010217 -0.0015425426864703596 0.078525890549821661 -0.045741851956654353 0.010225397953837232 0.072036063295468439 -0.024919276766076172 0.090476265461798502 0.00059874791981652867 -0.010649966272381923 0.090999801354027562 0.023229662999236518 0.026820832074626461 0.058434365230419921 -0.046784605295721059 -0.10059781034475912 0.059956280704295865 -0.05460945672144514 0.025360160619530479 0.078000083249490509 0.0041274591960609027
leaf_weight=13.492149033118038 73.73787925299257 65.691701205214486 20.419902093708515 14.255160919390621 98.790755190420896 19.181610677391291 137.43127671000548 10.373057718388738 10.943761515896766 16.905230076983575 14.679266547784207 26.261846993118525 16.44361723959446 15.689980919938533 13.88678549043834 12.608394130598752 10.052554966416208 19.337590156588703 15.492260318715124 5.8501474512740961 64.403555158525705
leaf_count=176 1562 1801 179 145 1154 127 3445 126 241 251 145 307 172 295 184 154 103 217 283 102 919
internal_value=-0.000719586 -0.0246085 0.0156273 0.0274546 0.0333424 0.0274645 -0.0146403 0.00338901 0.0446791 -0.00148377 0.0212718 0.0477839 -0.00692989 -0.00584915 -0.0171946 -0.0494064 0.0143329 -0.00122906 -0.0190802 0.00511456 -0.00497591
internal_weight=695.928 282.711 413.217 210.032 179.333 158.913 208.973 203.185 21.3168 181.869 139.732 40.9411 30.6988 168.376 107.804 29.5136 60.5724 44.8824 34.8299 71.5418 78.2903
internal_count=12088 6910 5178 2229 1912 1733 5348 2949 367 2582 1606 452 317 2406 1508 405 898 603 500 1903 1103
is_linear=0
shrinkage=0.0959314


Tree=11
num_leaves=22
num_cat=0
split_feature=1 0 1 10 9 3 9 19 13 11 8 4 11 1 1 9 19 9 16 0 16
split_gain=24.0787 11.1025 4.06283 5.34681 6.10331 5.21765 3.89479 3.80968 3.65524 3.62846 3.17284 3.49909 3.04156 7.86569 4.99068 4.04497 4.50126 6.34602 4.67374 4.29035 3.86867
threshold=0.00031438101048740513 67.574738649108994 0.026619170347515018 0.022667263129046059 5.5302175355793528 -287.55266938006343 4.3460827019000279 1.7 -0.1404868343200906 0.0029458420760741471 -0.40349871789294639 0.15879481459929526 0.0033641314148655215 0.01583421249282194 0.016937726642284424 2.2442407277333756e-16 0.14999999999999999 1.5235368460972938 0.003585739928319676 57.646706087019005 -0.0031557731586273059
decision_type=10 10 10 10 10 8 10 10 2 10 2 10 10 10 10 10 10 10 2 10 2
left_child=-1 2 5 4 9 8 10 -3 -2 -4 11 -5 13 -10 15 -14 -17 -18 19 -19 -16
right_child=1 7 3 6 -6 -7 -8 -9 12 -11 -12 -13 14 -15 20 16 17 18 -20 -21 -22
leaf_value=-0.04307484371771466 -0.042113146089351218 -0.014382006237406236 0.048235408984547513 0.026022846028276161 -0.038264037935720557 -0.049121062057021277 0.098034557917275736 0.063271310542017442 0.034117367204287485 -0.0026083027521878466 0.0077953080726514247 0.095881966749424272 -0.047285122512918352 -0.053633178328173089 0.0064860022612953415 0.032880293738524038 0.051250117538399642 -0.072787124211329809 0.021597284257953875 -0.00069911527000909011 0.058506394665004909
leaf_weight=102.26781485229731 10.478282351978121 178.93938248162158 32.861504415981472 13.957609583623709 16.365637321025133 13.000319793354718 13.085778019390998 5.8573335264809421 18.712925521656871 21.184923680033535 18.423824972473085 12.652112066745756 10.400938789360223 18.58573440881446 18.982719914056361 61.585270683746785 14.510505316313354 17.94807383231819 15.615203861612825 13.10513529088348 43.071932303952053
leaf_count=2427 153 4645 225 184 186 230 149 109 143 249 193 122 96 175 245 927 274 253 312 244 547
internal_value=-0.000252921 0.00744856 0.0167336 0.0306419 0.012817 0.00973552 0.0521427 -0.0118689 0.0129143 0.0283527 0.0385134 0.0596076 0.0154211 -0.0096454 0.020215 0.00972102 0.0146056 -0.0038248 -0.0210654 -0.0425239 0.0426514
internal_weight=671.593 569.325 384.528 128.531 70.4121 255.997 58.1193 184.797 242.997 54.0464 45.0335 26.6097 232.518 37.2987 195.22 133.165 122.764 61.1789 46.6684 31.0532 62.0547
internal_count=12088 9661 4907 1308 660 3599 648 4754 3369 474 499 306 3216 318 2898 2106 2010 1083 809 497 792
is_linear=0
shrinkage=0.0959314


Tree=12
num_leaves=22
num_cat=0
split_feature=1 2 3 15 8 4 1 17 4 15 13 8 11 4 4 19 10 19 9 4 11
split_gain=19.6653 9.7199 5.61814 11.4623 5.31093 5.9359 9.35336 6.93882 6.14165 4.81822 3.81195 3.2094 4.48135 3.81362 6.25032 6.09507 4.60806 4.26521 4.17566 3.67868 3.21902
threshold=0.00031438101048740513 6.7500000000000009 -619.30976184861208 -0.014117013014835198 -1.209976263331658 0.18056426332288414 0.026313274272929846 -0.062631530808925903 0.1176470588235294 0.015952871056130958 -0.032397510759000374 -1.209976263331658 0.013140398158322466 0.066666666666666777 0.055666223992917291 0.60000000000000109 0.014066012667652828 0.14999999999999999 1.9771555764263429 0.045558322955583257 0.010611281091998376
decision_type=10 2 10 10 2 10 10 10 10 8 2 2 10 10 10 10 8 10 10 10 10
left_child=-1 11 9 -4 -5 7 -7 -6 10 -3 -9 12 -2 14 15 18 -16 -15 19 -13 -20
right_child=1 2 3 4 5 6 -8 8 -10 -11 -12 13 -14 17 16 -17 -18 -19 20 -21 -22
leaf_value=-0.040272425165882184 0.00066353543359842836 0.050298536607351792 -0.06339306954354805 0.056415341913237056 -0.032762065800809773 -0.085863609240867625 0.018539068299114409 -0.019537307988959605 0.077753997449364121 -0.0057181977257337009 0.038695367217284893 -0.043307812269745241 -0.063511675035023765 0.056848530267250015 -0.074541660513204919 0.082046957237802629 0.01357811799186512 0.0044375029952169829 0.019393097649177491 0.026548684153450235 -0.027752782460770363
leaf_weight=96.655297877267003 20.805401304038242 73.629345663357526 17.418032625224441 27.568201835732907 16.158242922276258 13.433587313629685 18.746412231586874 16.888568195514381 22.406653705984354 17.436000375077128 26.23214953020215 36.23083979357034 19.1366889285855 16.581632183399051 20.87097899382934 7.351126958616077 7.3159995782189098 98.015861005056649 52.351454406511039 8.4574701893143338 17.711540716467425
leaf_count=2427 486 808 134 314 141 187 179 158 227 215 265 1035 495 265 445 126 206 1889 1315 227 544
internal_value=-0.00037625 0.00658405 0.0206022 0.0096938 0.0187554 0.00957175 -0.0252424 0.0233104 0.0371842 0.0395801 0.0158964 -0.00491305 -0.0302066 -0.00108303 -0.01113 -0.00170593 -0.0517156 0.012089 -0.00717611 -0.0300377 0.00743777
internal_weight=651.401 554.746 249.917 158.852 141.434 113.866 32.18 81.6856 65.5274 91.0653 43.1207 304.829 39.9421 264.887 150.289 122.102 28.187 114.597 114.751 44.6883 70.063
internal_count=12088 9661 2628 1605 1471 1157 366 791 650 1023 423 7033 981 6052 3898 3247 651 2154 3121 1262 1859
is_linear=0
shrinkage=0.0959314


Tree=13
num_leaves=22
num_cat=0
split_feature=1 2 1 7 14 16 18 15 1 10 9 17 13 11 15 4 5 18 13 0 3
split_gain=15.5341 8.4176 5.21798 8.19852 4.77364 5.55139 5.30942 4.05719 4.21842 4.36092 4.84168 4.88748 3.48699 2.9353 2.84032 4.44222 3.40615 4.34999 3.82377 3.34295 3.27535
threshold=0.00031438101048740513 6.7500000000000009 0.061751009741152892 0.42392007796309922 0.0011766419175884423 -0.0093786574754670653 0.011143639479435754 -0.021377661404708256 0.031932866714658746 0.024149518474449027 6.874831274942501e-16 -0.040385101057367749 0.012403898746714772 0.0048282854933167059 -0.061030391811385663 0.092511462047885892 4.1350000000000007 0.1971078032127819 -0.03031780359707725 62.591618964324859 -461.07262027660221
decision_type=10 2 10 2 10 2 2 8 10 10 10 10 2 10 10 8 2 2 2 10 10
left_child=-1 14 3 4 5 -3 -6 -7 9 12 -11 -12 13 -9 15 -2 17 18 20 -19 -16
right_child=1 2 -4 -5 6 7 -8 8 -10 10 11 -13 -14 -15 16 -17 -18 19 -20 -21 -22
leaf_value=-0.037151644141444076 0.088169179367966685 0.080072005166232654 0.068735050050003063 -0.051482104214536473 0.020645317111582781 -0.0295685616414911 -0.052124176426787183 -0.011774257786704474 0.060446498179193196 0.038237779506718035 -0.067132739172741457 0.0054448863889027298 0.063447401565906711 0.042056234598745919 -0.0018073283579409158 -0.019008808556223576 -0.074073280636630226 0.079131686847156768 -0.020207940834182821 0.0070820346275864334 0.053551974246280311
leaf_weight=92.108383965678513 7.2202851283363971 16.053164920769632 17.663240834139287 15.822905230801551 20.921536247245967 13.220699914731084 16.266933919396251 17.557092553470284 26.141259248834103 18.040609168820083 13.714587530586867 22.152971115428954 24.254073929041624 19.583209404721856 99.612551506143063 6.7857800321653494 6.7330307527445248 8.7151402123272437 140.14044739375822 17.97796056070365 10.756387896602972
leaf_count=2427 206 194 135 149 275 118 180 206 261 170 169 242 303 226 2389 127 131 135 3411 433 201
internal_value=-0.00077634 0.00544453 0.0187535 0.0147619 0.0198388 0.0266195 -0.0112658 0.0209958 0.0257503 0.0178121 -0.00210103 -0.022472 0.0352607 0.0166622 -0.00534206 0.036593 -0.00743003 -0.00577024 -0.00969847 0.0309328 0.00365419
internal_weight=631.442 539.334 241.392 223.729 207.906 170.718 37.1885 154.665 141.444 115.303 53.9082 35.8676 61.3944 37.1403 297.942 14.0061 283.936 277.202 250.509 26.6931 110.369
internal_count=12088 9661 2628 2493 2344 1889 455 1695 1577 1316 581 411 735 432 7033 333 6700 6569 6001 568 2590
is_linear=0
shrinkage=0.0959314


Tree=14
num_leaves=22
num_cat=0
split_feature=1 1 19 11 6 14 5 16 13 3 0 3 5 15 15 17 18 1 16 9 15
split_gain=12.8673 7.00222 4.31217 4.2854 4.17252 4.23382 4.64649 5.00638 4.20821 3.58795 4.32476 3.51048 3.48342 3.35212 4.66317 3.33765 4.50501 3.1177 2.90008 3.91502 2.88127
threshold=0.018540947353742915 -0.00052564651191880352 0.049999999999999968 0.0065155253384782275 0.0027387553346696885 0.0026952814102639204 0.11000000000000033 -0.010314134250953009 -0.054337334074932624 -588.18797778844691 39.60131876876364 -287.55266938006343 -0.95999999999999897 0.039806292008025844 0.035720800884570629 0.0086161033838282348 0.049770340687892552 0.029175697813546789 -0.0093786574754670653 5.9308038384520936 -0.046144006681057441
decision_type=10 10 10 10 10 10 2 2 2 8 10 8 2 10 8 8 2 10 2 10 10
left_child=1 -1 -3 4 8 6 9 -8 -2 10 -6 13 -5 14 18 16 -10 -7 -4 20 -20
right_child=3 2 11 12 5 17 7 -9 15 -11 -12 -13 -14 -15 -16 -17 -18 -19 19 -21 -22
leaf_value=-0.039057542188515426 -0.0065148930546502972 0.054701042711588585 -0.032786117400527809 -0.0039137604355475916 0.11131107924920991 -0.0044183200533966212 0.019419778228751471 -0.062317899600701339 0.045784254222041819 -0.0071971269871128505 0.017082914154674458 -0.073880226210786201 0.065908159384778175 -0.055555063880202406 0.063695507800033704 0.072004501586279732 -0.015758800599563024 -0.075221929883159663 0.047264470921768123 0.033950980436494381 -0.0083472201334836797
leaf_weight=68.001513688010164 26.75184395769611 10.508176776580511 32.751969451084733 8.6963881626725179 8.6259276275523025 11.785710506141188 14.919831570703538 12.578247415833173 31.87567519210279 10.596383000724019 9.3022190583869797 6.9737313264049581 26.550235925242305 11.84090551221743 8.970168818254022 19.285812158603221 16.527014243416488 11.017900622449813 8.7483385140076262 24.341494838241488 232.37010763213038
leaf_count=1676 275 180 818 137 109 226 214 158 277 79 197 126 451 274 201 205 196 167 155 338 5629
internal_value=-0.00103861 -0.0110165 -0.00533408 0.0183112 0.0120832 -0.00420823 0.00998347 -0.0181035 0.0256673 0.0370163 0.0629942 -0.00729481 0.0487352 -0.0058036 -0.00385827 0.0383744 0.0247842 -0.0389118 -0.00592285 -0.00259073 -0.00629978
internal_weight=613.02 404.506 336.505 208.513 173.267 78.8262 56.0226 27.4981 94.4403 28.5245 17.9281 325.997 35.2466 319.023 307.182 67.6885 48.4027 22.8036 298.212 265.46 241.118
internal_count=12088 9397 7721 2691 2103 1150 757 372 953 385 306 7541 588 7415 7141 678 473 393 6940 6122 5784
is_linear=0
shrinkage=0.0959314


Tree=15
num_leaves=22
num_cat=0
split_feature=1 1 11 7 5 7 19 15 17 15 11 15 12 6 19 5 17 4 9 6 11
split_gain=10.6405 5.65242 6.60452 6.07746 5.01416 4.92949 3.96649 3.91657 3.89688 3.68064 2.91178 2.35254 2.6361 4.68592 3.77917 3.93544 3.36937 5.93427 3.86931 3.8026 3.29545
threshold=0.00031438101048740513 0.02176911227577873 0.0048282854933167059 -0.083077002079749315 -0.079999999999999169 0.42392007796309922 0.05000000000000001 0.043467552019725873 -0.086308645572782991 0.0090885973598755238 0.0034814663159325313 -0.042046120888026138 0.97500000000000064 0.012143395635146251 0.52500000000000058 -1.2200000000000004 -0.038545720299896662 0.11320754716981132 5.3959071111550143 0.0098351724066775021 0.0075699289840409018
decision_type=10 10 10 2 2 2 10 10 10 8 10 10 2 10 10 2 10 10 10 8 10
left_child=-1 6 3 4 -3 10 -2 11 -4 -10 -5 -8 13 16 15 -14 17 19 -18 20 -13
right_child=1 2 8 5 -6 -7 7 -9 9 -11 -12 12 14 -15 -16 -17 18 -19 -20 -21 -22
leaf_value=-0.03182140528546723 0.04344863979792727 0.0042305669386043226 -0.0042764391533646863 0.042991822724893387 -0.079266381108987427 -0.018453098175907266 0.030983528178108705 -0.07322022245623093 0.030420463634329251 0.092142800254366455 -0.0023749960455680653 0.00098806597055989547 -0.043760130786868821 0.034673459367425295 0.059853450361661419 0.0049916397901461291 -0.02037626530272018 -0.10466141975553156 0.030831714785466494 0.047892098072401197 -0.080409359531597543
leaf_weight=85.316753722261637 16.48595994990319 14.857393426820638 9.5472645424306375 52.59110078914091 11.755064441589637 24.044859813060611 17.602334757102653 7.316399405244737 16.400121550541371 19.880122226197273 17.257942836731672 8.9292365852743441 16.98741114186123 15.649418531684203 10.050915392581372 137.00957157218363 73.650825127027929 10.789976073894648 16.494721347931772 5.7528103692457071 9.2209943875204754
leaf_count=2427 249 230 133 510 155 261 383 199 283 270 274 214 485 320 233 3044 1638 156 234 122 268
internal_value=-0.000486064 0.00474045 0.0192641 0.00744951 -0.0328913 0.0189203 -0.00224782 -0.00455431 0.050198 0.0644943 0.0318003 -0.00295981 -0.00493702 -0.0145745 0.00332141 -0.000423856 -0.0207846 -0.0461258 -0.0109678 -0.0191916 -0.0406879
internal_weight=597.591 512.274 166.334 120.506 26.6125 93.8939 345.941 329.455 45.8275 36.2802 69.849 322.138 304.536 140.488 164.048 153.997 124.839 34.693 90.1455 23.903 18.1502
internal_count=12088 9661 2116 1430 385 1045 7545 7296 686 553 784 7097 6714 2952 3762 3529 2632 760 1872 604 482
is_linear=0
shrinkage=0.0959314


Tree=16
num_leaves=22
num_cat=0
split_feature=1 1 6 7 17 5 7 16 0 5 0 8 8 4 0 13 3 19 17 0 16
split_gain=8.60916 3.59404 5.5523 4.22169 6.50834 3.93788 4.0623 2.82498 2.72495 2.98487 3.38358 3.58312 4.35845 3.7022 5.73937 3.51619 4.34597 3.06775 2.94875 2.83916 5.79358
threshold=0.00021723863652305111 0.026619170347515018 0.0014731693942765893 0.38355680648850127 -0.064400372715898144 -0.43000000000000055 -0.083077002079749315 0.0074524719092065048 65.821517424968206 0.64999999999999958 27.87753155728635 -1.4203735198684004 -1.0865769247047961 0.13408239700374536 41.262675677723678 0.056191574319315214 -979.62768862355415 0.099999999999999936 -0.039258944405954226 28.269298332416799 -0.0084657033668189535
decision_type=10 10 10 2 10 2 2 2 10 2 10 2 2 10 10 2 10 10 10 10 2
left_child=-1 2 -2 5 -5 7 -7 -3 9 10 -4 -12 -13 14 -14 16 -16 -18 -15 -11 -21
right_child=1 3 8 4 -6 6 -8 -9 -10 19 11 12 13 18 15 -17 17 -19 -20 20 -22
leaf_value=-0.029295115842131403 -0.082230609395115103 0.077067735678573279 -0.029137601171899036 0.037829193977119764 -0.050908826188632746 -0.024884994360689451 0.031136847324220916 0.023331701274287263 -0.0078504114131259361 0.074217722481820153 0.058333736337807696 -0.033596279914570468 0.071584966999994323 -0.050162711679956257 -0.044015660335643851 0.059792110181698499 -0.030965748588200191 0.032305572307309856 0.013946932592993263 -0.024930975067247649 0.052064608325400837
leaf_weight=81.325050236424431 7.2950370851904145 20.348797291284427 25.981897162040696 13.409649697598072 17.172988306730986 17.738474611192942 35.535118267405778 16.403866522014141 165.21167856571265 10.263612872920929 11.954605222214012 23.379883972927928 16.945216883905232 13.486729223048316 15.299812295706941 10.255685030482708 9.2771666948683542 27.938564955256879 12.687032691203056 16.312891979468983 19.693592162802819
leaf_count=2385 71 219 314 98 231 234 484 237 4780 90 243 383 227 136 321 218 138 492 169 311 307
internal_value=-0.000352344 0.0043012 -0.000217322 0.0187447 -0.0120003 0.0291933 0.0124624 0.0532866 0.00139523 0.00855172 0.00257321 0.00843385 0.00375366 0.0120388 0.0223091 0.00886088 -0.00122949 0.0164662 -0.0191826 0.0300723 0.0172201
internal_weight=587.917 506.592 385.983 120.609 30.5826 90.0263 53.2736 36.7527 378.688 213.477 167.207 141.225 129.27 105.89 79.7164 62.7712 52.5155 37.2157 26.1738 46.2701 36.0065
internal_count=12088 9703 8200 1503 329 1174 718 456 8129 3349 2641 2327 2084 1701 1396 1169 951 630 305 708 618
is_linear=0
shrinkage=0.0959314


Tree=17
num_leaves=22
num_cat=0
split_feature=1 1 0 9 14 11 1 4 19 16 6 0 5 3 15 13 5 5 4 15 18
split_gain=6.96422 3.72979 3.46093 4.56937 3.24761 9.5293 9.46455 4.53184 3.53888 3.28468 3.21544 3.02966 4.33035 3.13109 2.88452 2.50975 2.50383 4.73669 3.31176 2.24458 2.05456
threshold=0.00021723863652305111 0.061751009741152892 16.995115923905416 1.655723549630212e-16 0.0007299315430987543 0.0019843487731200592 0.028658263936803308 0.15879481459929526 0.60000000000000042 -0.00086803409096414253 0.0043405258019625229 116.09800964918409 0.055000000000000611 -287.55266938006343 0.004551354399112654 -0.1404868343200906 -1.0400000000000016 -0.52000000000000124 0.054054054054054043 0.024336298161877674 0.30575517464424312
decision_type=10 10 10 10 10 10 10 10 10 2 10 10 2 8 10 2 2 2 10 10 2
left_child=-1 2 -2 -4 6 -6 11 8 10 -8 14 13 -13 15 -7 -5 -12 -18 -19 -16 -17
right_child=1 -3 3 4 5 7 9 -9 -10 -11 16 12 -14 -15 19 20 17 18 -20 -21 -22
leaf_value=-0.027443284947985581 -0.050587600756995317 0.045260431068977376 0.061503682732417485 -0.037207390013919317 -0.096151345528985424 0.057236473923342419 0.01776116412995565 -0.068665992549463387 0.059747554606226605 0.07191486212693321 -0.071624789525234267 -0.096197623419709 0.021315121737860789 -0.062272354167284001 -0.029396895343612076 0.0072597676816438016 0.059792573772206543 -0.0010866337889307224 -0.061674357159431745 0.027478822542972368 -0.037229926463008281
leaf_weight=78.619093036046252 11.252975937910376 18.573241765610874 11.772933724336324 13.080502858385442 11.167671010829507 11.625837561208753 18.325928146019578 8.8007322298362833 8.9046418117359263 23.821571754291654 7.0610893741249958 6.7965228543616814 4.8499472462572157 6.655699689872562 12.303894651588054 255.12788319541141 7.1690692619886169 20.952957449480905 13.60811880067922 12.944094337522982 9.7704698084853572
leaf_count=2385 125 162 150 324 92 155 292 146 168 281 190 262 176 112 225 5427 157 497 273 265 224
internal_value=-0.000950994 0.00326737 0.00161427 0.00289504 0.00135089 -0.0126008 0.00607677 -0.00344238 0.00272839 0.0485236 -0.00329421 1.57478e-05 -0.0476124 0.00198997 0.0180399 0.00356304 -0.0194265 -0.0103579 -0.0251158 -0.0002424 0.00559742
internal_weight=573.185 494.566 475.993 464.74 452.967 114.538 338.429 103.37 94.5697 42.1475 85.6651 296.281 11.6465 284.635 36.8738 277.979 48.7912 41.7301 34.5611 25.248 264.898
internal_count=12088 9703 9541 9416 9266 2168 7098 2076 1930 573 1762 6525 438 6087 645 5975 1117 927 770 490 5651
is_linear=0
shrinkage=0.0959314


Tree=18
num_leaves=22
num_cat=0
split_feature=1 9 19 19 19 17 0 12 0 10 10 8 10 7 12 9 8 15 13 5 12
split_gain=6.98194 7.33615 5.03472 4.40682 3.9837 3.78999 3.71593 3.66348 4.15803 3.49158 3.51427 4.23589 4.09084 3.36089 2.8278 2.81488 5.54168 3.18029 2.45458 2.41959 2.39941
threshold=0.035772881523606498 0.9843377797638867 0.60000000000000042 0.9750000000000002 0.074999999999999081 -0.0089645505836822275 23.302024336710481 0.52999999999999858 38.27052248555426 0.061729422488832196 0.0097045388656806248 -0.80612244141684075 0.0038043094639825981 0.73753745491179012 -1.4300000000000013 1.4510140449755953 0.64229608084352074 0.019231400561109131 -0.0048257614703598453 -0.47999999999999859 1.0200000000000007
decision_type=10 8 10 10 10 8 8 2 10 10 10 2 10 2 2 10 2 8 2 2 2
left_child=1 4 6 5 -1 -4 -3 8 -2 10 12 -12 -6 15 -5 16 17 19 -19 20 -8
right_child=7 2 3 14 9 -7 13 -9 -10 -11 11 -13 -14 -15 -16 -17 -18 18 -20 -21 -22
leaf_value=0.057766236566687723 -0.013733143058548575 -0.076238821010448543 0.10489377054122664 0.038679901112034669 0.015208807115198281 0.016472752464333565 0.018606431044560487 0.053490951510313647 0.046260265340337177 -0.047493671289990026 0.062793009811513895 -0.0034721206081978488 -0.058074585547926418 -0.071752559642159458 -0.048332505106610392 -0.0068430879265896282 0.03057857075159881 -0.041018704536202467 0.021574901803751625 -0.076135055864812853 -0.063269023192232238
leaf_weight=18.819279808551073 27.497831128071994 8.5403332826681417 8.0454795775003713 5.4723836849443606 23.398007616633549 9.9468327397480625 6.2230011156061646 28.243311737198383 17.125021066516638 8.8461140496656281 22.060744792222977 14.753612251020966 9.8271949046757054 8.5139521644450706 8.7009573911782336 275.5142140511889 12.130100277485324 12.319852289743723 10.581567435758187 23.477242641849443 6.7092586981598288
leaf_count=204 257 119 197 152 480 203 176 367 197 104 268 270 190 143 237 6602 351 355 293 690 237
internal_value=-0.00113829 -0.00523067 -0.0110374 0.025259 0.0182931 0.0565784 -0.0142545 0.0265496 0.00936792 0.00877941 0.0159782 0.0363297 -0.00663143 -0.0127323 -0.0146713 -0.0112521 -0.0282018 -0.0402743 -0.0121405 -0.0578397 -0.0241059
internal_weight=566.746 493.88 396.175 32.1657 97.705 17.9923 364.01 72.8662 44.6229 78.8857 70.0396 36.8144 33.2252 355.469 14.1733 346.955 71.441 59.3109 22.9014 36.4095 12.9323
internal_count=12092 11271 9755 789 1516 400 8966 821 454 1312 1208 538 670 8847 389 8704 2102 1751 648 1103 413
is_linear=0
shrinkage=0.0959314


end of trees

feature_importances:
iv_at_strike_minus_atmf=39
vega=36
theta=30
entry_bid_ask_spread_pct=24
VIX_21d_pct_change=23
vix_z_60d=23
rom_roll_std_30d=23
iv_term_slope_5d_30d=21
spx_1d_returns=21
morning_vix_change=19
VVIX_5d_pct_change=18
morning_atmf_iv_pct_change=18
iv_at_strike_minus_atmf_wd_rank=17
gamma_x_morning_spx_rv_annualized=17
entry_bid_ask_spread=17
gamma=15
VIX_5d_pct_change=12
iv_at_strike_minus_atmf_x_VIX_VIX9D_spread=9
gamma_x_dte=9
VIX_VIX9D_spread=8

parameters:
[boosting: gbdt]
[objective: lambdarank]
[metric: ndcg]
[tree_learner: serial]
[device_type: cpu]
[data_sample_strategy: bagging]
[data: ]
[valid: ]
[num_iterations: 2000]
[learning_rate: 0.0959314]
[num_leaves: 22]
[num_threads: 4]
[seed: 20260830]
[deterministic: 1]
[force_col_wise: 0]
[force_row_wise: 0]
[histogram_pool_size: -1]
[max_depth: -1]
[min_data_in_leaf: 143]
[min_sum_hessian_in_leaf: 0.001]
[bagging_fraction: 0.767955]
[pos_bagging_fraction: 1]
[neg_bagging_fraction: 1]
[bagging_freq: 9]
[bagging_seed: 3520]
[bagging_by_query: 0]
[feature_fraction: 0.980348]
[feature_fraction_bynode: 1]
[feature_fraction_seed: 25582]
[extra_trees: 0]
[extra_seed: 14767]
[early_stopping_round: 0]
[early_stopping_min_delta: 0]
[first_metric_only: 0]
[max_delta_step: 0]
[lambda_l1: 0.00154054]
[lambda_l2: 0.155208]
[linear_lambda: 0]
[min_gain_to_split: 0]
[drop_rate: 0.1]
[max_drop: 50]
[skip_drop: 0.5]
[xgboost_dart_mode: 0]
[uniform_drop: 0]
[drop_seed: 20645]
[top_rate: 0.2]
[other_rate: 0.1]
[min_data_per_group: 100]
[max_cat_threshold: 32]
[cat_l2: 10]
[cat_smooth: 10]
[max_cat_to_onehot: 4]
[top_k: 20]
[monotone_constraints: ]
[monotone_constraints_method: basic]
[monotone_penalty: 0]
[feature_contri: ]
[forcedsplits_filename: ]
[refit_decay_rate: 0.9]
[cegb_tradeoff: 1]
[cegb_penalty_split: 0]
[cegb_penalty_feature_lazy: ]
[cegb_penalty_feature_coupled: ]
[path_smooth: 0]
[interaction_constraints: ]
[verbosity: -1]
[saved_feature_importance_type: 0]
[use_quantized_grad: 0]
[num_grad_quant_bins: 4]
[quant_train_renew_leaf: 0]
[stochastic_rounding: 1]
[linear_tree: 0]
[max_bin: 255]
[max_bin_by_feature: ]
[min_data_in_bin: 3]
[bin_construct_sample_cnt: 200000]
[data_random_seed: 4792]
[is_enable_sparse: 1]
[enable_bundle: 1]
[use_missing: 1]
[zero_as_missing: 0]
[feature_pre_filter: 1]
[pre_partition: 0]
[two_round: 0]
[header: 0]
[label_column: ]
[weight_column: ]
[group_column: ]
[ignore_column: ]
[categorical_feature: ]
[forcedbins_filename: ]
[precise_float_parser: 0]
[parser_config_file: ]
[objective_seed: 28250]
[num_class: 1]
[is_unbalance: 0]
[scale_pos_weight: 1]
[sigmoid: 1]
[boost_from_average: 1]
[reg_sqrt: 0]
[alpha: 0.9]
[fair_c: 1]
[poisson_max_delta_step: 0.7]
[tweedie_variance_power: 1.5]
[lambdarank_truncation_level: 5]
[lambdarank_norm: 1]
[label_gain: 0,1,3,7,15]
[lambdarank_position_bias_regularization: 0]
[eval_at: 1,3]
[multi_error_top_k: 1]
[auc_mu_weights: ]
[num_machines: 1]
[local_listen_port: 12400]
[time_out: 120]
[machine_list_filename: ]
[machines: ]
[gpu_platform_id: -1]
[gpu_device_id: -1]
[gpu_device_id_list: ]
[gpu_use_dp: 0]
[num_gpu: 1]

end of parameters

pandas_categorical:[]
