tree
version=v4
num_class=1
num_tree_per_iteration=1
label_index=0
max_feature_idx=31
objective=lambdarank
feature_names=VIX_21d_pct_change VIX_5d_pct_change VIX_VIX9D_ratio atmf_iv_10dte_intraday_range atmf_iv_1dte_percentile_252d atmf_iv_30dte_intraday_pct_change atmf_iv_5dte_percentile_252d days_until_next_pce delta distance_from_max_63d effr_rate_1y_pct_change effr_rate_1y_percentile entry_bid_ask_spread front_roll_yield gamma_x_dte gamma_x_morning_spx_rv_annualized iv_term_slope_5d_30d jobless_claims leverage morning_spx_range_pct morning_spx_rv_annualized morning_vix_change prior_day_strategy_drawdown_max_5d rom_roll_std_30d spx_1d_returns spx_252d_rv spx_5d_returns theta_x_atmf_iv_5dte_percentile_252d vega vix_front_curvature vix_z_60d win_rate_30d
feature_infos=[-0.52839210998206809:4.8438162544169607] [-0.42827256425582794:1.6965317919075145] [0.62891809908998986:1.5167853509664293] [0.0036813882916645474:0.2613707868372882] [0:0.99206349206349209] [-0.24318986529363051:0.74536575348065082] [0:0.99603174603174605] [0:44] [-0.55212954179776252:-0.032473547468818587] [-46490.999999999971:0] [-0.98367346938775513:4.5000000000000009] [0:1] [0.049999999999999822:29.899999999999999] [-6.7375000000000007:4.8832999999999984] [0:0.033556061189271305] [0.00050198565975699322:0.029708705204148592] [-0.50666580450779986:0.067287322754047196] [160342:6161268] [12.51586456957032:1073.1554712918908] [0.00081068192656181268:0.047613469070574892] [0.17917490989228085:8.150433863579746] [-17.640000000000001:24.859999999999999] [0:24355.000000000087] [7.1417041269969607e-17:19.770253581632318] [-0.11984050283657066:0.093827657101993367] [0.067700138624190859:0.34896258123526319] [-0.1796662632195084:0.17397425583266291] [-7575.2480668325461:0] [10.153572579096968:166.46298008069991] [-5.3499999999999979:11.264999999999986] [-1.9485290699982638:6.9859947436689716] [0.46666666666666667:1]
tree_sizes=2389 3188 3160 3158 3231 3220 3080

Tree=0
num_leaves=23
num_cat=0
split_feature=31 12 23 18 27 4 15 18 7 11 7 18 5 11 11 9 0 11 4 4 18 19
split_gain=110.939 32.8503 6.1662 5.12098 4.60558 3.55052 3.45311 3.09602 2.66596 1.68024 1.54746 2.43798 1.17803 1.0261 0.905784 0.84099 1.01833 0.487745 2.01647 1.65913 0.192385 0.139229
threshold=0.88333333333333341 22.250000000000004 2.937202678437552 473.94019422019591 -975.5521099051391 0.89087301587301593 0.0062546503842963062 398.70954956046575 19.500000000000004 0.95833333333333348 10.500000000000002 254.96437270626697 -0.029905132454956015 0.46428571428571436 0.98611111111111127 -5305.7499999999955 -0.25738057150190735 0.0099206349206349218 0.48611111111111116 0.35515873015873023 168.22283745875356 0.0066654627495790443
decision_type=10 8 10 10 10 2 10 10 2 2 2 10 10 2 2 10 2 2 2 2 10 2
left_child=1 2 5 4 -2 6 20 8 17 -6 11 12 -4 -5 -11 16 -12 -8 19 -19 -1 -18
right_child=3 -3 10 13 9 -7 7 -9 -10 14 15 -13 -14 -15 -16 -17 21 18 -20 -21 -22 -23
leaf_value=-0.0019648186683862471 0 -0.022144929547068561 0 0.0059156416602033053 0.013012814630137603 0 0 0 0 0 0 0.0045762515392265713 -0.0099692773633769226 -0.002051265986466344 0.0067375782546421877 0 0.01311441853805239 -0.0092307117274806495 -0.019519187732614896 0 0.0025363762279769077 0
leaf_weight=5.7543583330698294 4.3167678550817064 39.997849183157086 3.0542558548040679 5.9364635953679663 88.803401331882924 4.1933664693497112 2.8854387030005446 4.052843937650322 2.8277802472002795 4.6950603593140823 2.6122453503776333 3.3057810771279028 8.2295516993617657 7.7143610799685121 4.7331488318741322 4.2583319665864101 4.5923063140362492 12.301892709452661 15.899919133633373 5.1517066415399304 3.5470333285629749 2.2104924268787727
leaf_count=176 129 587 89 94 1480 140 72 115 116 82 68 93 253 99 94 88 159 384 456 171 138 94
internal_value=-0.000276593 -0.0104449 -0.00447471 0.0103175 0.0115028 -0.00745067 -0.00870695 -0.0105315 -0.0118732 0.0122109 0.000115875 -0.00166864 -0.00693151 0 0.000548024 0.0048531 0.00742399 -0.0130076 -0.0136843 -0.00614835 0 0.0105508
internal_weight=241.074 124.875 84.8773 116.199 102.548 56.6143 52.421 43.1196 39.0667 98.2316 28.263 14.5896 11.2838 13.6508 9.42821 13.6734 9.41504 36.239 33.3535 17.4536 9.30139 6.8028
internal_count=5177 3199 2612 1978 1785 1768 1628 1314 1199 1656 844 435 342 193 176 409 321 1083 1011 555 314 253
is_linear=0
shrinkage=0.0153015


Tree=1
num_leaves=29
num_cat=0
split_feature=14 12 15 31 29 10 18 30 27 15 22 12 22 6 12 6 0 16 26 26 1 15 18 18 4 14 0 6
split_gain=587.606 97.8142 30.9711 21.74 21.2262 18.5003 16.3297 22.7079 17.0373 13.2521 12.8019 12.557 19.7282 12.2423 11.522 19.5519 10.6109 10.0542 10.0255 9.69537 9.5462 9.33197 7.83019 11.6641 8.3886 6.0069 16.8936 5.48014
threshold=0.023421312568284443 0.27499999999999875 0.0045724793245547042 0.75000000000000011 -0.55434999999999934 1.0587896916705017 331.4634194336121 -0.50006352276081967 -756.36768440777882 0.013689187314461905 6725.5000000000082 0.34999999999999981 223.0000000000073 0.95833333333333348 0.17499999999999985 0.27182539682539691 0.18954820936639119 0.011156838411967714 0.00062800959645747955 0.017796800674159789 0.016031198769626002 0.0087545159652779505 473.94019422019591 367.58573593496351 0.12896825396825398 0.0038472438937407175 -0.057095416383892088 0.54960317460317476
decision_type=8 10 10 10 2 2 10 2 8 10 10 10 10 2 10 2 2 10 2 2 2 10 10 10 2 10 2 2
left_child=1 3 -3 -1 13 6 8 22 -5 10 11 18 19 -4 25 -16 -17 -9 -6 -13 -11 -14 23 -8 -25 -10 -27 -20
right_child=-2 2 4 5 9 -7 7 17 14 20 -12 12 21 -15 15 16 -18 -19 27 -21 -22 -23 -24 24 -26 26 -28 -29
leaf_value=-0.0052134154495195473 -0.024197051907581674 0.0076991328065983194 0 0 0 -0.00065917556713696046 0.00030413219441994031 -0.0092102888100009123 0.015462174394598188 -0.017636400846728035 -0.01503707864009233 0.012625088249774784 0.00012813343218668469 0.016823572762380987 -0.0024558026505535563 0.014545570926145486 0.0012933142035510164 0.0027262487318917739 -0.014961886667300021 0 0 -0.010421683762185134 0.0022931734901743385 0.0069190676006887376 0.020107162907378105 0.016498376403634531 -0.00040231165535694241 -0.0010572872024764513
leaf_weight=24.009008187800646 198.61232449859381 66.045056827366352 24.725604642182589 23.278684422373772 31.466650631278753 38.918782155960798 23.199549145996571 26.544500432908535 204.5208438821137 32.902724551036954 21.814468901604414 35.041203822940588 32.224499186500907 15.549418501555918 29.059938680380583 63.333667904138565 26.964289955794811 37.013893892988563 33.097153518348932 19.002398943528533 12.982242304831741 32.694994181394577 42.571043998003006 32.42547420412302 38.99664343520999 23.913309950381517 23.036367300897837 16.356506984680891
leaf_count=163 600 248 148 106 191 135 101 77 490 187 139 201 184 115 168 315 86 131 187 124 125 208 162 119 153 115 87 112
internal_value=-6.48276e-05 0.00454338 -0.00161982 0.0081056 -0.00374488 0.00867129 0.00934686 0.00540876 0.0112545 -0.00538252 -0.00358901 -0.00214573 0.000728636 0.00617337 0.0120571 0.00741248 0.0110174 -0.00164945 -0.00685012 0.00783241 -0.0132035 -0.00458833 0.00896105 0.0115515 0.0146624 0.0141075 0.00738088 -0.0111465
internal_weight=1230.3 1031.69 373.903 657.786 307.858 633.777 594.858 200.751 394.107 267.583 221.698 199.883 118.963 40.275 370.828 119.358 90.298 63.5584 80.9203 54.0436 45.885 64.9195 137.193 94.6217 71.4221 251.471 46.9497 49.4537
internal_count=5177 4577 2169 2408 1921 2245 2110 743 1367 1658 1346 1207 717 263 1261 569 401 208 490 325 312 392 535 373 272 692 202 299
is_linear=0
shrinkage=0.0153015


Tree=2
num_leaves=29
num_cat=0
split_feature=28 18 28 20 28 19 14 27 20 2 20 27 10 28 24 20 14 10 19 16 10 27 20 7 5 24 10 2
split_gain=437.265 75.5845 58.0219 28.4713 25.9017 29.5861 23.3828 18.6662 18.1386 11.2332 10.6732 16.2684 12.1587 10.5712 12.1204 9.42474 6.81471 6.63667 8.93135 6.52411 6.30678 9.59917 5.90832 3.44793 3.24118 3.19335 2.34039 2.09686
threshold=96.639059179726118 86.091044229386782 59.316739907621781 0.41315365213891481 23.245576382958376 0.0040524802221008271 0.0013104325151706505 -877.29766103893041 0.81269349334324914 1.2685691043177143 0.40900769812185317 -145.94571492696397 0.25458804078258473 70.769754099868678 0.008087889134583694 0.76411875110590077 0.0034414081184786696 0.43323823612285167 0.0029341047882841024 -0.015743631837950186 0.87555260831122927 -199.63828524417463 0.43577806247026479 8.5000000000000018 0.057207324325043503 0.00075209651403818089 -0.2915732669157326 1.1526070643032738
decision_type=8 10 10 2 10 2 10 10 2 2 2 10 2 10 2 2 10 2 2 8 2 10 2 2 10 2 2 2
left_child=2 24 4 -3 5 -1 9 25 27 13 12 20 -9 17 -15 22 -17 -4 -19 -18 21 -12 -8 -24 -2 -6 -21 -5
right_child=1 3 6 8 7 -7 15 10 -10 -11 11 -13 -14 14 -16 16 19 18 -20 26 -22 -23 23 -25 -26 -27 -28 -29
leaf_value=-0.0029606956163117232 -0.024862568930906024 0.012547016983125539 0.0019762156685822277 -0.018299370155787469 -0.0020755296101009654 0.012529311939213887 0 0 0 0.0088202179376480339 0.013157439221485812 0.019113059531600553 0.012458756856516888 -0.01385222317642548 0.00067120730672835045 0.0093645800104369768 0.0046067635556175917 0 -0.014186766070204755 0 0.0021478789365076416 0.0017163164886836878 0.0048098134920485109 0.017749221243066122 -0.015276259433194883 0.0061347138832363495 -0.011854756780055632 -0.0081715100469952791
leaf_weight=79.764304377138615 133.24582060612738 14.92113111168146 47.133028069511056 32.302222762256861 26.631478652358055 43.415693383663893 18.557337813079357 35.890681225806475 28.427417824044824 12.731293946504591 146.94430732354522 89.545777048915625 29.459042429924011 47.666590144857764 11.948597036302088 15.223337855190037 13.522675510495899 17.754273133352399 17.770414497703314 13.433267414569853 30.32744524627924 28.572378810495138 19.541157271713018 22.550458883866668 34.883755742572248 16.872174471616745 14.578494418412449 28.854583315551281
leaf_count=156 529 93 357 196 138 109 108 115 163 85 640 311 164 336 103 72 82 120 142 82 146 105 119 155 151 116 99 185
internal_value=3.07964e-05 -0.0166676 0.00577113 -0.00594156 0.008733 0.00218442 0 0.0106326 -0.00945358 -0.00386492 0.0117812 0.0131194 0.00513925 -0.00527241 -0.0102915 0.00518738 0 -0.00118372 -0.00646669 -0.00250412 0.0103237 0.0115157 0.00940609 0.0126627 -0.0231041 0.000218229 -0.00731994 -0.0141546
internal_weight=1072.47 272.635 799.834 104.505 527.423 123.18 272.411 404.243 89.5842 155.004 360.74 295.39 65.3497 142.273 59.6152 117.407 56.7578 82.6577 35.5247 41.5344 205.844 175.517 60.649 42.0916 168.13 43.5037 28.0118 61.1568
internal_count=5177 1317 3860 637 2000 265 1860 1735 544 1143 1481 1202 279 1058 439 717 335 619 262 263 891 745 382 274 680 254 181 381
is_linear=0
shrinkage=0.0153015


Tree=3
num_leaves=29
num_cat=0
split_feature=8 8 12 27 8 20 8 0 27 27 20 8 14 18 0 23 26 9 15 8 11 26 23 0 24 15 23 5
split_gain=429.395 54.0398 46.3158 16.3946 18.7332 15.9316 14.5131 20.3462 25.993 12.6979 10.9192 10.0886 10.0437 12.5027 9.97201 9.13753 8.16399 7.62374 6.49917 6.08525 6.21412 6.47065 5.33075 4.53858 4.41702 3.06281 2.15723 2.03579
threshold=-0.40793841542426396 -0.23430687253537311 0.37499999999999939 -1190.4514302676318 -0.047501790536802084 0.36432284193605924 -0.052280013656807782 0.15832611142328692 -442.41242295525529 -35.935106484001565 0.88533398306069266 -0.14894621971062813 0.011012217065730278 62.131703082800918 -0.057095416383892088 1.8547431428775587 -0.0090008410968250834 -15672.999999999955 0.0053090172211508911 -0.39905724056525649 0.94642857142857151 0.02779285149319 1.5611633065721335 0.40626897287248614 -0.0094294222476001815 0.0037560462108822907 1.4454606535876777 0.059326821952419014
decision_type=10 10 10 10 10 2 10 2 10 10 2 10 10 10 2 10 2 10 10 10 2 2 10 2 2 10 10 10
left_child=2 5 15 -3 6 -2 7 9 11 10 16 -9 13 -7 22 24 -5 -16 -12 -15 21 23 -4 26 -1 -11 -21 -18
right_child=1 3 14 4 -6 12 -8 8 -10 25 18 -13 -14 19 17 -17 27 -19 -20 20 -22 -23 -24 -25 -26 -27 -28 -29
leaf_value=-0.011454270663828016 0.012330636845137336 -0.0013620961612691661 0.0083580565600420188 0.0019085588646665648 0 0.011029020757206368 0.01611463395338943 0 -0.0097697312178921351 -0.0012472993661254408 -0.00059946234837221588 0.014158499627365085 0.0080799698500248728 0.003340146594652582 0 -0.0072306082903198128 0.015086398673324774 -0.015070161085902029 0.010221280248986589 -0.0010756044429547423 0 0 -0.0049161809728927057 0 -0.024293585925390597 0.0059983932076132108 -0.012273504342272111 0.0054983709032541839
leaf_weight=19.426089516840875 17.237930294126272 30.019257020205259 12.905054209753873 21.059057667851448 53.513046443462372 9.529640128836034 92.8447545170784 23.924760682508349 28.903398715890944 20.246233314275742 23.081556186079979 29.084605172276497 14.788207229226826 9.4144359864294511 13.309203157201408 17.118343949317932 174.18388907425106 28.859197143465281 19.105838365852833 12.652051664888857 14.739496294409035 9.910723075270651 14.336929297074674 9.5493471678346378 136.07383619295433 22.175483327358961 68.612653109245002 19.070794750005007
leaf_count=82 114 163 81 85 163 57 255 130 114 89 91 120 127 69 95 120 840 187 116 107 161 97 90 88 691 125 632 88
internal_value=0.000332572 0.00627275 -0.017268 0.00856704 0.00920591 -0.00117562 0.0101776 0.00862838 0.00131439 0.010503 0.0118199 0.00808892 -0.00299585 -0.00450275 -0.00592249 -0.0216056 0.0132999 -0.010635 0.00338287 -0.00599831 -0.00709528 -0.00849437 0 -0.00983417 -0.0229388 0.00162713 -0.0110069 0.0143407
internal_weight=965.676 723.647 242.029 557.213 527.193 166.434 473.68 380.836 81.9128 298.923 256.501 53.0094 149.197 134.408 69.4104 172.618 214.314 42.1684 42.1874 124.879 115.464 100.725 27.242 90.8141 155.5 42.4217 81.2647 193.255
internal_count=5177 3831 1346 2379 2216 1452 2053 1798 364 1434 1220 250 1338 1211 453 893 1013 282 207 1154 1085 924 171 827 773 214 739 928
is_linear=0
shrinkage=0.0153015


Tree=4
num_leaves=29
num_cat=0
split_feature=8 8 8 8 7 20 14 27 27 15 30 15 20 24 27 1 7 23 25 24 13 8 29 24 27 30 25 13
split_gain=365.738 43.3163 38.0339 26.5509 19.31 15.5957 14.1717 17.3884 11.3815 13.1168 14.2058 9.19201 12.6652 6.50529 7.19717 6.1761 5.72716 6.05585 5.41011 4.97941 7.82191 19.4693 4.65499 4.47156 4.18758 3.10741 2.54877 2.53426
threshold=-0.40793841542426396 -0.23430687253537311 -0.41937640457503833 -0.047501790536802084 1.5000000000000002 0.34310885625181459 0.011244983588521872 -1272.4055394239285 -34.04290116764966 0.0022641575931587571 -0.14730850941802531 0.0062546503842963062 1.2479715727936178 0.0046481464542579296 -845.64257543651911 -0.032186292429024092 19.500000000000004 1.4454606535876777 0.1510829654623225 -0.0046122789196834093 0.27527777777777779 -0.10413139163003481 -0.24299999999999675 -0.0046122789196834093 -432.13724694911053 0.63481908099012296 0.12310038198737823 0.20002916666666695
decision_type=10 10 8 10 2 2 10 10 10 10 2 10 2 2 10 2 2 10 2 2 2 10 2 2 10 2 2 2
left_child=2 5 11 4 18 -2 7 22 9 -6 19 -1 27 14 -12 -10 17 -9 -3 -11 -21 -22 -7 -16 -15 -4 -19 -13
right_child=1 3 25 -5 8 6 -8 16 15 10 13 12 -14 24 23 -17 -18 26 -20 20 21 -23 -24 -25 -26 -27 -28 -29
leaf_value=0.0030918911434602851 0.014584611506832316 -0.0056894528263445147 -0.024531437739831321 -0.0028845810519836121 0.017530710235433736 0.011647011242833141 0.0096816838489274734 0 0.0074843656995055557 0.0022497864295936486 -0.0028376662051380645 -0.015747599082102649 0.0021565439320024621 0.014847499307364133 0.0094645167782113817 -0.003082099698840106 0.00072299249540401555 -0.00024555430886109489 0.004682606304348939 0.017134130688813743 0.015586367782274131 -0.0022803856587958076 0 0.0012979712220538464 0.0020618736533727501 -0.014904554432355905 -0.012469180994149313 -0.0044994008167668674
leaf_weight=10.179825853556393 13.407429622486232 21.798640351742506 95.251915860921144 41.52498615346849 73.88282598555088 13.363931916654112 17.575157621875405 16.343577882274985 25.254723619669676 17.659368429332972 25.999018518254161 40.968044482171535 11.263728056102989 29.932161841541529 41.184467319399118 20.595055276528001 8.07847219891846 11.41823412850499 25.585985589772463 89.622197011485696 30.876009073108435 20.494136180728674 16.181791249662638 46.78720873221755 17.395882688462734 36.271148715168238 59.59571323916316 17.872321128845215
leaf_count=58 85 95 523 163 212 101 133 143 113 97 160 347 87 168 173 104 82 109 98 451 185 59 143 206 95 186 656 145
internal_value=0.000593589 0.00607206 -0.0169298 0.00817012 0.00919213 -0.00079025 -0.0025081 -0.0045323 0.0101924 0.0110602 0.00944485 -0.00786039 -0.0100034 0.00579379 0.00330565 0.00189315 -0.00787293 -0.00911132 0 0.0129126 0.0139733 0.00770436 0.00494703 0.00556164 0.0109667 -0.0221713 -0.0110493 -0.0129896
internal_weight=896.364 684.557 211.807 528.593 487.068 155.964 142.557 124.982 439.683 393.833 319.95 80.2839 70.1041 161.299 113.971 45.8498 95.436 87.3575 47.3846 158.652 140.992 51.3701 29.5457 87.9717 47.328 131.523 71.0139 58.8404
internal_count=5177 3831 1346 2379 2216 1452 1367 1234 2023 1806 1594 637 579 802 539 217 990 908 193 792 695 244 244 379 263 709 765 492
is_linear=0
shrinkage=0.0153015


Tree=5
num_leaves=29
num_cat=0
split_feature=8 28 8 8 8 27 14 27 17 25 20 20 8 8 24 25 24 2 27 8 8 27 6 23 8 6 27 21
split_gain=317.422 39.6979 34.5522 24.5003 17.3004 18.3358 16.2208 8.29274 9.45109 8.19081 7.95579 11.5869 7.52616 10.1697 7.20296 7.05442 8.13742 5.0928 4.88325 4.40372 20.1048 4.18148 3.90025 6.9277 4.18689 2.79575 2.73081 1.9418
threshold=-0.40793841542426396 68.135956589218651 -0.41937640457503833 -0.047501790536802084 -0.21440336181159916 -838.0316627423316 0.011337195372903374 -34.04290116764966 363738.00000000006 0.10753500522579278 1.2479715727936178 0.42788202309786466 -0.22423656858710531 -0.23628884605021536 -0.00054173051024447572 0.15526244444376833 0.0071463900875229367 0.99526696942598836 -91.531799006237293 -0.052280013656807782 -0.059559097602100756 -587.42307097734658 0.10119047619047621 2.2525882350895614 -0.16404640728006134 0.91468253968253976 -467.87496232779415 1.0349999999999986
decision_type=10 10 8 10 10 10 10 10 2 2 2 2 10 8 2 2 2 2 10 10 10 10 2 10 8 2 10 2
left_child=2 3 10 4 12 14 15 9 -9 -7 11 -1 13 17 -6 22 -17 -2 19 20 -11 -19 -3 -24 27 -4 -18 -25
right_child=1 6 25 -5 5 7 -8 8 -10 18 -12 -13 -14 -15 -16 16 26 21 -20 -21 -22 -23 23 24 -26 -27 -28 -29
leaf_value=0.001059265173205316 0.0081058368992851012 0.007998120346432944 -0.023080617378430937 -0.003570973855610162 -0.0065105630427376385 0.00053677071235581268 0.010388386001861349 -0.002442749784526195 0.011541962512155075 0.01182919075214818 0.0017741247102801968 -0.013066684262605153 -0.01118879524247746 0.019553035366906762 0.0081136048041245325 -0.010397498689667531 0.0071826305022534139 -0.010584474868336649 0.018984374310200725 0.016199099769508153 -0.001391889601187546 0 -0.0099652864719199478 0.00022482086874658452 0.0094240724895701296 -0.0093866711907693336 -0.0038929252394173264 -0.0074505397209336174
leaf_weight=12.006829773075877 14.888756280764936 12.795422676950691 104.78626782773063 34.660087948665023 19.789203483611345 20.26366955973208 25.268363604322076 20.810399532318115 18.712506465613842 162.91375690884888 11.29868124425411 50.4104222683236 8.8631707988679391 8.0740562304854375 12.874532729387282 43.227145008742809 9.7715236460790056 10.648720260709519 45.297705350443721 62.170014437288046 26.162224434316158 20.964085340499885 16.634171387180686 22.357715742662553 11.637336995452641 14.097083709202705 8.9208004921674711 8.3719704411923868
leaf_count=108 135 83 621 163 125 83 185 106 67 813 87 442 51 54 98 381 87 122 168 168 82 259 143 223 59 88 90 86
internal_value=0.000694123 0.00587811 -0.0164944 0.00805097 0.00902694 0.0102494 -0.000535367 0.0112573 0.00319837 0.0121404 -0.00744009 -0.00972871 0.000920543 0.00359715 0 -0.00288942 -0.00668606 0 0.0128026 0.0115339 0.00979491 -0.00260221 0 -0.0012662 0.00123499 -0.0217828 0 -0.000605742
internal_weight=838.677 646.077 192.599 487.093 452.433 388.994 158.984 356.33 39.5229 316.807 73.7159 62.4173 63.4388 54.5756 32.6637 133.716 61.9195 46.5016 296.544 251.246 189.076 31.6128 71.7966 59.0012 42.367 118.883 18.6923 30.7297
internal_count=5177 3831 1346 2494 2331 1710 1337 1487 173 1314 637 550 621 570 223 1152 558 516 1231 1063 895 381 594 511 368 709 177 309
is_linear=0
shrinkage=0.0153015


Tree=6
num_leaves=29
num_cat=0
split_feature=9 12 15 29 31 6 19 18 6 15 20 17 18 17 25 4 6 19 5 13 18 15 4 17 5 6 13 15
split_gain=242.619 43.323 17.2144 17.2437 15.3857 9.81832 9.22865 19.1609 16.0606 9.46393 9.24386 7.23224 6.82468 6.41571 7.45714 9.86078 6.07204 5.2785 5.07002 4.82643 6.38757 5.82106 4.37579 4.08126 5.74068 4.00533 3.7933 14.2253
threshold=-32080.499999999978 0.2999999999999981 0.0065621281055180765 -0.55434999999999934 0.81666666666666676 0.87103174603174616 0.0031863203432271532 336.2470832477232 0.66468253968253976 0.0019067730810548255 0.61414669268964206 827135.50000000012 573.86764384403648 331341.00000000006 0.16479734117117578 0.44642857142857145 0.91865079365079372 0.0067393500934949599 0.043183555026009575 1.0000000180025095e-35 128.67812109843337 0.0040657092958384785 0.51785714285714302 254543.00000000003 0.003969952863756788 0.95833333333333348 0.25277777777777788 0.0060462689672989055
decision_type=10 10 10 2 10 2 2 10 2 10 2 2 10 2 2 2 2 2 10 2 10 10 2 2 8 2 2 10
left_child=16 4 19 25 23 6 8 -8 9 -6 12 13 18 14 15 -5 -1 -17 26 21 -21 -3 -13 24 -2 -4 -11 -28
right_child=1 2 3 11 5 -7 7 -9 -10 10 -12 22 -14 -15 -16 17 -18 -19 -20 20 -22 -23 -24 -25 -26 -27 27 -29
leaf_value=-0.022377690046343365 0.0095174699038859754 0.016786326905759794 0 0 0 0 0.013833141179066775 -9.713444799266023e-05 -0.0058971018989439593 0.016045697402603726 0 0.0089434624979746555 0 -0.015194897148453328 0.0059829060603580914 -0.014917086711194925 -0.0065076881737951998 0 0 -0.0045056499183451686 0.0055832313767531921 0 -0.0040413657134182072 -0.0075157760372288962 -0.0037813881430493359 0.013936579441616899 0 0.019757379037707887
leaf_weight=92.534214213490486 13.726442044600843 14.879643994383516 15.215370183810593 35.040650902781636 26.757434099912643 34.768209215253592 141.18824731186032 21.112783905118704 19.749354066327214 63.224611973389983 17.142144276760519 10.412470479495825 14.298676252365111 26.519421657547355 9.06871599704027 32.571926235221326 13.729211057536302 11.864002391695974 13.012214550748466 21.610951857641339 36.387324810028076 14.487800514325498 11.846425820142029 16.145536933094263 12.428620697930457 11.154502490535377 25.890497408807278 13.913372052833436
leaf_count=546 121 61 113 333 116 131 653 146 82 396 90 91 62 265 94 295 103 96 83 193 237 117 133 171 109 88 150 102
internal_value=0.000758591 0.00414566 -0.00077431 -0.00383171 0.00708536 0.00804726 0.0088051 0.0117823 0.00611442 0.00769826 0.00922169 -0.00616054 0.0106221 -0.00774555 -0.00507678 -0.00682626 -0.0206919 -0.0116318 0.0118533 0.00451076 0.001156 0.00981671 0.000292504 -0.000891325 0.00171691 0.00682655 0.0130295 0.007265
internal_weight=790.681 684.417 251.059 163.693 433.358 391.058 356.289 162.301 193.988 174.239 147.482 137.324 130.339 115.065 88.5453 79.4766 106.263 44.4359 116.041 87.3657 57.9983 29.3674 22.2589 42.3006 26.1551 26.3699 103.028 39.8039
internal_count=5177 4528 2116 1508 2412 2011 1880 799 1081 999 883 1307 793 1083 818 724 649 391 731 608 430 178 224 401 230 201 648 252
is_linear=0
shrinkage=0.0153015


end of trees

feature_importances:
delta=20
theta_x_atmf_iv_5dte_percentile_252d=17
gamma_x_morning_spx_rv_annualized=12
leverage=12
morning_spx_rv_annualized=12
atmf_iv_5dte_percentile_252d=9
spx_1d_returns=8
gamma_x_dte=7
VIX_21d_pct_change=6
atmf_iv_1dte_percentile_252d=6
entry_bid_ask_spread=6
rom_roll_std_30d=6
atmf_iv_30dte_intraday_pct_change=5
days_until_next_pce=5
effr_rate_1y_pct_change=5
effr_rate_1y_percentile=5
morning_spx_range_pct=5
spx_252d_rv=5
vega=5
front_roll_yield=4
jobless_claims=4
spx_5d_returns=4
VIX_VIX9D_ratio=3
distance_from_max_63d=3
vix_front_curvature=3
vix_z_60d=3
win_rate_30d=3
VIX_5d_pct_change=2
iv_term_slope_5d_30d=2
prior_day_strategy_drawdown_max_5d=2
morning_vix_change=1

parameters:
[boosting: gbdt]
[objective: lambdarank]
[metric: ndcg]
[tree_learner: serial]
[device_type: cpu]
[data_sample_strategy: bagging]
[data: ]
[valid: ]
[num_iterations: 2000]
[learning_rate: 0.0153015]
[num_leaves: 29]
[num_threads: 4]
[seed: 20260827]
[deterministic: 1]
[force_col_wise: 0]
[force_row_wise: 0]
[histogram_pool_size: -1]
[max_depth: -1]
[min_data_in_leaf: 83]
[min_sum_hessian_in_leaf: 0.001]
[bagging_fraction: 0.548628]
[pos_bagging_fraction: 1]
[neg_bagging_fraction: 1]
[bagging_freq: 10]
[bagging_seed: 4042]
[bagging_by_query: 0]
[feature_fraction: 0.593647]
[feature_fraction_bynode: 1]
[feature_fraction_seed: 18928]
[extra_trees: 0]
[extra_seed: 2987]
[early_stopping_round: 0]
[early_stopping_min_delta: 0]
[first_metric_only: 0]
[max_delta_step: 0]
[lambda_l1: 2.53189]
[lambda_l2: 0.00101368]
[linear_lambda: 0]
[min_gain_to_split: 0]
[drop_rate: 0.1]
[max_drop: 50]
[skip_drop: 0.5]
[xgboost_dart_mode: 0]
[uniform_drop: 0]
[drop_seed: 32588]
[top_rate: 0.2]
[other_rate: 0.1]
[min_data_per_group: 100]
[max_cat_threshold: 32]
[cat_l2: 10]
[cat_smooth: 10]
[max_cat_to_onehot: 4]
[top_k: 20]
[monotone_constraints: ]
[monotone_constraints_method: basic]
[monotone_penalty: 0]
[feature_contri: ]
[forcedsplits_filename: ]
[refit_decay_rate: 0.9]
[cegb_tradeoff: 1]
[cegb_penalty_split: 0]
[cegb_penalty_feature_lazy: ]
[cegb_penalty_feature_coupled: ]
[path_smooth: 0]
[interaction_constraints: ]
[verbosity: -1]
[saved_feature_importance_type: 0]
[use_quantized_grad: 0]
[num_grad_quant_bins: 4]
[quant_train_renew_leaf: 0]
[stochastic_rounding: 1]
[linear_tree: 0]
[max_bin: 255]
[max_bin_by_feature: ]
[min_data_in_bin: 3]
[bin_construct_sample_cnt: 200000]
[data_random_seed: 4782]
[is_enable_sparse: 1]
[enable_bundle: 1]
[use_missing: 1]
[zero_as_missing: 0]
[feature_pre_filter: 1]
[pre_partition: 0]
[two_round: 0]
[header: 0]
[label_column: ]
[weight_column: ]
[group_column: ]
[ignore_column: ]
[categorical_feature: ]
[forcedbins_filename: ]
[precise_float_parser: 0]
[parser_config_file: ]
[objective_seed: 30075]
[num_class: 1]
[is_unbalance: 0]
[scale_pos_weight: 1]
[sigmoid: 1]
[boost_from_average: 1]
[reg_sqrt: 0]
[alpha: 0.9]
[fair_c: 1]
[poisson_max_delta_step: 0.7]
[tweedie_variance_power: 1.5]
[lambdarank_truncation_level: 5]
[lambdarank_norm: 1]
[label_gain: 0,1,3,7,15]
[lambdarank_position_bias_regularization: 0]
[eval_at: 1,3]
[multi_error_top_k: 1]
[auc_mu_weights: ]
[num_machines: 1]
[local_listen_port: 12400]
[time_out: 120]
[machine_list_filename: ]
[machines: ]
[gpu_platform_id: -1]
[gpu_device_id: -1]
[gpu_device_id_list: ]
[gpu_use_dp: 0]
[num_gpu: 1]

end of parameters

pandas_categorical:[]
