tree
version=v4
num_class=1
num_tree_per_iteration=1
label_index=0
max_feature_idx=26
objective=lambdarank
feature_names=VIX1D_21d_pct_change VVIX VVIX_5d_pct_change atmf_iv_0dte_intraday_pct_change delta distance_from_max_252d entry_bid_ask_spread entry_bid_ask_spread_pct entry_bid_ask_spread_pct_wd_rank gamma_x_morning_spx_rv_annualized iv_at_strike_minus_atmf iv_at_strike_minus_atmf_x_VIX_VIX9D_spread iv_minus_rv_term_slope jobless_claims_1y_percentile leverage morning_vix_change prior_day_strategy_drawdown_max_5d rom_roll_skew_30d rom_roll_std_30d rv_surprise_5d spx_1d_returns spx_pcr_21d_avg spx_put_call_ratio spx_realized_skew_21d spx_realized_skew_63d vega_x_VIX_5d_pct_change win_rate_30d
feature_infos=[-0.62812367640830158:1.0749592612710486] [73.879999999999995:154.38] [-0.21757294429708229:0.64389982590062944] [-0.79392805149431867:3.6918135411624098] [-0.53206510950103358:-0.040270909123434562] [-93591.000000000116:0] [0.049999999999999822:20] [0.0075471698113208623:1.4492753623188406] [1:8.5] [0.00074972742426769427:0.024090108810035815] [-0.022178804048703704:0.19529193277112833] [-0.91940661084879727:0.18000708271324203] [-0.19157123069963433:0.16065501485540229] [0:0.98412698412698407] [36.465457927992354:815.90830684080004] [-3.8299999999999983:6.5000000000000036] [0:30374.000000000073] [-5.4772255750516701:3.0628009680870223] [1.1843176476490795e-16:19.474959994846831] [-0.7205890816844579:0.87992540507017558] [-0.043236562775976095:0.055434472345454289] [1.2933333333333334:1.8400000000000001] [1.03:2.1200000000000001] [-1.1712643148260733:1.8366420072588208] [-0.56554876126293896:1.0980022158618148] [-48.084433969514222:83.188140440585983] [0.5:1]
tree_sizes=997 2200 2054

Tree=0
num_leaves=9
num_cat=0
split_feature=4 10 10 5 4 4 4 16
split_gain=177.927 8.20845 5.05112 4.9222 4.81176 1.56542 0.0446447 0.0996875
threshold=-0.2069733356346474 0.0033665344504004578 1.0000000180025095e-35 -79315.499999999927 -0.17858217364561355 -0.25594941793292419 -0.24457874782675668 6097.0000000000118
decision_type=10 10 10 8 10 10 8 10
left_child=1 3 -2 -1 -4 -5 7 -3
right_child=2 6 4 5 -6 -7 -8 -9
leaf_value=0 0 -0.0012199574728190849 0 -0.015073146557530637 0.01205109381759218 0 0 0
leaf_weight=3.708488566800952 5.5684698848053804 12.781872742343692 7.7099500047042957 75.299428300699219 103.07227154821157 4.649649395607411 4.7732880851253894 2.5277427206747225
leaf_count=107 117 504 333 1734 1568 202 229 102
internal_value=0 -0.0120146 0.0107504 -0.0138974 0.0113353 -0.0145412 -0.000134461 -0.00064352
internal_weight=220.091 103.74 116.351 83.6576 110.782 79.9491 20.0829 15.3096
internal_count=4896 2878 2018 2043 1901 1936 835 606
is_linear=0
shrinkage=0.0128389


Tree=1
num_leaves=21
num_cat=0
split_feature=4 14 4 4 14 5 4 11 4 4 5 5 4 11 11 4 11 26 9 5
split_gain=958.716 64.3609 36.4494 22.5588 12.3567 6.38046 4.22658 4.34178 4.32169 3.68134 5.63904 2.64884 3.48676 1.7225 1.64135 2.55324 0.675174 0.164459 0.584132 6.22221e-05
threshold=-0.27906077386172573 130.19797775894622 -0.11154756952533838 -0.43782286310037555 190.59181179869589 -13612.750000000098 -0.2069733356346474 0.019973910220400133 -0.13552375426504518 -0.42927746980692988 -73904.5 -80689.500000000029 -0.40425691277723103 -0.014743777896632658 0.0026983560961952734 -0.26007656552086345 0.017850222546868761 0.78333333333333355 0.0079266513151693904 -42512.749999999949
decision_type=10 8 10 10 10 10 10 10 10 10 10 10 10 10 10 10 10 10 10 10
left_child=1 11 6 -3 5 13 14 8 -8 -5 -11 -1 -13 -4 17 -16 -17 -2 -19 -14
right_child=2 3 4 9 -6 -7 7 -9 -10 10 -12 12 19 -15 15 16 -18 18 -20 -21
leaf_value=0.0013260014253849261 -0.0010098857143625213 -0.019420480776052487 0.011267980116440533 0 0.012876414562462088 0 0.0077076022417516656 0 0 0 -0.011414687704465579 -0.006820694304835867 0 0.0027797721003033015 0 0.006263570462961247 0 0.0020033936113673248 0 2.7052406137971437e-05
leaf_weight=15.588593438267706 18.164231797680259 271.3968698438257 35.679817572236061 10.164887584745882 345.49450331926346 31.462604582309723 121.10550872981548 22.459649004042149 12.3759498745203 8.3267883583903295 80.389179192483425 17.963514212518927 10.125216532498596 43.340249106287956 9.5688281301408988 21.52184692025185 10.185517735779284 21.751970272511244 16.486830309033394 10.524741880595689
leaf_count=89 138 811 94 68 796 40 757 135 60 47 802 134 95 136 79 182 79 161 113 80
internal_value=0 -0.0151909 0.00911706 -0.0171044 0.0114107 0.00592382 0.00460642 0.00612123 0.00698846 -0.00957871 -0.0104138 -0.000592193 -0.00317082 0.00782429 0.0013285 0.00316739 0.00497164 0 0.000346996 0
internal_weight=1134.08 424.48 709.598 370.278 455.977 110.483 253.62 155.941 133.481 98.8809 88.716 54.2021 38.6135 79.0201 97.6792 41.2762 31.7074 56.403 38.2388 20.65
internal_count=4896 2126 2770 1728 1066 270 1704 952 817 917 849 398 309 230 752 340 261 412 274 175
is_linear=0
shrinkage=0.0128389


Tree=2
num_leaves=19
num_cat=0
split_feature=4 4 4 5 10 7 10 6 25 7 4 16 4 14 4 5 10 11
split_gain=695.862 53.1699 38.8197 21.5303 17.4299 13.3546 12.0598 6.44223 3.18031 4.63954 2.60604 2.55634 2.38982 2.07685 1.31679 1.14602 0.870657 0.570316
threshold=-0.26488091767553201 -0.45419223560876315 -0.17051732760151747 -80689.500000000029 0.00021723863652305111 0.065044949762030665 0.0032036770021705301 0.10000000000000032 6.274059917366368 0.055666223992917291 -0.24172865826777942 6097.0000000000118 -0.28813971904687891 452.05582757603344 -0.19159609345529707 -28994.000000000025 0.0077468209412251974 -1.0000000180025095e-35
decision_type=10 10 10 10 10 10 10 10 10 10 10 10 10 10 10 10 8 10
left_child=1 -1 8 -3 -4 7 -5 -6 9 10 -2 12 17 -7 -12 -11 -10 -8
right_child=2 3 4 6 5 13 11 -9 16 15 14 -13 -14 -15 -16 -17 -18 -19
leaf_value=-0.01848859616560114 0 0.0037581159121241061 0 -0.011641365739604177 0.0077702189792960893 0.013133675178435451 0 0 -0.0035748916429547955 0.00020588253234036461 0.0073651475873730875 0.0006581965514401391 0 0.0044952880243240368 0 -0.0028366260928862149 0 -0.0068625090770574344
leaf_weight=208.65255212597549 18.351153172552586 14.990257665514944 23.040859572589397 94.872265176847577 116.78148236870766 271.95460183173418 8.380504194647072 42.092346683144569 12.800847813487051 9.6126387044787425 33.126128818839788 8.9538638740777952 9.005302198231222 37.59209480881691 11.714823938906191 19.917898904532194 12.191200131550433 16.903068527579308
leaf_count=760 168 93 93 961 532 736 85 188 114 85 307 77 94 78 82 151 116 176
internal_value=0 -0.0140268 0.00836222 -0.00719683 0.00996258 0.010497 -0.00897201 0.00617928 0.000975355 0.00244436 0.00448216 -0.00109922 -0.00353635 0.0123829 0.00605029 0 -0.00150694 -0.0054873
internal_weight=970.934 361.758 609.176 153.105 491.461 468.421 138.115 158.874 117.715 92.7226 63.1921 43.2427 34.2889 309.547 44.841 29.5305 24.992 25.2836
internal_count=4896 2246 2650 1486 1627 1534 1393 720 1023 793 557 432 355 814 389 236 230 261
is_linear=0
shrinkage=0.0128389


end of trees

feature_importances:
delta=18
distance_from_max_252d=7
iv_at_strike_minus_atmf=5
iv_at_strike_minus_atmf_x_VIX_VIX9D_spread=5
leverage=3
entry_bid_ask_spread_pct=2
prior_day_strategy_drawdown_max_5d=2
entry_bid_ask_spread=1
gamma_x_morning_spx_rv_annualized=1
vega_x_VIX_5d_pct_change=1
win_rate_30d=1

parameters:
[boosting: gbdt]
[objective: lambdarank]
[metric: ndcg]
[tree_learner: serial]
[device_type: cpu]
[data_sample_strategy: bagging]
[data: ]
[valid: ]
[num_iterations: 2000]
[learning_rate: 0.0128389]
[num_leaves: 120]
[num_threads: 4]
[seed: 20260829]
[deterministic: 1]
[force_col_wise: 0]
[force_row_wise: 0]
[histogram_pool_size: -1]
[max_depth: -1]
[min_data_in_leaf: 75]
[min_sum_hessian_in_leaf: 0.001]
[bagging_fraction: 0.683656]
[pos_bagging_fraction: 1]
[neg_bagging_fraction: 1]
[bagging_freq: 0]
[bagging_seed: 25539]
[bagging_by_query: 0]
[feature_fraction: 0.84471]
[feature_fraction_bynode: 1]
[feature_fraction_seed: 1518]
[extra_trees: 0]
[extra_seed: 10840]
[early_stopping_round: 0]
[early_stopping_min_delta: 0]
[first_metric_only: 0]
[max_delta_step: 0]
[lambda_l1: 5.76683]
[lambda_l2: 3.49016]
[linear_lambda: 0]
[min_gain_to_split: 0]
[drop_rate: 0.1]
[max_drop: 50]
[skip_drop: 0.5]
[xgboost_dart_mode: 0]
[uniform_drop: 0]
[drop_seed: 2781]
[top_rate: 0.2]
[other_rate: 0.1]
[min_data_per_group: 100]
[max_cat_threshold: 32]
[cat_l2: 10]
[cat_smooth: 10]
[max_cat_to_onehot: 4]
[top_k: 20]
[monotone_constraints: ]
[monotone_constraints_method: basic]
[monotone_penalty: 0]
[feature_contri: ]
[forcedsplits_filename: ]
[refit_decay_rate: 0.9]
[cegb_tradeoff: 1]
[cegb_penalty_split: 0]
[cegb_penalty_feature_lazy: ]
[cegb_penalty_feature_coupled: ]
[path_smooth: 0]
[interaction_constraints: ]
[verbosity: -1]
[saved_feature_importance_type: 0]
[use_quantized_grad: 0]
[num_grad_quant_bins: 4]
[quant_train_renew_leaf: 0]
[stochastic_rounding: 1]
[linear_tree: 0]
[max_bin: 255]
[max_bin_by_feature: ]
[min_data_in_bin: 3]
[bin_construct_sample_cnt: 200000]
[data_random_seed: 4788]
[is_enable_sparse: 1]
[enable_bundle: 1]
[use_missing: 1]
[zero_as_missing: 0]
[feature_pre_filter: 1]
[pre_partition: 0]
[two_round: 0]
[header: 0]
[label_column: ]
[weight_column: ]
[group_column: ]
[ignore_column: ]
[categorical_feature: ]
[forcedbins_filename: ]
[precise_float_parser: 0]
[parser_config_file: ]
[objective_seed: 17936]
[num_class: 1]
[is_unbalance: 0]
[scale_pos_weight: 1]
[sigmoid: 1]
[boost_from_average: 1]
[reg_sqrt: 0]
[alpha: 0.9]
[fair_c: 1]
[poisson_max_delta_step: 0.7]
[tweedie_variance_power: 1.5]
[lambdarank_truncation_level: 5]
[lambdarank_norm: 1]
[label_gain: 0,1,3,7,15]
[lambdarank_position_bias_regularization: 0]
[eval_at: 1,3]
[multi_error_top_k: 1]
[auc_mu_weights: ]
[num_machines: 1]
[local_listen_port: 12400]
[time_out: 120]
[machine_list_filename: ]
[machines: ]
[gpu_platform_id: -1]
[gpu_device_id: -1]
[gpu_device_id_list: ]
[gpu_use_dp: 0]
[num_gpu: 1]

end of parameters

pandas_categorical:[]
