tree
version=v4
num_class=1
num_tree_per_iteration=1
label_index=0
max_feature_idx=29
objective=lambdarank
feature_names=VIX_21d_pct_change VIX_5d_pct_change VVIX_5d_pct_change atmf_iv_1dte_percentile_252d atmf_iv_30dte_intraday_pct_change atmf_iv_30dte_percentile_252d days_until_next_pce entry_bid_ask_spread gamma_x_dte gamma_x_morning_spx_rv_annualized iv_at_strike_minus_atmf_x_VIX_VIX9D_spread jobless_claims leverage morning_atmf_iv_pct_change morning_gap_size morning_spx_log_return morning_spx_rv_annualized morning_vix_change prior_day_strategy_drawdown_max_5d rom_roll_skew_30d rom_roll_std_30d spx_10d_returns spx_1d_returns spx_252d_rv spx_5d_returns theta_x_atmf_iv_5dte_percentile_252d vix_curvature_9d_30d_3m vix_front_curvature vix_z_60d win_rate_30d
feature_infos=[-0.52839210998206809:4.8438162544169607] [-0.42827256425582794:1.6965317919075145] [-0.32030341620065339:0.70757303583246678] [0:0.99603174603174605] [-0.24318986529363051:0.74536575348065082] [0:0.99603174603174605] [0:44] [0.049999999999999822:29.899999999999999] [0:0.033556061189271305] [0.00050198565975699322:0.029708705204148592] [-6.5795764598266988:0.58289359397191487] [152144:6161268] [12.51586456957032:1073.1554712918908] [-0.33382759238393778:0.44486063275178811] [-0.074669312657228579:0.047841244301421275] [-0.029011813819852964:0.026209351931648178] [0.17917490989228085:8.150433863579746] [-17.640000000000001:24.859999999999999] [0:30374.000000000073] [-5.4772255750516701:5.0258428426019996] [7.1417041269969607e-17:19.770253581632318] [-0.23386323847009061:0.19052471618843292] [-0.11984050283657066:0.093827657101993367] [0.067700138624190859:0.34896258123526319] [-0.1796662632195084:0.17397425583266291] [-7575.2480668325461:0] [-4.4899999999999949:17.299999999999997] [-5.3499999999999979:11.264999999999986] [-2.0770891229405501:6.9859947436689716] [0.46666666666666667:1]
tree_sizes=2393 2408 2419 2394 2407 2410 2427 2426 2423 2407 2412 2422 2409 2420 2419 2408 2395 2417 2431 2413 2410 2428 2412 2421 2403 2417 2423

Tree=0
num_leaves=21
num_cat=0
split_feature=9 10 9 16 1 20 6 23 6 20 16 23 10 10 1 28 23 23 0 10
split_gain=162.637 33.2519 14.7244 6.91367 5.79468 5.45615 5.41744 4.72155 4.41833 5.33805 3.99887 3.49479 3.12091 7.3822 3.10151 4.0056 2.97437 4.94953 2.95353 2.8301
threshold=0.007310806565056613 0.11603291587662611 0.0035404510244625913 0.97858096983154719 0.044611945454117292 2.9599395830437518 2.5000000000000004 0.17039902504894677 14.500000000000002 0.89145428528221693 0.48737214526164935 0.15081681343004269 0.0092345426661327393 -0.013426109779763514 0.013463888658179159 0.23185135290931283 0.15081681343004269 0.1280041092315948 -0.028927079093037707 0.074310424485164464
decision_type=8 8 10 2 2 10 2 2 2 10 2 2 10 8 2 2 2 2 2 10
left_child=2 5 3 7 -3 8 -4 11 9 -2 -11 18 13 -8 -12 -16 17 -14 -1 -9
right_child=1 4 6 -5 -6 -7 12 19 -10 10 14 -13 16 -15 15 -17 -18 -19 -20 -21
leaf_value=0.056056577359710792 0.01858691711382791 -0.089556424879326149 -0.018373652567203577 0.070037551153265348 -0.051498129845677761 0.006002388099752138 0.045911195271521654 0.037762943894222557 -0.0067156496381020206 -0.0071823026016500681 -0.064098561065626863 0.006071366701619227 0.04418164786241198 -0.012160570430938138 -5.1156997423252697e-05 -0.057932458186947644 0.045380501642177926 -0.024638587967594751 0.022355930944203548 0.071550645211050645
leaf_weight=16.256231821142137 4.9783528074622145 41.60229145269841 13.104453796520827 32.511613925453275 20.250253919977695 17.9646554752253 11.254827562719582 16.218622904387303 20.745858445763588 8.2680090824142081 24.750859017949551 16.881915302481502 7.2850368511863035 20.365188433905136 7.4083181698806575 8.5398238967172784 24.062065945006907 6.5256680583115667 18.857219452038407 17.608481299132109
leaf_count=168 226 596 335 299 272 714 284 202 753 293 710 204 199 586 236 265 682 181 187 175
internal_value=6.99189e-05 -0.0444354 0.0342974 0.0473457 -0.0771808 -0.0225273 0.0155745 0.0386909 -0.0293897 -0.0380846 -0.0438693 0.0276967 0.0219915 0.00857009 -0.051291 -0.0311864 0.0331525 0.0117016 0.0380532 0.0554816
internal_weight=355.44 154.508 200.931 118.334 61.8525 92.6559 82.5972 85.8225 74.6912 53.9454 48.967 51.9954 69.4928 31.62 40.699 15.9481 37.8728 13.8107 35.1135 33.8271
internal_count=7567 4065 3502 1235 868 3197 2267 936 2483 1730 1504 559 1932 870 1211 501 1062 380 355 377
is_linear=0
shrinkage=0.0577119


Tree=1
num_leaves=21
num_cat=0
split_feature=9 7 12 10 19 10 1 12 26 1 9 22 23 27 10 17 26 7 4 12
split_gain=397.333 84.392 28.2897 21.9465 20.6925 17.7689 19.5864 16.7424 15.2839 13.5402 17.4793 13.7264 15.6793 11.2771 11.6371 21.1171 13.5189 12.8847 11.9016 11.2269
threshold=0.015176814351001823 0.20000000000000001 490.06280855445459 -0.12806691503314721 -5.4399756597036637 0.017659771577047179 0.094487298090553909 190.46211748650185 1.6750000000000018 0.079206929154047048 0.0060401430578676113 0.0014539626499979754 0.15320352088539754 -0.34905000000000003 0.031217503897020771 -0.16499999999999912 0.96499999999999997 0.15000000000000011 0.014646817194727825 136.41158855452241
decision_type=8 10 10 10 10 8 2 10 2 2 10 2 2 2 10 2 2 10 10 10
left_child=1 2 13 -3 -5 -2 8 19 -7 10 -9 -12 -13 -1 15 -15 -16 18 -17 -6
right_child=5 3 -4 4 7 6 -8 9 -10 -11 11 12 -14 14 16 17 -18 -19 -20 -21
leaf_value=0.061452429689837558 -0.032660111464851982 0.046033757908893864 -0.01214340098799529 0.043947416865627809 -0.0042978860951632244 -0.0958425138421099 -0.045665239937898804 0.040692100687160844 -0.053008297589767175 0.045511078734434364 -0.032452145485123901 0.03447166954380624 -0.023916130307261946 0.0086306873804155859 0.030568373937008654 0.076506980769301444 0.061843539034160865 0.01302688480271526 0.035811746457511763 -0.025845693317118699
leaf_weight=45.994501544162631 46.080413267016411 30.807494254782796 47.915055902674794 28.211796030402184 170.61531146522611 103.77210829220712 63.548301264643669 28.941606163978577 38.377563547343016 26.857962906360626 48.879768861457705 34.270655473694205 27.570950186811388 145.3635885072872 122.0163385476917 37.750432255677879 74.216227151453495 42.892153688706458 66.065260084345937 152.54345530830324
leaf_count=162 333 172 175 152 1191 471 206 185 167 227 355 247 221 715 468 194 296 249 293 1030
internal_value=0.000416977 0.0150154 0.0303186 -0.00122443 -0.00404254 -0.0651381 -0.0723977 -0.00681433 -0.0843153 0.00804863 0.000821661 -0.0096211 0.0084416 0.0341279 0.0315443 0.0242288 0.0424178 0.0396701 0.0506584 -0.0144735
internal_weight=1382.69 1130.91 582.214 548.699 517.892 251.778 205.698 489.68 142.15 166.521 139.663 110.721 61.8416 534.299 488.304 292.071 196.233 146.708 103.816 323.159
internal_count=7509 6332 2552 3780 3608 1177 844 3456 638 1235 1008 823 468 2377 2215 1451 764 736 487 2221
is_linear=0
shrinkage=0.0577119


Tree=2
num_leaves=21
num_cat=0
split_feature=12 19 9 5 15 23 22 15 2 19 2 26 24 15 15 19 12 8 26 19
split_gain=218.355 57.8928 30.0763 18.5393 18.0354 16.0534 13.9414 13.5243 12.9264 15.1823 13.4628 15.2315 13.9852 12.8399 11.7809 10.982 10.703 10.2913 10.253 9.71869
threshold=666.92720465470882 -3.4577151185563522 0.0052375234196479908 0.54960317460317476 -0.0010657156825335497 0.15054741164447097 -0.0020199376718601498 -5.3558412198883375e-05 -0.075930060710654376 -1.3991622022790817 0.015764721573040433 1.6349999999999991 0.018162165563410885 0.0036352451511432967 -0.0017398844074253651 -5.3727824473046395 342.02812830924148 0.0023863789428095797 1.5300000000000005 -5.477203549692276
decision_type=8 10 10 2 2 2 2 2 2 10 2 2 2 2 2 10 10 10 2 10
left_child=1 3 6 5 -5 -1 -3 -2 14 10 12 -12 -10 15 -4 -6 17 -8 -17 -7
right_child=7 2 8 4 13 19 16 -9 9 -11 11 -13 -14 -15 -16 18 -18 -19 -20 -21
leaf_value=0.05947988881748667 -0.089535154063259112 0.03500170939929613 -0.033667781906934216 0.032650164291114801 0.013634564968665828 0.0042874329684472008 0.034048786836039464 -0.053344624878843158 -0.048707868511226167 0.023881003716708996 0.0038234833647532796 -0.037360857990788282 -0.0010213183675787175 0.031505681586021773 0.017563227469502493 -0.0055304210067401664 -0.026251741089347452 -0.0058427082481798164 -0.046607725099248216 0.032936559556722998
leaf_weight=56.940898288041353 62.273444021586329 63.092232216149569 19.865363233722746 81.498797707259655 48.883633470162749 55.817374311387539 39.208155985921621 78.151520836167037 100.73052735906094 22.301834270358086 76.270959871821105 49.106940465047956 25.71699251094833 33.671003066003323 59.616389591246843 55.573329526931047 33.327658660709858 47.628860996104777 31.779184641316533 134.60707747377455
leaf_count=308 420 307 165 438 214 242 178 441 885 191 730 447 258 183 479 307 105 324 147 829
internal_value=-0.00192533 0.00723327 -0.00591833 0.0213882 0.0103459 0.0326036 0.0130524 -0.0694365 -0.0157509 -0.0216911 -0.0257337 -0.01232 -0.039017 -0.00036251 0.00473641 -0.00825345 0.00151149 0.0121825 -0.0205047 0.0245448
internal_weight=1176.06 1035.64 536.866 498.771 251.406 247.365 183.257 140.425 353.609 274.127 251.825 125.378 126.448 169.907 79.4818 136.236 120.165 86.837 87.3525 190.424
internal_count=7598 6737 4069 2668 1289 1379 914 861 3155 2511 2320 1177 1143 851 644 668 607 502 454 1071
is_linear=0
shrinkage=0.0577119


Tree=3
num_leaves=21
num_cat=0
split_feature=19 9 16 19 2 25 23 28 6 16 16 23 28 1 9 11 9 28 9 5
split_gain=222.359 38.5341 25.7098 25.6753 20.2711 18.8535 12.9277 12.7003 9.63865 8.81621 11.2395 9.79777 8.293 8.03095 7.96251 8.98857 7.42897 7.25767 6.69444 6.63034
threshold=4.3709734013169248 0.0027132509734862542 0.42161260181649346 -3.2134912611558231 -0.077281483154721928 -827.77056979682118 0.1951824088654627 0.53223006614392221 16.500000000000004 0.52311361197341222 0.69037251961658141 0.16531909183864354 -0.74704633774857387 -0.074458315837626063 0.0043206691576751057 225991.50000000003 0.009871573649889635 -0.43692479591355993 0.0069372975494797181 0.30753968253968261
decision_type=8 10 2 10 2 10 2 2 2 2 2 2 2 2 10 2 10 2 10 2
left_child=1 2 -1 6 5 -5 14 -4 13 11 -11 18 16 -8 15 -3 -12 -7 -6 -16
right_child=-2 3 7 4 9 17 8 -9 -10 10 12 -13 -14 -15 19 -17 -18 -19 -20 -21
leaf_value=-0.0064220213832757974 -0.074280130319000479 -0.0088144391549731284 0.054467846535808953 -0.014716296954090605 0.047438584368317306 0.019999862109571487 -0.026496462870432239 0.02011305418642774 0.034981541349431371 -0.04649782266571692 0.040776648456329286 -0.033986309081502422 -0.019442465795753761 0.0053780027309462868 0.011453371430396628 0.030662352044881713 -0.016297946532631048 0.06692069638084272 0.00080681073614737064 0.03892325617524614
leaf_weight=43.787975985556841 114.495752368588 43.262832619249821 110.77596418745816 31.393487744033337 17.136660076677799 21.825083182193339 39.493866163305938 53.179227875545621 23.693679383024573 42.53172741830349 16.094513623043898 15.372370036318896 131.57380849868059 78.584268611855805 40.20832250546664 34.431285689584911 14.254859410226343 22.232591776177287 25.37143571767956 108.42041933815926
leaf_count=167 851 178 414 294 171 176 239 173 217 462 171 174 1252 600 291 167 155 151 296 840
internal_value=0.00150661 0.01101 0.0328528 0.00457848 -0.00691042 0.0194372 0.0151209 0.0433407 0.00145315 -0.0144924 -0.0201199 0.00538473 -0.0131711 -0.005293 0.0236786 0.00869253 0.0139935 0.0437582 0.0196623 0.0315028
internal_weight=1028.12 913.624 207.743 705.881 337.787 75.4512 368.095 163.955 141.772 262.335 204.455 57.8805 161.923 118.078 226.323 77.6941 30.3494 44.0577 42.5081 148.629
internal_count=7439 6588 754 5834 3302 621 2532 587 1056 2681 2040 641 1578 839 1476 345 326 327 467 1131
is_linear=0
shrinkage=0.0577119


Tree=4
num_leaves=21
num_cat=0
split_feature=19 7 15 19 0 0 1 24 16 15 9 19 27 9 21 15 24 17 22 3
split_gain=131.129 48.5233 14.6718 14.2822 12.099 10.183 10.5344 9.61454 8.69225 10.1562 15.0375 9.96862 7.84607 7.43896 8.43848 6.84251 5.82077 5.07092 8.42959 8.29527
threshold=4.3709734013169248 0.20000000000000001 -0.0010657156825335497 -5.3241614962254182 0.024487068463037279 0.30032858472727669 0.076442912400096277 0.025953865595834128 1.4882856680275702 -0.00094388993491642916 0.01122664994990877 -3.7669326704089445 0.12655000000000174 0.0027567670133918812 0.032678572172871519 -0.0004793922312248383 0.0090444863954392014 -1.124999999999998 0.010852909857172912 0.69642857142857151
decision_type=8 10 2 10 2 2 2 2 2 2 10 10 2 10 2 2 2 2 2 2
left_child=1 2 3 -1 16 6 7 13 9 10 11 -3 -2 -4 -15 -11 -5 18 -17 -19
right_child=12 8 5 4 -6 -7 -8 -9 -10 15 -12 -13 -14 14 -16 17 -18 19 -20 -21
leaf_value=0.068175955824457055 -0.033981206363957767 0.014595028478007062 0.036667953938728751 0.019593262807420426 -0.0064636242582938033 0.046418892415906521 -0.014869409832369432 -0.015887680364745888 0.012697377874654888 0.023034129129528406 -0.059923381637386704 -0.025336610262870853 -0.072025837530202391 0.020062233963729439 -0.014449524221955525 0.037320263524789822 0.057757978058762011 -0.019235120505278886 -0.013582716038403678 0.0090734012339708063
leaf_weight=36.812737384811044 24.085464456351474 30.944490499794483 63.139642746187747 24.300571652129292 27.306296829134226 29.886145601049066 44.049785679206252 27.89366093929857 67.191274411045015 29.429648636840284 28.668228419497609 63.294571170583367 75.015060155885294 113.21131783630699 29.739272965118289 20.85810505412519 29.705881608650088 120.5234900964424 22.389036756008863 48.216423939913511
leaf_count=161 193 213 276 164 191 122 283 185 639 260 285 683 687 827 190 226 185 1176 191 416
internal_value=1.01901e-05 0.0072757 0.0210898 0.038377 0.024831 0.0144494 0.0110002 0.0158743 -0.00636445 -0.00988228 -0.0233812 -0.0122222 -0.0628154 0.0201782 0.0128776 -0.00300393 0.0406419 -0.00662657 0.010989 -0.011145
internal_weight=956.661 857.561 426.045 118.125 81.3128 307.92 278.034 233.984 431.515 364.324 122.907 94.2391 99.1005 206.09 142.951 241.417 54.0065 211.987 43.2471 168.74
internal_count=7553 6673 2584 701 540 1883 1761 1478 4089 3450 1181 896 880 1293 1017 2269 349 2009 417 1592
is_linear=0
shrinkage=0.0577119


Tree=5
num_leaves=21
num_cat=0
split_feature=18 29 20 12 21 14 6 27 13 14 16 5 6 23 12 20 20 23 12 12
split_gain=96.4291 23.8947 18.3087 11.7294 10.7131 9.83351 13.5566 13.3864 12.6801 9.79944 7.95843 7.95144 7.66992 14.6808 11.8982 13.6584 13.196 12.2265 8.14772 13.1251
threshold=7779.9999999999864 0.88333333333333341 2.3697968881917317 461.06498766919185 0.00044757550114216121 -0.0031777127058674015 1.5000000000000002 1.0009999999999997 0.018924159740913996 -0.0069342472256004274 1.2972629666385138 0.70833333333333348 14.500000000000002 0.23560861292924343 357.72916940654767 2.1860339642947193 0.12978678148864875 0.15187496015228905 150.62694312621932 209.00326982267441
decision_type=8 10 10 10 2 2 2 2 10 2 2 2 2 2 10 10 10 2 10 10
left_child=1 2 5 12 10 -1 -7 8 -8 -4 11 -2 14 -14 15 16 -3 -18 -17 -20
right_child=4 3 9 -5 -6 6 7 -9 -10 -11 -12 -13 13 -15 -16 18 17 -19 19 -21
leaf_value=-0.047595701832053992 -0.046635396393266658 0.030077172189098129 -0.032098392115710729 -0.010535551620515891 -0.070260465314181272 0.040858862980198724 0.0058229118688426264 -0.049755544946062026 -0.047366077101405862 0.011388254887097578 -0.065456087196838583 0.0066301030661178179 -0.0059654360253652526 0.042597397230623529 0.050994095608636041 0.057881664648574582 0.025544654539034619 -0.021237174186879006 -0.010485917060507529 0.041571632244850991
leaf_weight=32.682979250326753 17.692403675988317 49.851354923099279 19.116226740181446 53.443441921845078 53.462060821708292 14.20257626660168 64.699923541396856 33.074590779840946 19.319466082379222 171.07083750981838 17.930952453520149 19.617345671635121 87.015496110543609 27.131970186717808 43.711283444426954 32.816437186673284 26.618909021839499 61.325959504581988 25.026153363287449 45.152321171946824
leaf_count=339 169 260 176 258 542 144 812 392 205 1619 267 164 494 209 271 164 171 465 169 287
internal_value=-0.000834375 0.00604657 -0.0051777 0.0148392 -0.0518389 -0.0193047 -0.0122368 -0.0187013 -0.00643967 0.00700506 -0.0339325 -0.0186717 0.0182426 0.00559847 0.0233123 0.0182715 0.00638054 -0.00706583 0.0341619 0.0230153
internal_weight=914.963 806.26 354.167 452.093 108.703 163.98 131.297 117.094 84.0194 190.187 55.2407 37.3097 398.65 114.147 284.502 240.791 137.796 87.9449 102.995 70.1785
internal_count=7577 6435 3687 2748 1142 1892 1553 1409 1017 1795 600 333 2490 703 1787 1516 896 636 620 456
is_linear=0
shrinkage=0.0577119


Tree=6
num_leaves=21
num_cat=0
split_feature=10 9 16 6 25 16 26 16 12 18 25 29 25 10 27 15 27 27 19 10
split_gain=86.3961 28.5284 12.3435 11.5559 10.3701 13.5841 9.28718 6.5775 8.76332 14.5925 9.89513 9.55558 7.1082 6.29008 6.13348 7.37247 6.11379 6.02086 5.92967 10.0694
threshold=-0.59050087424379627 0.0027132509734862542 0.83696164055386635 10.500000000000002 -1232.8234660032324 1.213913991572438 3.8400000000000003 1.4512114433814063 207.99794627426735 790.75000000001012 -466.81630480164023 0.91666666666666685 -206.77177506006714 -0.0050677964475523011 0.85884999999999867 0.00071879573681972442 0.15000000000000394 0.050900000000003949 -5.477203549692276 0.048092017527342122
decision_type=10 10 2 2 10 2 2 2 10 10 10 10 10 10 2 2 2 2 10 10
left_child=16 2 3 -2 5 -3 7 8 10 18 11 14 -12 17 15 -6 -1 -7 -10 -20
right_child=1 4 -4 -5 6 13 -8 -9 9 -11 12 -13 -14 -15 -16 -17 -18 -19 19 -21
leaf_value=-0.033196274314958168 0.029996323835803251 -0.053623569595945289 0.048086610619819579 -0.0066626792087832462 -0.014062464045796263 0.044725010006436715 0.041633633002223946 0.029706839943710872 -0.020970573664407455 0.036945459590724511 -0.039042390047873798 0.034400446491756519 -0.0021353043653328341 -0.021643661722096592 -0.036406056600019755 0.023349183605282764 -0.068397566997745282 -0.011072656349905865 -0.00077104839837085668 0.040910948769914322
leaf_weight=23.50464425701648 69.566236701793969 27.055376089178026 54.700760943815112 48.594675249420106 47.705947181209922 12.946206265129151 18.76491364184767 24.082604171708226 38.018374235369265 41.589000976644456 51.130436520092189 21.867566651664674 26.334518569521606 30.252429370768368 19.743768498301506 27.641378715634346 56.677423021057621 12.685895154252647 170.24749679956585 21.691062747500837
leaf_count=234 306 283 222 227 466 201 174 205 237 489 500 182 288 367 241 269 632 154 1658 187
internal_value=-0.00116163 0.00481702 0.0254367 0.0149248 -0.00120876 -0.0201212 0.00187656 0.000347419 -0.00117459 0.00552151 -0.0105258 7.24725e-05 -0.0265122 -0.00384631 -0.00784299 -0.000326287 -0.0581234 0.0171571 -0.000172132 0.00395403
internal_weight=844.801 764.619 172.862 118.161 591.757 82.9399 508.817 490.052 465.97 271.546 194.424 116.959 77.465 55.8845 95.0911 75.3473 80.1821 25.6321 229.957 191.939
internal_count=7522 6656 755 533 5901 1005 4896 4722 4517 2571 1946 1158 788 722 976 735 866 355 2082 1845
is_linear=0
shrinkage=0.0577119


Tree=7
num_leaves=21
num_cat=0
split_feature=29 10 10 10 21 20 17 10 9 9 3 21 23 12 3 13 11 9 10 3
split_gain=77.2852 17.8078 21.2864 8.27312 12.0699 8.15142 6.77111 5.84944 8.02013 9.78921 8.28785 5.59582 5.89217 5.38929 4.46695 4.46633 4.42518 4.37494 7.24876 7.69485
threshold=0.58333333333333337 0.0054470398563234599 -0.00034137797127156455 0.00057142322953881942 0.033114975606799553 2.238609085701158 -0.3350000000000008 0.074310424485164464 0.0018629423957004395 0.0023725885011301033 0.037698412698412703 0.00044757550114216121 0.16468301965853885 227.41731679625295 0.53373015873015883 0.054052676572043275 317901.00000000006 0.0026037997508719145 -0.01907376288664462 0.87500000000000011
decision_type=10 10 10 10 2 8 2 10 10 10 2 2 2 10 2 10 2 10 10 2
left_child=11 2 16 6 5 14 -4 8 -3 -10 -11 12 -1 -9 -5 -12 17 -2 19 -19
right_child=1 7 3 4 -6 -7 -8 13 9 10 15 -13 -14 -15 -16 -17 -18 18 -20 -21
leaf_value=-0.015797763749531991 -0.0084343339292755407 -0.018703536787807621 -0.010943353542241704 -0.0051891476476713565 -0.058079541993479054 0.019082616332247705 -0.060653131379900124 0.013955671580523493 0.047894886113849199 0.043561826921580449 0.010478821025860476 -0.069721153176730388 -0.064161019267612765 0.047686358783130128 -0.046288185208717303 -0.016182044529479338 -0.013049488089570791 0.047135963523278764 0.0044432491711188377 0.0051351357483621768
leaf_weight=18.581443683244288 28.958496574312449 26.558520114049315 14.007610768545417 24.538153711240739 15.376762195490299 33.165735038928688 26.364939773455262 31.686534459702671 26.349743668921292 23.911292948760092 231.52301953919232 40.531008225400001 15.336625249590723 31.549556924030185 13.686611320823429 22.933044570498168 27.372836812399328 37.761282996274531 77.352642314508557 23.62666164431721
leaf_count=210 124 114 191 279 174 314 289 225 126 185 2339 544 182 187 173 295 293 321 762 192
internal_value=0.00071142 0.00652711 -0.00353823 -0.0219051 -0.0118415 -0.0018269 -0.0434643 0.0147471 0.011671 0.014323 0.0111319 -0.0552218 -0.0377688 0.0308252 -0.0199737 0.00807124 0.00843607 0.0119482 0.0162057 0.0310004
internal_weight=791.173 716.723 322.212 127.14 86.7673 71.3905 40.3726 394.512 331.276 304.717 278.367 74.4491 33.9181 63.2361 38.2248 254.456 195.072 167.699 138.741 61.3879
internal_count=7519 6583 3112 1420 940 766 480 3471 3059 2945 2819 936 392 412 452 2634 1692 1399 1275 513
is_linear=0
shrinkage=0.0577119


Tree=8
num_leaves=21
num_cat=0
split_feature=29 20 10 11 29 22 10 25 27 5 22 20 10 18 26 10 16 10 26 5
split_gain=48.8518 21.5924 13.444 9.01446 8.94728 12.7937 7.46599 8.35069 10.4563 6.43955 5.77827 6.25525 5.48702 5.72413 5.42481 12.6181 9.87902 6.09315 5.7248 5.30529
threshold=0.61666666666666681 2.3321189390622488 0.011219935055728552 245445.50000000003 0.88333333333333341 -0.0087945281942923264 0.019554641948178103 -130.21271735371496 0.70000000000000029 0.37896825396825401 0.0069224784753250121 3.6867074184886937 -0.0040002855987355266 3457.4999999999814 1.5400000000000011 -0.0050677964475523011 0.40199740561041114 0.0011113953468984779 1.9949999999999994 0.92261904761904778
decision_type=10 10 10 2 10 2 10 10 2 2 2 10 10 10 2 10 2 10 2 2
left_child=19 2 14 9 10 -6 -7 8 -8 -4 12 -12 -3 -14 16 -16 -2 -18 -17 -1
right_child=1 4 3 -5 5 6 7 -9 -10 -11 11 -13 13 -15 15 18 17 -19 -20 -21
leaf_value=-0.053579304664659766 0.025291329093211089 -0.017650618093051285 0.045622971779480333 -0.0063559604062788317 0.058907256284780218 0.00040608575273773075 0.074234038770682867 0.0043802110304599655 0.016917020167717321 0.0079554305667362598 0.0059668372137728519 0.051169472378514651 -0.00023242350750733219 0.039001819337844183 -0.0015788648750619525 -0.080333467332522571 -0.0031733502165878879 -0.031802124186531056 -0.035164883396079913 -0.012944635931537111
leaf_weight=62.104574604891241 21.156971716322005 47.99495134036988 22.880680138245225 102.73401672393084 27.084497587755322 60.268908794037998 20.241686964407563 29.653476088307798 22.302916561253369 44.4027617033571 28.978678300045431 15.677989478223024 69.302816736977547 14.99867453984916 29.279121578205377 14.461075902450828 47.590686332434416 51.600646756589413 26.937433914281428 13.008160655619575
leaf_count=825 244 460 160 904 175 408 145 168 177 315 370 193 780 168 250 179 499 611 315 187
internal_value=-0.00236828 0.00239551 -0.00740623 0.00439713 0.0129116 0.0228187 0.015408 0.0279154 0.0442779 0.0208054 0.00397185 0.0219021 -0.00208933 0.00677723 -0.0179095 -0.0305943 -0.0104437 -0.0180811 -0.0510702 -0.0465648
internal_weight=772.661 697.548 361.043 170.017 336.505 159.551 132.467 72.1981 42.5446 67.2834 176.953 44.6567 132.296 84.3015 191.026 70.6776 120.348 99.1913 41.3985 75.1127
internal_count=7533 6521 3477 1379 3044 1073 898 490 322 475 1971 563 1408 948 2098 744 1354 1110 494 1012
is_linear=0
shrinkage=0.0577119


Tree=9
num_leaves=21
num_cat=0
split_feature=18 7 12 28 10 26 7 14 15 19 8 28 4 14 14 5 19 7 7 10
split_gain=42.4697 17.3154 12.397 10.8217 10.583 9.94788 15.8711 9.92955 8.45057 8.36253 7.30648 8.50411 7.02831 7.29258 7.83295 7.13159 7.10264 6.60247 5.17398 4.5857
threshold=6421.5000000000337 0.20000000000000001 481.64004341379882 1.999755908724181 0.034660882364484565 1.7000000000000022 0.10000000000000007 0.0018762585244921802 -0.0016721057371065391 -3.1996487556211606 0.0018899492098817499 -0.96957466799067016 -0.03486013882273719 0.0033339926229381273 0.0020331529730119651 0.53769841269841279 -3.6701788583839288 0.14999999999999999 0.49999999999999989 0.070169792331964423
decision_type=8 10 10 2 10 2 10 2 2 10 10 2 10 2 2 2 10 10 10 10
left_child=1 2 4 -2 5 6 -1 9 -3 17 11 -6 18 14 15 -14 -15 -8 -10 -13
right_child=3 8 -4 -5 10 -7 7 -9 12 -11 -12 19 13 16 -16 -17 -18 -19 -20 -21
leaf_value=-0.030767016750006405 -0.046484258000352559 -0.020525016501708741 -0.016332437501380609 0.0083687594726719449 0.019145879492817288 0.028625176974511005 0.062377266013771054 -0.0095995359894820408 0.0082283065665520183 -0.0011407814754348842 0.0084041099826209897 0.073663638365096359 -0.021175720326769999 -0.017956144545340821 -0.045885304401660977 0.0082059173207058925 0.033486377466222149 0.018469624132679007 0.0472505533431841 0.038299080946971049
leaf_weight=36.309171696193516 69.686549369478598 75.855989476665854 38.211641232017428 14.431736764032392 34.156118340790272 70.77375334315002 23.208672223612666 40.353790692985058 38.172591140493751 24.161667193286121 30.620572376064956 25.572200068738312 49.899788375012577 13.044752229936419 18.089260529726744 61.139080606866628 28.025527794845402 22.560651170555502 16.038743215147406 24.023672237060964
leaf_count=240 1051 1006 226 204 186 526 179 337 454 223 195 185 651 126 227 683 366 158 165 145
internal_value=0.00155981 0.0064126 0.0147684 -0.0370732 0.0183542 0.0108696 0.00228576 0.0131832 -0.00388329 0.0263274 0.0325603 0.0413743 0.00174688 -0.00401828 -0.0107556 -0.00500273 0.0171415 0.0408067 0.0198279 0.056625
internal_weight=754.336 670.218 369.952 84.1183 331.74 217.368 146.594 110.285 300.266 69.931 114.373 83.752 224.41 170.198 129.128 111.039 41.0703 45.7693 54.2113 49.5959
internal_count=7533 6278 2600 1255 2374 1663 1137 897 3678 560 711 516 2672 2053 1561 1334 492 337 619 330
is_linear=0
shrinkage=0.0577119


Tree=10
num_leaves=21
num_cat=0
split_feature=20 10 20 15 25 3 5 10 7 15 7 9 17 12 0 5 4 16 5 5
split_gain=30.7332 17.4514 12.0587 10.1018 7.76049 6.65774 6.38291 6.191 7.72331 13.5475 10.8378 8.28435 14.4351 10.9691 11.4552 8.61839 6.34528 6.19678 8.292 5.93442
threshold=19.468423979612862 0.11603291587662611 3.5377498147805313 0.0023074554737387933 -817.9931593310622 0.51785714285714302 0.76785714285714302 -0.015222157822441641 0.39999999999999974 -0.00063807207023107557 0.27499999999999875 0.0049749447438646906 0.72999999999999876 198.39304504279519 -0.037053293807243974 0.31944444444444448 -0.046805434925849924 0.35999618826346963 0.30753968253968261 0.55753968253968267
decision_type=8 10 10 2 10 2 2 10 10 2 8 10 2 10 2 2 10 2 2 2
left_child=1 2 4 -2 5 -1 -7 -6 10 -10 11 13 16 -9 15 -15 -13 -18 -19 -4
right_child=3 -3 19 -5 7 6 -8 8 9 -11 -12 12 -14 14 -16 -17 17 18 -20 -21
leaf_value=0.012197917815210917 -0.053181842875109124 0.048861759589652859 0.032417676682295976 0.0015490215361191918 0.02969093161502136 -0.053068089890994694 -0.015143607037347339 0.01895979928286794 -0.025969167372826781 0.041306310812754703 -0.026848654286853745 0.053066565607936274 -0.041413111294036888 0.017843288971871998 -0.043452814210075623 -0.024440156273020999 0.050519046139253003 -0.020991084065520971 0.022347044502393859 0.0081935904683449259
leaf_weight=19.943508449010551 44.602801187662408 27.386852054856718 48.480070523917675 14.992851852905003 23.349375569261611 20.086648475844413 55.820773893035948 35.924755724146962 14.275531902443616 32.621271024923772 57.567242924589664 16.947340562008321 14.043484204914419 32.059998898766935 37.412224952597171 32.000843941234052 12.832389831077306 22.985786681063473 40.492038595955819 110.27985151251778
leaf_count=271 694 169 441 169 143 298 775 246 201 364 760 182 220 215 217 210 156 290 509 987
internal_value=0.000220602 0.00383527 0.00186277 -0.0394275 -0.00279676 -0.0174345 -0.025226 0.000972338 -0.000954225 0.0208159 -0.00433684 0.000965873 0.0129772 -0.00841575 -0.0181159 -0.00328144 0.0211974 0.0140701 0.00664567 0.0156041
internal_weight=714.106 654.51 627.123 59.5957 468.363 95.8509 75.9074 372.512 349.163 46.8968 302.266 244.699 107.301 137.398 101.473 64.0608 93.2576 76.3102 63.4778 158.76
internal_count=7517 6654 6485 863 5057 1344 1073 3713 3570 565 3005 2245 1357 888 642 425 1137 955 799 1428
is_linear=0
shrinkage=0.0577119


Tree=11
num_leaves=21
num_cat=0
split_feature=12 10 20 22 10 10 22 0 27 23 15 24 23 20 24 5 5 20 20 24
split_gain=27.25 24.4942 10.1232 7.05665 6.72375 8.66471 7.47884 6.54011 6.30446 6.1388 5.68434 5.50319 5.10571 4.84596 6.95546 5.04376 9.25984 4.81814 8.15672 4.50739
threshold=109.71758378870292 0.13693845077820058 1.9663572119246591 0.0022210468727251746 0.0066047939475230534 -0.0096682596798359794 0.0084776024455432992 0.41479157635212388 0.97440000000000115 0.15205475088603201 0.00051835650738009159 -0.030806975824909263 0.34333559255910567 2.3638382394552462 0.012487888747685362 0.43452380952380959 0.63293650793650802 3.5975325575018615e-16 0.50476638393899753 0.019819987546653709
decision_type=10 10 10 2 10 10 2 2 2 2 2 2 2 10 2 2 2 10 10 2
left_child=2 4 3 9 5 7 12 10 -8 -1 -2 -4 17 15 -15 -7 -17 -6 -19 -20
right_child=1 -3 11 -5 6 13 8 -9 -10 -11 -12 -13 -14 14 -16 16 -18 18 19 -21
leaf_value=0.0084489723057431625 0.03757738760922634 0.07258286712394027 -0.028876658233273306 -0.056463274160251098 -0.012904962737437209 -0.03583864529487802 0.040486794839287646 -0.0169051403647636 -0.0029011821773418894 -0.036406263679276282 -0.00038406147789474439 0.0088099809361193351 -0.026429857033530464 0.014050501976691927 -0.024340773195520287 0.013704925034791426 -0.032605204124394001 0.041831914185214848 0.010713083782081842 -0.012181503231092544
leaf_weight=15.063401983119546 33.013060802593827 17.444938512053341 19.920699306763709 33.961586843477562 34.829453811980784 38.615315333474427 39.328786947298795 18.766440036706626 15.537299020215867 30.966743948170915 21.775726466439664 36.301354588009417 16.325098637491465 44.024617332965136 24.340304427780211 29.452093675732613 27.957623566966504 24.004972756840289 139.1747133214958 35.9819192183204
leaf_count=226 249 115 249 495 217 613 376 181 182 423 191 383 212 504 221 336 373 158 1453 375
internal_value=-0.000197827 0.00542857 -0.023343 -0.036523 0.00326103 -0.00401008 0.00893008 0.0124444 0.0282117 -0.0217359 0.0225093 -0.00456349 0.00469569 -0.0113757 0.000367844 -0.0197308 -0.0088596 0.00687601 0.0103396 0.0060059
internal_weight=696.786 560.572 136.214 79.9917 543.127 237.945 305.182 73.5552 54.8661 46.0301 54.7888 56.2221 250.316 164.39 68.3649 96.025 57.4097 233.991 199.162 175.157
internal_count=7532 5756 1776 1144 5641 2668 2973 621 558 649 440 632 2415 2047 725 1322 709 2203 1986 1828
is_linear=0
shrinkage=0.0577119


Tree=12
num_leaves=21
num_cat=0
split_feature=7 10 29 23 2 2 19 6 19 12 6 1 0 10 0 25 10 23 7 20
split_gain=30.1207 11.2937 7.43493 5.69479 5.19352 6.95625 6.87947 9.8302 6.49449 6.31809 6.26314 5.06466 6.10169 5.75563 4.96503 5.97177 10.3883 5.44592 4.79501 4.70206
threshold=6.8500000000000005 0.090574604598940692 0.88333333333333341 0.32479573990069477 -0.077281483154721928 -0.096363823294189063 -3.2352160877415885 13.500000000000002 -2.7917309371577694 129.70041785810443 9.5000000000000018 -0.15798942170379662 -0.15367440847574063 0.014577500830175314 0.053442805693706193 -159.34346989497845 0.026091337201154512 0.1607085997060648 0.19999999999999954 2.8857382937869231
decision_type=8 10 10 2 2 2 10 2 8 10 2 2 2 10 2 10 10 2 10 10
left_child=1 2 4 11 5 9 18 10 -9 -1 -8 -4 13 -13 15 17 -17 -14 -6 -10
right_child=-2 -3 3 -5 6 -7 7 8 19 -11 -12 12 14 -15 -16 16 -18 -19 -20 -21
leaf_value=0.033951695349164555 -0.040389197621615754 0.036739869842514386 -0.018170399637401882 0.032961249105297144 0.036135246770195216 0.041307953936509254 -0.014533412561740986 -0.03484113408492482 0.0051767243295718079 -0.014671469209944615 -0.044929626635751008 -0.00068086409896333947 0.00024338381424389739 0.038522693189895645 0.014441048412209121 0.032539370682034885 -0.015276431747245012 -0.044730524586347117 -0.0010169660766411357 0.049513997118814365
leaf_weight=12.252600589767097 51.908801366342232 35.908651151228696 24.140939128119498 31.394010330550373 15.897406447678803 18.056170442141593 72.712071952410042 9.6838234397582692 28.135056350845844 31.903995068743825 32.765841742046177 18.343805786222219 17.1520457258448 38.840575512964278 86.162504153791815 27.596501820720732 33.315147972200066 18.70098947128281 41.914040823234245 11.049593067727981
leaf_count=173 854 284 196 319 165 271 1103 151 478 384 491 199 167 286 602 230 221 161 536 144
internal_value=0.0017678 0.00538437 0.00340403 0.00975248 -0.00343717 0.0112154 -0.00773697 -0.0140955 0.00729241 -0.00114004 -0.0240037 0.00698565 0.0095205 0.0259617 0.00437117 -0.00459884 0.0063995 -0.0232597 0.00923354 0.0177575
internal_weight=657.835 605.926 570.017 295.647 274.371 62.2128 212.158 154.346 48.8685 44.1566 105.478 264.253 240.112 57.1844 182.927 96.7647 60.9116 35.853 57.8114 39.1846
internal_count=7415 6561 6277 2381 3896 828 3068 2367 773 557 1594 2062 1866 485 1381 779 451 328 701 622
is_linear=0
shrinkage=0.0577119


Tree=13
num_leaves=21
num_cat=0
split_feature=8 19 14 0 12 8 0 6 5 12 14 23 12 14 12 29 22 25 28 14
split_gain=17.5525 10.3543 11.6595 8.3173 5.21665 4.7928 6.40866 4.71035 3.93501 3.92042 6.92863 6.45645 5.7379 5.17792 4.24924 4.98556 4.98481 8.08814 5.85287 5.67896
threshold=0.01689998316866826 -5.365305436607489 -0.0023881103437971289 -0.037053293807243974 217.48529250549365 0.0060100971606181124 0.070555840475300294 5.5000000000000009 0.31547619047619052 97.153256648297472 0.0051113182342144431 0.14619050536534642 151.62460576259346 0.0036471613029776351 403.84370840830292 0.95000000000000007 0.00031952419203051813 -699.87137058143753 -1.4147069845619669 -0.0027912568928169517
decision_type=8 10 2 2 10 10 2 2 2 10 2 2 10 2 10 10 2 10 2 2
left_child=1 2 -1 -2 -4 9 -7 -5 -6 11 13 -3 -12 14 15 16 17 -11 -18 -20
right_child=3 5 4 7 8 6 -8 -9 -10 10 12 -13 -14 -15 -16 -17 18 -19 19 -21
leaf_value=0.052652490251204685 -0.056694859472439921 0.042336641798460056 0.025086377605432971 0.021128195601545646 0.011822216630454872 -0.0049467593744498949 -0.042990884560541287 -0.027801414328862153 -0.020588248860065664 0.0023983850632654478 -0.051986274083777914 -0.0013308369862641771 -0.0075645023996822542 0.022449642953695774 0.013561481289201871 0.013004266085704911 -0.033771596841407694 -0.02990000579281292 -0.016373609270519864 0.015253309275210319
leaf_weight=24.148343496024609 25.79668320226483 18.30828744918108 32.368830487132072 9.645829032640906 24.480548310559243 49.440983649808913 20.956560093443841 20.040812606923282 25.282317018136382 42.883142272941768 15.499001074582337 29.13849516864866 25.703935420140624 32.823533887509257 51.035848467145115 44.028989921789616 14.177092374302445 64.76981802098453 26.66904068319127 64.460891745053232
leaf_count=181 486 157 219 150 131 640 274 364 204 599 187 333 313 346 470 288 189 757 388 836
internal_value=-0.00172764 0.00111774 0.0174691 -0.032773 0.00708196 -0.00236067 -0.0163096 -0.0118856 -0.00464866 -7.14911e-05 -0.00201588 0.01556 -0.0243454 0.000688169 -0.00163567 -0.00465739 -0.0083129 -0.0170409 0.000614728 0.00599034
internal_weight=661.659 606.176 106.28 55.4833 82.1317 499.896 70.3975 29.6866 49.7629 429.498 382.051 47.4468 41.2029 340.848 308.025 256.989 212.96 107.653 105.307 91.1299
internal_count=7512 6512 735 1000 554 5777 914 514 335 4863 4373 490 500 3873 3527 3057 2769 1356 1413 1224
is_linear=0
shrinkage=0.0577119


Tree=14
num_leaves=21
num_cat=0
split_feature=29 7 10 26 10 20 20 26 23 26 26 5 10 19 26 16 15 7 19 5
split_gain=15.8136 9.36884 8.80543 7.79642 7.35025 9.88913 6.77645 10.0717 6.2419 5.18501 7.71063 5.00256 3.80891 3.59283 7.02357 5.40034 5.80724 5.76651 4.3305 6.27784
threshold=0.68333333333333346 0.099999999999999936 -0.00067308375606014547 2.0649999999999982 0.13693845077820058 10.727395329526134 3.2022933009803767 0.27000000000000141 0.18712547605867727 2.8950000000000018 1.3600000000000023 0.70833333333333348 0.062442363807773384 -5.4125616485184622 0.6349999999999999 1.4882856680275702 -0.0019599343320584285 0.20000000000000001 -4.829903512725684 0.76785714285714302
decision_type=10 10 8 2 10 10 10 2 2 2 2 2 10 10 2 2 2 10 10 2
left_child=2 8 -1 -4 5 6 12 -8 -2 10 -9 -12 13 14 -3 16 17 -15 -18 -20
right_child=1 4 3 -5 -6 -7 7 9 -10 -11 11 -13 -14 15 -16 -17 18 -19 19 -21
leaf_value=0.0091616131547181696 0.0095939244742522592 -0.013353815445114809 -0.046622136627493413 -0.00090122280343892392 0.037497586447476222 -0.044328930397778459 0.04157568365380953 -0.0093667828768539303 0.052685172789068598 -0.021369273839814362 0.050314009564716752 0.0096074057470370219 -0.022414954170727405 0.0036775160541124203 0.033186724212985345 0.024654439634426577 -0.030198510370757752 -0.045046545957739083 -0.0043966634844001739 0.027425934028610859
leaf_weight=19.954393079504371 27.191854123491794 18.687785185407847 47.489457370713353 16.82307853596285 16.965381600894034 16.896598498336971 29.14032296044752 35.9216497275047 19.015710135456175 22.387531268410385 17.67369670746848 23.317790474742651 32.877342689782381 12.349840627983211 25.388609505258501 19.702024925500154 17.704584947787225 23.291719116736203 164.46201098710299 23.530020643956959
leaf_count=280 208 157 895 274 102 127 324 395 178 241 172 215 271 137 199 268 165 454 2130 250
internal_value=-0.00103967 0.00254947 -0.0242982 -0.0346799 0.000250964 -0.00106222 0.000512249 0.0117925 0.02739 0.00302492 0.0101417 0.0272248 -0.00377583 -0.0017617 0.0134634 -0.00433619 -0.00671072 -0.0281904 -0.00297885 -0.000403039
internal_weight=630.771 546.504 84.2669 64.3125 500.297 483.332 466.435 128.441 46.2076 99.3007 76.9131 40.9915 337.994 305.117 44.0764 261.04 241.338 35.6416 205.697 187.992
internal_count=7442 5993 1449 1169 5607 5505 5378 1347 386 1023 782 387 4031 3760 356 3404 3136 591 2545 2380
is_linear=0
shrinkage=0.0577119


Tree=15
num_leaves=21
num_cat=0
split_feature=19 9 10 12 16 7 6 14 10 28 12 15 19 7 11 28 12 11 7 7
split_gain=20.9604 17.3566 14.238 7.49454 8.51751 7.50189 7.24612 7.04695 6.99716 8.00532 6.72072 6.71936 7.61024 6.98713 6.2902 6.21554 6.05455 5.41937 5.5155 8.38598
threshold=3.1784930019122686 0.0027132509734862542 0.044832137489062195 186.63739959010394 1.4882856680275702 0.95000000000000018 9.5000000000000018 0.0018016136094507992 -0.033902031075928117 -0.32678553878566674 110.70108999664492 -0.0011204204741415344 -5.477203549692276 0.29999999999999943 257818.50000000003 -0.55232636623972053 77.807593856029257 400432.50000000006 0.34999999999999981 0.29999999999999943
decision_type=8 10 10 10 2 10 2 2 10 2 10 2 10 10 2 2 10 2 10 10
left_child=1 2 6 4 5 7 -1 14 -9 -10 16 13 -13 -5 -3 -2 -6 18 19 -14
right_child=15 3 -4 11 10 -7 -8 8 9 -11 -12 12 17 -15 -16 -17 -18 -19 -20 -21
leaf_value=0.024115768311470102 -0.061089854412141549 -0.03701915089951284 0.046903262030539655 0.031894944410470215 0.015624956583771528 -0.06083195061479605 -0.012557917618391227 0.038686816218704137 0.024943662741628733 -0.025413055104288918 0.037956364223933371 -0.02905641391139574 0.0084374751810001626 -0.016332254463552985 -0.0060736815912689089 -0.019416530201926237 -0.036319276740800904 -0.019938309202749506 0.031415257057185619 -0.037798141980434775
leaf_weight=36.520927026867867 20.036284040426835 50.276130300480872 47.391371146775782 46.005619870964438 17.901904744561765 11.850683066062627 35.128116567153484 13.365015142597256 15.751033556647597 31.243343071546406 18.568240419495851 27.236823427025229 105.84183769067749 12.722880408167837 38.765641617123038 29.573203565785661 12.710713992360978 27.216056189034134 27.334026059601456 14.823907010257242
leaf_count=190 373 722 317 506 215 144 190 113 223 423 282 212 1175 225 553 495 190 435 289 249
internal_value=-0.000321683 0.00270628 0.0223899 -0.00226481 -0.0103681 -0.0167788 0.00614 -0.013253 0.00196915 -0.00851913 0.0106421 0.00426473 -0.000722768 0.0214373 -0.0235653 -0.0363211 -0.00597806 0.00369231 0.00804695 0.00273519
internal_weight=640.264 590.654 119.04 471.614 210.433 161.252 71.649 149.401 60.3594 46.9944 49.1809 261.181 202.453 58.7285 89.0418 49.6095 30.6126 175.216 148 120.666
internal_count=7521 6653 697 5956 2865 2178 380 2034 759 646 687 3091 2360 731 1275 868 405 2148 1713 1424
is_linear=0
shrinkage=0.0577119


Tree=16
num_leaves=21
num_cat=0
split_feature=8 4 17 23 13 23 11 20 18 5 3 18 25 0 20 17 20 23 12 8
split_gain=13.75 3.47945 4.86425 3.61427 7.76108 3.19513 3.52651 6.1251 4.49831 5.57709 3.25443 3.48998 5.69501 4.93388 3.00129 7.3902 4.60832 7.3458 5.12781 4.1416
threshold=0.012916808046572291 -0.027004216857204496 -0.76500000000000046 0.15221979368207408 -0.01687513409529556 0.14042183250033233 196336.00000000003 3.0742855972978247 37.50000000001365 0.59325396825396837 0.1130952380952381 1702.5000000000075 -498.08658464532175 0.22451352853965914 0.79443258162433483 -0.87 1.8476746821567389 0.22712676989026345 255.73339643034976 0.0017177150884889441
decision_type=8 10 2 2 10 2 2 10 10 2 2 10 10 2 10 2 10 2 10 10
left_child=5 2 -2 4 -3 10 7 8 9 -7 -1 12 -12 -13 15 -8 17 18 -16 -18
right_child=1 3 -4 -5 -6 6 14 -9 -10 -11 11 13 -14 -15 16 -17 19 -19 -20 -21
leaf_value=0.018301593020539866 -0.037477899324153477 0.018594156408448966 0.026397432481821553 -0.05714703123367406 -0.055115167237616489 -0.064686086837353829 0.044104977922815036 0.011231783660067681 -0.00041475003196441736 -0.011990174757849057 -0.035269904604639746 -0.015531933462265113 -0.006383542136395394 0.024766186275308563 0.028831096141228498 0.0036614698358975622 0.011863081747736207 -0.032833009814452321 -0.014665359098015409 -0.0083895513982599739
leaf_weight=15.151543745771049 8.4385713846422714 8.6279670295771229 7.3602613990660748 19.795577709795907 10.437934392830355 12.756098378682511 21.165868939366192 30.852972643449903 18.886589595116675 14.075558410491793 32.552213950548321 20.026357556227595 75.127280010841787 20.294137392193079 17.314397361129522 51.666895146947354 135.78946483950131 28.694393549580127 18.690328585449606 44.623023684602231
leaf_count=147 179 194 153 408 190 159 170 273 294 178 308 237 756 278 224 459 1645 441 248 598
internal_value=-0.00302472 -0.0306261 -0.0077305 -0.0398963 -0.0218156 -0.000315141 0.00249393 -0.00861818 -0.0220124 -0.0371644 -0.00710625 -0.00971659 -0.0151368 0.00475728 0.00517191 0.0154517 0.00211287 -0.0110919 0.00626647 0.00685174
internal_weight=612.327 54.6603 15.7988 38.8615 19.0659 557.667 394.516 76.5712 45.7182 26.8317 163.152 148 107.679 40.3205 317.944 72.8328 245.112 64.6991 36.0047 180.412
internal_count=7539 1124 332 792 384 6415 4689 904 631 337 1726 1579 1064 515 3785 629 3156 913 472 2243
is_linear=0
shrinkage=0.0577119


Tree=17
num_leaves=21
num_cat=0
split_feature=12 11 27 8 22 26 11 2 23 8 8 8 24 27 17 8 8 17 18 18
split_gain=14.8273 5.35878 2.84982 2.21176 4.78983 3.63688 3.49804 3.39586 3.25975 5.06014 7.69485 4.42233 2.26943 2.15868 2.15676 5.27281 3.70159 2.03537 4.27533 13.5918
threshold=666.92720465470882 193675.00000000003 0.15000000000000394 0.0038164705480165273 0.0034434627606372285 1.6750000000000018 220336.00000000003 -0.038316344655771988 0.098581375347274028 0.0021740892066168505 0.0015881946103294216 0.0010791780528026397 -0.0029044973904938649 0.89999999999999958 0.1449999999999996 0.0092942902218735319 0.0083075129361128101 -0.60499999999999854 2023.5000000000221 878.00000000002194
decision_type=8 2 2 10 2 2 2 2 2 10 10 10 2 2 2 10 10 2 10 10
left_child=3 -2 -3 8 5 14 -6 -8 -1 10 11 17 -11 -4 15 -5 -16 18 19 -10
right_child=1 2 13 4 6 -7 7 -9 9 12 -12 -13 -14 -15 16 -17 -18 -19 -20 -21
leaf_value=-0.020596349177748847 0.0095422575372912481 -0.014885225920088474 -0.067135702299213604 -0.026654209018078558 -0.042033913784326166 -0.015901106762393657 0.010867675795930939 -0.031379390769109276 0.0076285119835233254 0.011628229580668134 -0.036106962043933329 0.037035929725248246 0.039490075827900657 -0.032627818477715557 0.041665067128511472 0.027056026034102301 0.00078413352794713621 0.0015841777867134346 -0.0091810226444351186 0.068080757176618614
leaf_weight=15.39370600832626 8.5511321141384524 9.8500790458638203 13.686033883364873 12.107005427591504 14.545169466175137 19.774004026781768 15.171870625577865 10.76501185167581 91.393968445947394 18.834482499398291 14.938103439286349 14.629585115239022 20.319042386487126 11.287487446796147 16.402325580827895 12.08362055942416 13.368626708630471 239.92734886333346 28.939414137043059 14.256070018745957
leaf_count=129 158 178 300 166 188 287 213 188 1107 154 100 79 172 221 174 157 190 2805 429 168
internal_value=0.00118922 -0.0313121 -0.041346 0.00365436 -0.0035291 0.00522723 -0.0194596 -0.00670552 0.00544385 0.00635203 0.00442951 0.00599296 0.0261412 -0.0516974 0.0129836 0.000171426 0.0233624 0.0047724 0.0104508 0.0158322
internal_weight=616.224 43.3747 34.8236 572.849 114.218 73.7356 40.4821 25.9369 458.632 443.238 404.084 389.146 39.1535 24.9735 53.9616 24.1906 29.771 374.517 134.589 105.65
internal_count=7563 857 699 6706 1563 974 589 401 5143 5014 4688 4588 326 521 687 323 364 4509 1704 1275
is_linear=0
shrinkage=0.0577119


Tree=18
num_leaves=21
num_cat=0
split_feature=19 10 15 15 13 19 27 24 15 19 15 15 3 25 10 19 25 23 0 1
split_gain=14.018 9.64038 6.64087 5.6086 5.54811 4.27767 6.60516 5.76533 4.99727 7.11776 11.1658 4.87952 4.87048 6.8275 4.82037 4.72367 7.87594 5.30449 4.99483 4.67378
threshold=3.1784930019122686 0.074310424485164464 0.00064388175418905573 0.00023259034141672388 -0.10796045223370902 -3.223280154110999 -0.54999999999999882 -0.030806975824909263 -0.0011423508456702696 -2.8772769579060906 0.00018495001396222913 -0.0015150321746340196 0.56944444444444453 -479.6569361095253 -0.011861584613948333 -5.4399756597036637 -264.74257837944737 0.13580510318715225 0.0096009463533928158 -0.067988175969396589
decision_type=8 10 2 2 8 10 2 2 2 10 2 2 2 10 10 10 10 2 2 2
left_child=1 4 -2 -3 -1 7 -7 -6 -8 -10 -11 -9 13 -12 -13 -16 17 -17 -19 -18
right_child=2 3 -4 -5 5 6 8 11 9 10 12 14 -14 -15 15 16 19 18 -20 -21
leaf_value=-0.018103434700731252 -0.05349086949485525 0.00914656221590332 -0.0089274696915396991 0.050283656633169214 0.033767890518085542 0.021712959609860721 -0.023399219330967162 0.01817237758933344 -0.033624157216447917 0.030012436947165152 0.034873455666967645 -0.025134604304209732 -0.027040723939352369 -0.014221940095997469 -0.015056689803796276 -0.034633106975557562 0.045074327583857862 -0.012867417334047244 0.030768251965586576 0.010090441268217169
leaf_weight=56.977818329352885 23.532993492903188 26.028214931022376 21.16589379357174 19.155311552807689 22.782421226147562 26.697675712872297 55.59174169623293 55.272865762235597 20.635147339198738 35.020456318277866 14.602390287909655 24.621325786691159 30.734888862352818 26.313951594755054 37.513648689724505 16.046949660172686 21.616396990604699 21.022246915381402 14.832058276049791 30.915513772750273
leaf_count=629 517 233 373 168 228 339 983 570 322 465 204 183 441 379 307 153 237 271 184 364
internal_value=-0.00138086 0.00111894 -0.0324452 0.0266469 -0.00114104 0.000989329 -0.00505988 0.00617275 -0.00897628 -0.00266656 0.00334183 0.00332716 -0.0097113 0.00333084 -0.00160473 0.0024878 0.0087977 -0.00714184 0.0052091 0.0245347
internal_weight=601.08 556.381 44.6989 45.1835 511.197 454.22 209.596 244.623 182.899 127.307 106.672 221.841 71.6512 40.9163 166.568 141.947 104.433 51.9013 35.8543 52.5319
internal_count=7550 6660 890 401 6259 5630 3133 2497 2794 1811 1489 2269 1024 583 1699 1516 1209 608 455 601
is_linear=0
shrinkage=0.0577119


Tree=19
num_leaves=21
num_cat=0
split_feature=29 10 10 28 28 3 28 29 19 12 22 26 25 26 10 5 24 25 3 10
split_gain=11.6239 7.97793 5.35594 4.53011 4.01362 3.77046 3.76533 4.19383 4.88806 4.0454 3.98084 4.3843 4.13261 3.39214 6.12473 4.86788 4.56356 5.40871 5.3848 4.50441
threshold=0.58333333333333337 -0.12806691503314721 0.13693845077820058 -0.22278538303613385 2.3489779815851399 0.74801587301587313 0.72604738013180115 0.95000000000000007 -4.6993901314237645 431.82309301584252 -0.0076165283781075557 1.1599999999999986 -817.9931593310622 0.24499999999999925 0.013259913825614934 0.22420634920634921 0.024594071986870029 -652.2991524075361 0.16468253968253971 0.052390749608564137
decision_type=10 10 10 2 2 2 2 10 10 10 2 2 10 2 10 2 2 10 2 10
left_child=3 -2 4 -1 6 -5 9 8 -8 13 -10 12 -12 -3 16 19 18 -18 -15 -16
right_child=1 2 -4 5 -6 -7 7 -9 10 -11 11 -13 -14 14 15 -17 17 -19 -20 -21
leaf_value=-0.049689223845833581 0.036577139320057822 -0.013078320495317793 0.035884935848285698 0.0065216403122894647 -0.025224652079001313 -0.042507622748400364 -0.025386630039932367 0.033133616707047675 -0.011440353320375079 0.014778018628500603 -0.017519774193558442 0.041654317879804559 0.026522805200623459 -0.0471661262356739 0.010297549063621278 0.018603414847571144 -0.012108919207699336 0.040541477478195094 -0.0074464037991449055 -0.030727917786817962
leaf_weight=17.663902022643015 24.160517217591405 74.708829871378839 15.662254960276185 14.797359155956658 17.708836130332202 7.9779706662520757 13.640436558052896 24.769022683147341 17.042806555051357 53.957965033361688 13.017799325753002 19.917158400639892 15.409580256789924 12.590786732733248 21.37085810652934 80.745723687577993 12.525591815588998 13.356770861428229 111.26099622482434 15.175011388491837
leaf_count=463 195 1139 125 287 219 191 100 130 331 460 169 244 178 262 285 859 175 146 1430 135
internal_value=0.00202584 0.00419641 0.00272275 -0.0278187 0.0017129 -0.0107372 0.00267204 0.0124509 0.00594015 0.000104617 0.0124999 0.0209466 0.00635813 -0.00221485 0.000827171 0.0106991 -0.00690671 0.015099 -0.0115131 -0.00676469
internal_weight=597.46 557.021 532.86 40.4392 517.198 22.7753 499.489 103.797 79.0278 395.693 65.3873 48.3445 28.4274 341.735 267.026 117.292 149.734 25.8824 123.852 36.5459
internal_count=7523 6582 6387 941 6262 478 6043 1152 1022 4891 922 591 347 4431 3292 1279 2013 321 1692 420
is_linear=0
shrinkage=0.0577119


Tree=20
num_leaves=21
num_cat=0
split_feature=9 21 9 19 0 18 18 15 11 19 15 26 17 6 9 18 15 18 6 11
split_gain=15.4066 7.72617 6.35642 5.54935 4.38633 4.7706 8.85229 4.45313 6.28916 5.80128 5.19035 8.02805 4.22371 4.1645 4.41423 6.61695 5.01725 4.3031 3.91037 9.46851
threshold=0.0092176420448151931 0.042510558568296226 0.001801803103250387 -3.3877657315040559 0.4934652165557924 383.00000000001734 74.749999999997286 -5.3558412198883375e-05 225991.50000000003 -4.1030895888517582 0.0010509725597505732 1.1250000000000002 -0.34499999999999881 5.5000000000000009 0.007893377789669212 1116.7500000000257 -0.0013608036018180091 2380.7500000000086 14.500000000000002 270212.00000000006
decision_type=8 2 10 8 2 10 10 2 2 10 2 2 2 2 10 10 2 10 2 2
left_child=2 3 -1 12 5 6 7 -4 10 -10 -9 -12 -2 17 15 -15 -17 -7 -5 -20
right_child=1 -3 4 18 -6 13 -8 8 9 -11 11 -13 -14 14 -16 16 -18 -19 19 -21
leaf_value=0.025573044383307691 -0.025407663801809217 0.027205029181068797 0.011585583871024695 -0.032708158934256097 -0.019381111540958645 -0.02677139347181719 -0.042890291450188613 -0.047840027899634256 0.026761033951292989 -0.0063016458145231996 -0.03684599701274667 0.014967932847790343 0.019812920865258498 0.064984620860329662 -0.0054419394022810598 -0.010505968644129008 0.03389960370863581 0.021201728522209189 0.0086399861397129501 -0.058540343148249185
leaf_weight=45.096150232246146 11.020427397452297 12.538248187862335 110.06358300126158 79.427581690135412 27.776410458609462 13.176602390129121 14.747474183328448 14.981204030569641 29.204794944729656 44.521448286250234 17.858680446399376 22.318101101089269 18.010853790910915 14.025775807909666 13.792099864687769 12.928805162198836 24.332003720337529 11.665441110264508 25.72027346631512 9.504992791451512
leaf_count=273 162 246 1167 1580 269 206 166 202 253 533 219 183 266 189 220 183 314 177 469 234
internal_value=-0.000665137 -0.016116 0.00513213 -0.0199101 0.00264484 0.00442973 0.000379407 0.00306387 -0.00421531 0.00680875 -0.0189408 -0.00808844 0.00262068 0.0158453 0.0235113 0.0312958 0.0184995 -0.00424406 -0.0256139 -0.00957646
internal_weight=572.711 156.222 416.489 143.684 371.392 343.616 253.695 238.948 128.884 73.7262 55.158 40.1768 29.0313 89.9207 65.0787 51.2866 37.2608 24.842 114.653 35.2253
internal_count=7511 2957 4554 2711 4281 4012 2723 2557 1390 786 604 402 428 1289 906 686 497 383 2283 703
is_linear=0
shrinkage=0.0577119


Tree=21
num_leaves=21
num_cat=0
split_feature=10 10 26 8 3 15 20 2 20 28 22 26 27 28 29 23 20 15 22 15
split_gain=10.3253 10.5859 6.69082 4.55461 7.7166 4.94684 4.46585 5.20967 4.34329 5.34789 6.24261 4.33323 3.63835 4.1047 4.72383 4.51078 3.46062 5.26619 5.79916 3.9966
threshold=0.010732815568439445 -0.0096682596798359794 1.0349999999999986 0.00482346348953716 0.78769841269841279 0.0025275987344424264 1.9439907131066372 0.01141927322778913 6.2149134327613078 -0.42472409340375888 0.00022337736485145146 -0.2499999999999982 0.35000000000000325 -1.0662304963818523 0.91666666666666685 0.15835867426942199 1.3100017587118491 -0.0010657156825335497 0.0029689287467734586 0.00040399477244036386
decision_type=10 8 2 10 2 2 10 2 10 2 2 2 2 2 10 2 10 2 2 2
left_child=1 -1 3 4 5 6 -3 -8 9 11 -11 -2 -13 -14 15 -15 -4 -18 19 -19
right_child=8 2 16 -5 -6 -7 7 -9 -10 10 -12 12 13 14 -16 -17 17 18 -20 -21
leaf_value=0.0075409188045037637 -0.0073152128171670395 -0.023479224691062964 -0.037880543458413164 0.023703316436872301 -0.052875431656663564 0.029410159132514376 0.030190387484477926 -0.020121603201059195 0.033404704461840184 0.011380917934925988 -0.022071080195894023 0.038423275153338286 -0.0010174834002852232 0.02952980395429685 0.038179138955628772 -0.023870326443251887 -0.038905687129115983 -0.048426607018159346 0.015230949474189527 -0.0081644418401992536
leaf_weight=105.79127845354378 29.777372061973438 33.144260248634964 38.765750910621136 16.846835512202233 11.497656646650283 13.408142628148196 15.385114761302249 12.236105893738566 20.70503915566951 34.239607409574091 40.443349858745933 22.02759525179863 41.925544830039144 10.276282374514269 29.644659461919218 10.644176878035067 25.579930814448744 12.346635401016099 22.777501286007464 24.357306319288909
leaf_count=1036 332 676 713 283 190 193 257 152 202 463 470 202 464 132 275 193 440 155 340 330
internal_value=-0.000937886 -0.0075252 -0.0145676 -0.00365663 -0.00905517 -0.00221142 -0.00922012 0.00790488 0.00818938 0.00579337 -0.00673733 0.0122797 0.0173773 0.0123349 0.0233921 0.00236787 -0.0235918 -0.0170492 -0.00760832 -0.0217869
internal_weight=571.82 332.137 226.345 102.518 85.6713 74.1736 60.7655 27.6212 239.684 218.979 74.683 144.296 114.518 92.4907 50.5651 20.9205 123.827 85.0614 59.4814 36.7039
internal_count=7498 4765 3729 1751 1468 1278 1085 409 2733 2531 933 1598 1266 1064 600 325 1978 1265 825 485
is_linear=0
shrinkage=0.0577119


Tree=22
num_leaves=21
num_cat=0
split_feature=7 7 24 27 10 16 6 21 17 23 25 5 21 27 16 7 12 12 25 6
split_gain=7.40916 9.68723 6.49614 6.84828 6.04273 7.62173 5.60261 4.1632 3.9455 5.78432 5.05698 4.64019 4.5211 3.8887 4.85647 3.88134 3.8435 3.83779 5.58066 4.87343
threshold=0.27499999999999875 0.34999999999999981 -0.010966922669824129 0.750000000000001 0.040498018532330357 0.43984367493657284 5.5000000000000009 0.010294819818728708 -0.054999999999999709 0.13123453441476687 -51.867883903313093 0.76785714285714302 0.010294819818728708 0.0099999999999997886 0.41768261016966596 0.29999999999999993 160.27861375917118 55.097085648070397 -1438.3112300721007 14.500000000000002
decision_type=8 10 2 2 10 2 2 2 2 2 10 2 2 2 2 10 8 10 10 2
left_child=4 2 6 15 8 -6 -2 -7 9 -1 11 12 -10 -11 -15 16 -4 -3 19 -19
right_child=1 17 3 -5 5 7 -8 -9 10 13 -12 -13 -14 14 -16 -17 -18 18 -20 -21
leaf_value=0.030182994517942111 0.035825265827211586 0.030405912707480845 0.0012789325065667833 -0.0088563000240467656 -0.010502302713253133 0.048012606647754155 -0.017017488175287313 0.01756774211451104 0.021771205425931677 0.029958350275502591 -0.039793694090559009 -0.019771915223106319 -0.0092626233646979101 0.023947901003038487 -0.0096311598805588657 -0.07099624141597459 -0.045528550412844572 -0.054968773882460721 0.0058432155000459375 -0.00077554091985302591
leaf_weight=30.011836317367852 10.503211288712921 14.987671427894382 7.9364528716541853 30.146584566682577 21.566443459596485 24.14184118853882 18.050939887529239 39.59412934188731 32.815085854846984 13.719411119818686 13.532218895852564 32.710460361093283 29.727715064305812 17.832399309612811 71.957478371681646 13.060394436120985 21.979054258670658 10.455421087564902 88.464911191724241 11.638388273306189
leaf_count=355 161 136 121 688 171 205 341 435 436 142 148 279 405 206 870 193 539 239 1362 177
internal_value=0.000364963 -0.00764124 -0.0208753 -0.0299826 0.00591873 0.0191211 0.0024622 0.0291471 0.0012657 0.00791121 -0.00688974 -0.00218458 0.00702564 0.00143428 -0.00294574 -0.0447557 -0.0331371 0.0030823 -0.000640197 -0.0265321
internal_weight=554.832 227.223 101.677 73.1225 327.609 85.3024 28.5542 63.736 242.307 133.521 108.785 95.2533 62.5428 103.509 89.7899 42.9759 29.9155 125.546 110.559 22.0938
internal_count=7609 3957 2043 1541 3652 811 502 640 2841 1573 1268 1120 841 1218 1076 853 660 1914 1778 416
is_linear=0
shrinkage=0.0577119


Tree=23
num_leaves=21
num_cat=0
split_feature=7 7 14 4 17 6 8 7 25 7 7 14 17 17 10 11 8 7 6 2
split_gain=6.93486 6.72011 7.05001 5.7267 6.97082 5.94379 4.70005 4.56058 4.36343 7.91397 9.14537 7.7063 6.17132 6.10006 5.17288 5.21759 4.42932 5.59059 3.94043 4.84269
threshold=0.10000000000000007 0.14999999999999999 -0.00022420648067598598 -0.0095046508005771618 -0.42500000000000066 7.5000000000000009 0.0018104493852113038 0.15000000000000011 -808.68020669031819 0.34999999999999981 0.29999999999999993 0.0043124869273760257 -0.069999999999999382 1.9200000000000019 0.00097071017438824772 245445.50000000003 0.0054703954539541506 0.19999999999999987 12.500000000000002 0.082684272575385256
decision_type=10 10 2 10 2 2 8 10 10 10 8 2 2 2 10 2 10 10 2 2
left_child=3 2 -2 5 -5 -1 -7 -3 18 10 12 -11 16 14 -14 -16 17 -10 -9 -20
right_child=1 7 -4 4 -6 6 -8 8 9 11 -12 -13 13 -15 15 -17 -18 -19 19 -21
leaf_value=-0.054737273703277176 0.036314608558369522 -0.025909790539801664 0.0030777271980259877 0.028846325159311698 -0.012540885818374901 0.0019948373025221438 -0.041540375312525933 -0.017866339124759364 0.051641681251964382 0.013484615158014059 -0.042798070259115917 0.065220420971055321 -0.049567344429114639 0.026284236588762215 0.020149557887082541 -0.025987588525375693 -0.012133252895024847 0.01145218866112181 0.012883902388747032 -0.02988195193301409
leaf_weight=16.990681777242571 37.52743739914149 21.90570243797265 48.941978179384023 18.432547712232918 50.526689684018493 23.404504095902666 12.674316517077385 60.485552465775982 15.997758140088989 46.019329274073243 15.405658095842226 12.059134983457623 13.296901095192878 12.332830071914939 13.748168855905531 19.857211973983794 15.291067721322177 41.018971510929987 41.192242006305605 11.135705969296394
leaf_count=241 349 179 545 181 697 176 282 1075 195 701 290 137 198 121 226 336 280 612 625 149
internal_value=-0.000305654 0.00316757 0.0175239 -0.0124317 -0.00145608 -0.0266679 -0.0133542 -0.000489253 0.00126851 0.00628394 -0.000846682 0.0243037 0.00408876 -0.00971396 -0.0192105 -0.00710648 0.0153957 0.0227871 -0.00784359 0.00374929
internal_weight=548.244 426.216 86.4694 122.029 68.9592 53.0695 36.0788 339.746 317.841 205.027 146.949 58.0785 131.543 59.2351 46.9023 33.6054 72.3078 57.0167 112.814 52.3279
internal_count=7595 6018 894 1577 878 699 458 5124 4945 3096 2258 838 1968 881 760 562 1087 807 1849 774
is_linear=0
shrinkage=0.0577119


Tree=24
num_leaves=21
num_cat=0
split_feature=25 6 6 20 25 18 18 0 25 6 0 18 23 29 1 5 20 14 0 14
split_gain=7.12866 4.22441 2.30369 4.25054 6.31943 2.5279 7.24165 6.4378 6.37573 5.6813 5.15718 6.21532 5.76787 4.09275 6.37261 5.6513 4.80913 4.88666 4.64802 4.27501
threshold=-2967.8510258362762 6.5000000000000009 1.5000000000000002 3.3816869282121211 -364.25863816843787 1758.999999999982 2144.0000000000196 0.22451352853965914 -1111.9082569069512 14.500000000000002 0.17987960467205757 4118.7499999999745 0.15101570456720795 0.88333333333333341 -0.027478206257210477 0.32341269841269848 1.5696587837968639 0.0021712812793269255 0.11466870508132644 0.00087736496385050825
decision_type=10 2 2 10 10 10 10 2 10 2 2 10 2 10 2 2 10 2 2 2
left_child=1 -1 3 4 -2 7 -7 13 -9 -10 12 -12 -8 14 15 -4 -17 -18 19 -15
right_child=2 -3 5 -5 -6 6 10 8 9 -11 11 -13 -14 18 -16 16 17 -19 -20 -21
leaf_value=0.0007840370102871314 0.020663266812861777 -0.038766676997642587 -0.018094088591273275 -0.041180365116984231 -0.028113663697038715 0.052475949824105986 -0.041492829841133755 0.012131898938527645 -0.013223200700433884 -0.054972973388283018 0.048760918112280775 -0.00039689662826181631 0.0055459692191467229 0.011174480893009108 -0.02518126310447517 0.049645047053441207 -0.014560949009187137 0.032387246288566006 0.030576317004132731 -0.0067063713346845969
leaf_weight=13.317079765954984 18.551641546655443 27.579733654856682 24.604102085344493 12.853653261903672 16.764574951957915 11.187978981528429 14.015967667102812 16.420422609429806 27.52383201289922 17.933079274836928 13.66323277633637 22.728219126351178 22.556425172369927 101.85717388591729 41.22597971255891 10.848523271270095 17.691975581226874 12.554289704188703 23.563937703613192 79.005444778129458
leaf_count=285 232 659 455 155 222 149 234 206 251 144 180 377 475 1043 743 149 375 207 194 828
internal_value=-0.00275766 -0.0259091 -0.000880791 -0.0128745 -0.00249941 0.000384155 0.00941507 -0.00165335 -0.018643 -0.0297639 0.0027605 0.0181233 -0.0125297 0.00172673 -0.00741841 0.00374329 0.01683 0.0049565 0.00651162 0.00336358
internal_weight=546.447 40.8968 505.55 48.1699 35.3162 457.381 84.1518 373.229 61.8773 45.4569 72.9638 36.3915 36.5724 311.351 106.925 65.6989 41.0948 30.2463 204.427 180.863
internal_count=7563 944 6619 609 454 6010 1415 4595 601 395 1266 557 709 3994 1929 1186 731 582 2065 1871
is_linear=0
shrinkage=0.0577119


Tree=25
num_leaves=21
num_cat=0
split_feature=9 15 15 0 13 29 0 20 20 22 14 28 22 7 13 20 20 15 7 29
split_gain=5.63999 5.42609 8.81975 9.91727 5.18286 5.08964 6.55795 3.21814 6.04221 4.6781 4.42337 7.24178 4.89754 3.47902 5.63529 3.61951 4.35556 3.24272 5.85194 6.2406
threshold=0.01201737130432313 0.0033063142879553808 0.0020359929715125708 0.4934652165557924 -0.0968085048622742 0.95000000000000007 -0.0092569410339783924 0.98001605913002143 1.4859151978448624 0.0011985972435256678 0.00072172270552862538 -0.54046954510871614 0.00071026738305413073 0.60000000000000109 0.0023199653683040338 1.6978757274221576 2.2599805440221741 0.00023259034141672388 0.14999999999999999 0.8500000000000002
decision_type=8 2 2 2 10 10 2 10 10 2 2 2 2 10 8 10 10 2 10 10
left_child=4 2 3 -2 5 6 -1 10 9 -9 12 -12 -6 15 -15 -10 -17 -18 -19 -20
right_child=1 -3 -4 -5 7 -7 -8 8 13 -11 11 -13 -14 14 -16 16 17 18 19 -21
leaf_value=-0.00087421114653939331 -0.02299852006410525 -0.05663315807907663 0.042197432472837811 0.047258254012456022 0.053802396240280763 0.010657791709517583 -0.046594528639803873 -0.047590990695801486 0.035418680748685517 0.0015994298237984584 0.022930134794344335 -0.023008709148061662 0.013223401093204124 0.059863517997625529 -0.0011564986368138041 -0.012266717974088051 -7.9019120229076529e-06 0.035741136178899652 0.022605908567330472 -0.015669312051477743
leaf_weight=21.714520171051845 58.602462336421013 8.1300745184998942 10.310098829213528 7.4768138932995489 17.122961380984634 23.466746331192553 20.074962085112929 12.715815619565548 11.966805920004843 12.9441667702049 28.301804699702188 19.055143143050373 23.546739018522203 10.043424214236436 10.027571488637479 49.306059497175738 101.63063041260466 30.032446881756186 29.49783609714359 27.18904416449368
leaf_count=255 1364 222 168 100 189 180 287 189 198 205 235 174 250 174 168 755 1336 327 451 309
internal_value=0.00162439 -0.0120439 -0.0072425 -0.0149998 0.00420131 -0.0108242 -0.0228871 0.00676084 0.00387154 -0.0228452 0.0164417 0.00443576 0.030383 0.00641993 0.0294892 0.00455574 0.00298983 0.00698774 0.0151799 0.00424972
internal_weight=533.156 84.5194 76.3894 66.0793 448.637 65.2562 41.7895 383.38 295.354 25.66 88.0266 47.3569 40.6697 269.694 20.071 249.623 237.656 188.35 86.7193 56.6869
internal_count=7536 1854 1632 1464 5682 722 542 4960 4112 394 848 409 439 3718 342 3376 3178 2423 1087 760
is_linear=0
shrinkage=0.0577119


Tree=26
num_leaves=21
num_cat=0
split_feature=19 9 25 25 5 19 29 5 17 12 4 12 12 12 21 9 21 17 21 0
split_gain=11.5976 4.28023 3.11743 5.02068 6.58813 8.44354 6.05749 4.57923 6.09721 6.19031 5.92202 4.54965 5.1851 6.23217 5.0768 4.29007 4.28827 5.06546 4.27109 4.31898
threshold=3.1784930019122686 0.001801803103250387 -918.83906420476671 -190.29256048056598 0.48214285714285721 -5.477203549692276 0.81666666666666676 0.01785714285714286 -0.67499999999999971 248.17374168439792 0.008465965447420622 291.04879106794459 138.36350981815909 159.45413885568863 0.0021354180562955798 0.007310806565056613 -0.012990970628983132 -1.0049999999999988 -0.0066473583597475008 0.10878904400204571
decision_type=8 10 10 10 2 10 10 2 2 10 10 10 10 10 2 10 2 2 2 2
left_child=1 -1 18 11 5 -5 -7 -8 -9 -10 -11 12 14 -14 -4 -13 -15 -18 19 -3
right_child=-2 2 3 4 -6 6 7 8 9 10 -12 15 13 16 -16 -17 17 -19 -20 -21
leaf_value=0.017558477879248965 -0.036130864700354481 -0.053451175759882855 0.0013765531014094834 -0.03979271732980217 -0.048063990440290937 -0.028260729306835135 0.036856972250904833 0.030971252985236647 0.024680510755888355 -0.040568762204466716 0.0051290571178391094 0.045707912926930098 -0.034125111564899488 0.019236907365123318 0.039756194516095231 0.0074259860332514804 0.017708431833281121 -0.014243599798866677 0.0056477297434325783 -0.013305787105811696
leaf_weight=39.97765652416274 32.398879973450676 10.825762070016934 25.944823275785893 18.854383447673172 12.593711409484966 17.987844853196293 15.458995908731593 18.149721186142415 14.162680129054932 20.811710478039458 17.2026695641689 16.511660472722724 19.440823008073494 31.567959611304104 20.525732736801729 23.757227207999676 22.498792291153222 61.576503560412675 31.467872100416571 49.799921336118132
leaf_count=238 862 245 311 181 125 373 139 247 211 272 230 164 264 348 292 338 347 900 580 791
internal_value=-0.00273538 -0.000517507 -0.00212952 0.000312863 -0.00844919 -0.00435121 0.00211284 0.00850333 0.00223436 -0.00779194 -0.0199191 0.00565572 0.0017586 -0.0039627 0.0183701 0.0231851 0.00112715 -0.00568318 -0.0115918 -0.0205373
internal_weight=521.515 489.116 449.139 357.045 135.222 122.628 103.774 85.7858 70.3268 52.1771 38.0144 221.824 181.555 135.084 46.4706 40.2689 115.643 84.0753 92.0936 60.6257
internal_count=7458 6596 6358 4742 1778 1653 1472 1099 960 713 502 2964 2462 1859 603 502 1595 1247 1616 1036
is_linear=0
shrinkage=0.0577119


end of trees

feature_importances:
iv_at_strike_minus_atmf_x_VIX_VIX9D_spread=45
leverage=31
rom_roll_skew_30d=29
rom_roll_std_30d=29
entry_bid_ask_spread=28
morning_spx_log_return=28
spx_252d_rv=25
gamma_x_morning_spx_rv_annualized=23
atmf_iv_30dte_percentile_252d=21
theta_x_atmf_iv_5dte_percentile_252d=21
days_until_next_pce=19
vix_curvature_9d_30d_3m=19
VIX_21d_pct_change=18
morning_spx_rv_annualized=16
gamma_x_dte=15
morning_gap_size=15
morning_vix_change=15
prior_day_strategy_drawdown_max_5d=15
vix_z_60d=15
win_rate_30d=15
spx_1d_returns=14
vix_front_curvature=14
jobless_claims=11
atmf_iv_1dte_percentile_252d=10
spx_10d_returns=10
spx_5d_returns=10
VIX_5d_pct_change=9
VVIX_5d_pct_change=8
atmf_iv_30dte_intraday_pct_change=6
morning_atmf_iv_pct_change=6

parameters:
[boosting: gbdt]
[objective: lambdarank]
[metric: ndcg]
[tree_learner: serial]
[device_type: cpu]
[data_sample_strategy: bagging]
[data: ]
[valid: ]
[num_iterations: 2000]
[learning_rate: 0.0577119]
[num_leaves: 21]
[num_threads: 4]
[seed: 20260828]
[deterministic: 1]
[force_col_wise: 0]
[force_row_wise: 0]
[histogram_pool_size: -1]
[max_depth: -1]
[min_data_in_leaf: 157]
[min_sum_hessian_in_leaf: 0.001]
[bagging_fraction: 0.654681]
[pos_bagging_fraction: 1]
[neg_bagging_fraction: 1]
[bagging_freq: 1]
[bagging_seed: 14791]
[bagging_by_query: 0]
[feature_fraction: 0.548347]
[feature_fraction_bynode: 1]
[feature_fraction_seed: 10223]
[extra_trees: 0]
[extra_seed: 6913]
[early_stopping_round: 0]
[early_stopping_min_delta: 0]
[first_metric_only: 0]
[max_delta_step: 0]
[lambda_l1: 0.00179625]
[lambda_l2: 0.0802081]
[linear_lambda: 0]
[min_gain_to_split: 0]
[drop_rate: 0.1]
[max_drop: 50]
[skip_drop: 0.5]
[xgboost_dart_mode: 0]
[uniform_drop: 0]
[drop_seed: 17684]
[top_rate: 0.2]
[other_rate: 0.1]
[min_data_per_group: 100]
[max_cat_threshold: 32]
[cat_l2: 10]
[cat_smooth: 10]
[max_cat_to_onehot: 4]
[top_k: 20]
[monotone_constraints: ]
[monotone_constraints_method: basic]
[monotone_penalty: 0]
[feature_contri: ]
[forcedsplits_filename: ]
[refit_decay_rate: 0.9]
[cegb_tradeoff: 1]
[cegb_penalty_split: 0]
[cegb_penalty_feature_lazy: ]
[cegb_penalty_feature_coupled: ]
[path_smooth: 0]
[interaction_constraints: ]
[verbosity: -1]
[saved_feature_importance_type: 0]
[use_quantized_grad: 0]
[num_grad_quant_bins: 4]
[quant_train_renew_leaf: 0]
[stochastic_rounding: 1]
[linear_tree: 0]
[max_bin: 255]
[max_bin_by_feature: ]
[min_data_in_bin: 3]
[bin_construct_sample_cnt: 200000]
[data_random_seed: 4785]
[is_enable_sparse: 1]
[enable_bundle: 1]
[use_missing: 1]
[zero_as_missing: 0]
[feature_pre_filter: 1]
[pre_partition: 0]
[two_round: 0]
[header: 0]
[label_column: ]
[weight_column: ]
[group_column: ]
[ignore_column: ]
[categorical_feature: ]
[forcedbins_filename: ]
[precise_float_parser: 0]
[parser_config_file: ]
[objective_seed: 7621]
[num_class: 1]
[is_unbalance: 0]
[scale_pos_weight: 1]
[sigmoid: 1]
[boost_from_average: 1]
[reg_sqrt: 0]
[alpha: 0.9]
[fair_c: 1]
[poisson_max_delta_step: 0.7]
[tweedie_variance_power: 1.5]
[lambdarank_truncation_level: 5]
[lambdarank_norm: 1]
[label_gain: 0,1,3,7,15]
[lambdarank_position_bias_regularization: 0]
[eval_at: 1,3]
[multi_error_top_k: 1]
[auc_mu_weights: ]
[num_machines: 1]
[local_listen_port: 12400]
[time_out: 120]
[machine_list_filename: ]
[machines: ]
[gpu_platform_id: -1]
[gpu_device_id: -1]
[gpu_device_id_list: ]
[gpu_use_dp: 0]
[num_gpu: 1]

end of parameters

pandas_categorical:[]
