tree
version=v4
num_class=1
num_tree_per_iteration=1
label_index=0
max_feature_idx=4
objective=lambdarank
feature_names=theta vega entry_bid_ask_spread_pct iv_to_spot_change_ratio_1dte_close rom_roll_std_30d
feature_infos=[-7697.42948726533:-96.192032199531141] [10.153572579096968:166.46298008069991] [0.0067796610169492486:1.9560439560439562] [-414863.02644383919:121344.18546477477] [7.1417041269969607e-17:19.770253581632318]
tree_sizes=2368 4278

Tree=0
num_leaves=23
num_cat=0
split_feature=1 1 1 2 4 4 4 4 2 1 4 1 2 2 2 4 1 1 4 2 1 1
split_gain=214.155 20.4315 14.6463 3.89957 2.60333 2.05654 0.889896 0.713369 0.610816 0.497205 0.406398 0.248348 0.493587 1.30864 0.546267 0.107399 0.0699023 0.0314004 0.0296417 0.0208297 0.00541025 0.000324145
threshold=75.016418461220937 51.181837892018045 101.53111890033557 0.12786919610103764 2.9515685833095571 0.72301026007532643 2.290384717272588 3.518358267307736 0.33249581239530995 18.101370365283127 5.242921090691639 58.523962718597119 0.057396262274311154 0.089674078586658587 0.072289156626506035 2.4821016395629854 53.409290217776743 70.686101755638802 4.4173857535883867 0.046511627906976737 63.484281678313131 66.93863232975211
decision_type=8 10 8 10 10 10 10 10 10 10 8 10 10 10 10 10 10 10 8 10 10 10
left_child=1 3 5 -1 -4 -2 -7 11 9 -5 -9 16 17 14 -14 -8 -3 19 -17 -13 -15 -22
right_child=2 7 4 8 -6 6 15 10 -10 -11 -12 12 13 20 -16 18 -18 -19 -20 -21 21 -23
leaf_value=0.051118623666380751 0 0 -0.066124953688403182 0.0071975998527491489 0 -0.036032505197495741 0 0.019103086604102773 0.003320803620528424 0.034933489015114796 0 0 0 0 -0.029945919351801336 -0.01257265914359707 0.0090176599397261137 0 0 0.0059954875354442279 0.0022387902796453226 0
leaf_weight=70.71497135842219 2.1425440562888971 2.9558106721378845 82.950764484005049 12.209797780960796 3.2405028573703012 28.93326015304774 3.2864205390214947 8.2929560840129817 10.904619534499941 52.510595991276205 4.7271493514999756 4.2256257268600148 5.5313959908671695 3.2457859832793456 6.572333175688982 13.385370666976083 6.3203629911877215 3.28624082589522 2.080609923112207 3.3475467897951603 2.5703499224036932 4.1669632284902036
leaf_count=1066 73 102 1490 84 118 986 117 308 107 664 171 147 192 100 206 502 258 121 96 124 90 116
internal_value=-0.00203645 0.0304459 -0.0508875 0.0403045 -0.0642883 -0.0254104 -0.0279699 0.00240616 0.0286762 0.0313361 0.012601 0 -0.00280501 -0.00819341 -0.0196566 -0.00977107 0.00615549 0 -0.0115106 0.003166 0 0.00138994
internal_weight=337.602 201.583 136.019 146.34 86.1913 49.8282 47.6857 55.2425 75.625 64.7204 13.0201 42.2224 32.9462 22.0868 12.1037 18.7524 9.27617 10.8594 15.466 7.57317 9.9831 6.73731
internal_count=7238 3856 3382 1921 1608 1774 1701 1935 855 748 479 1456 1096 704 398 715 360 392 598 271 306 206
is_linear=0
shrinkage=0.0501576


Tree=1
num_leaves=40
num_cat=0
split_feature=0 0 2 2 2 2 3 3 2 3 3 2 3 3 3 3 0 0 0 3 2 3 3 3 2 2 0 3 0 2 2 3 0 0 3 3 3 3 3
split_gain=568.07 102.23 23.6863 17.2676 11.1451 12.2468 9.33652 10.5385 8.37335 8.19811 7.32509 8.07224 7.58047 12.4338 6.90413 5.23431 4.25327 3.85891 4.34094 3.15965 2.94087 2.44879 4.49892 2.98692 2.04233 1.81353 2.00395 1.40827 8.8143 4.71085 3.47604 2.50044 9.07168 8.87064 6.61731 1.83768 1.34922 1.13516 5.6368
threshold=-217.8833632646315 -931.35550609994755 0.086956521739130474 0.5020325203252034 0.051282051282051273 0.19292803970223324 15.090098438680513 -45.879385871756931 0.19727575982209042 714.1451883947899 65.619234443489901 0.038502717838906346 -84.71604737187478 -196.80783144757473 -208.88000978258734 1624.8313242561992 -2217.8226758371238 -661.75358504882104 -562.60879682830011 51.160620762895704 0.23181157313172429 -32.74352613571552 -208.88000978258734 2.2625591502474598 0.12401586817210869 0.031250000000000062 -2485.5319709129876 -137.72002379790092 -546.36669756910874 0.13333333333333341 0.08462640248269282 55.156274386619621 -511.5725759983257 -572.31365374199322 168.55048909792265 114.63246871823087 -24.399003188559266 91.796716734622336 134.59690907283087
decision_type=8 10 10 8 10 10 8 10 10 10 10 10 10 10 10 10 10 10 8 8 10 8 8 10 10 10 10 8 10 10 10 10 10 10 10 8 10 10 8
left_child=1 2 10 -2 17 9 7 24 -9 27 11 12 13 -1 -7 -11 -13 21 -19 -18 -16 22 -3 -23 -4 26 -14 28 30 -30 -6 -29 33 -33 35 -34 -22 -12 -39
right_child=3 4 6 -5 5 14 -8 8 -10 15 37 16 25 -15 20 -17 19 18 -20 -21 36 23 -24 -25 -26 -27 -28 31 29 -31 -32 32 34 -35 -36 -37 -38 38 -40
leaf_value=-0.028406815068772288 -0.026279509742548321 0.0082922845194707984 -0.0067009988031470555 -0.072529110039855446 0.022193254062224142 -0.016183542767433209 -0.0067705420647017475 0.061946363209145809 0.00094414856583717292 -0.014538240423157978 -0.053070592046028903 -0.031870230164933164 0 0.044972516527246202 0.0017496217870643861 0.032167823184584464 0 0.04268857943626192 0 0.031017813374649515 0.0084017188489637403 0.02899782545472997 -0.033360596098230673 0 0.016679790022627171 -0.0077719833802304458 -0.035006330237554575 0.041452292947580488 0.04826479607010651 0.0059139376963560954 -0.0038846968156806246 0.022506770818481497 0.034974125834129476 -0.022768304812752972 0.064515792841220082 0.0013321224149198635 0.0377620495827296 0.00089304418670159717 -0.033854305142926734
leaf_weight=10.820549622178079 30.793975427746773 7.1269547156989574 16.36759914085269 230.43867459893227 19.386062391102314 15.305351224727927 25.360186085104942 24.240822032094002 11.988670799881218 14.204273767769338 11.557088427245615 9.322755999863146 6.5576479937881222 10.878394931554793 28.909809930250049 9.4537539705634099 109.08540691249073 14.365767657756804 14.008597850799562 8.9085997808724624 18.506762694567442 11.771000493317841 12.563734706491234 23.230311162769794 15.795679438859223 24.571725184097886 51.190328093245625 237.49017352610826 41.271132241934538 14.990175176411865 23.975970420986414 45.274160323664546 14.942777391523121 12.026432257145641 25.007367257028818 15.438051808625461 22.546962674707174 11.121856689453127 27.13474838621914
leaf_count=104 91 68 87 842 134 64 150 186 77 89 101 96 74 81 134 63 934 89 108 63 75 86 93 174 80 236 473 1045 197 69 121 243 52 70 126 74 111 85 193
internal_value=-0.0015058 0.0153671 -0.0052116 -0.0675065 0.0275444 0.030177 0.0161107 0.0260795 0.0447436 0.0334457 -0.0126958 -0.00829856 -0.0186431 0.0038375 0.0107747 2.20777e-05 0 0.00856135 0.0234847 0.00278608 0.0181759 0 -0.0132636 0.0086508 0.00167413 -0.0258016 -0.0316257 0.0349747 0.0254427 0.0388865 0.0055012 0.0373693 0.0277678 0.0111541 0.042958 0.0214038 0.0271659 -0.0308954 -0.0211683
internal_weight=1277.93 1016.7 374.902 261.233 641.796 558.729 93.753 68.3928 36.2295 473.46 281.149 231.335 104.019 21.6989 85.2689 23.658 127.317 83.0664 28.3744 117.994 69.9635 54.692 19.6907 35.0013 32.1633 82.3197 57.748 449.802 99.6233 56.2613 43.362 350.179 112.689 57.3006 55.3882 30.3808 41.0537 49.8137 38.2566
internal_count=7238 6305 3020 933 3285 2667 580 430 263 2283 2440 2061 968 185 384 152 1093 618 197 997 320 421 161 260 167 783 547 2131 521 266 255 1610 565 313 252 126 186 379 278
is_linear=0
shrinkage=0.0501576


end of trees

feature_importances:
iv_to_spot_change_ratio_1dte_close=19
entry_bid_ask_spread_pct=17
theta=9
vega=9
rom_roll_std_30d=7

parameters:
[boosting: gbdt]
[objective: lambdarank]
[metric: ndcg]
[tree_learner: serial]
[device_type: cpu]
[data_sample_strategy: bagging]
[data: ]
[valid: ]
[num_iterations: 2000]
[learning_rate: 0.0501576]
[num_leaves: 40]
[num_threads: 4]
[seed: 20260829]
[deterministic: 1]
[force_col_wise: 0]
[force_row_wise: 0]
[histogram_pool_size: -1]
[max_depth: -1]
[min_data_in_leaf: 58]
[min_sum_hessian_in_leaf: 0.001]
[bagging_fraction: 0.531775]
[pos_bagging_fraction: 1]
[neg_bagging_fraction: 1]
[bagging_freq: 8]
[bagging_seed: 25539]
[bagging_by_query: 0]
[feature_fraction: 0.582606]
[feature_fraction_bynode: 1]
[feature_fraction_seed: 1518]
[extra_trees: 0]
[extra_seed: 10840]
[early_stopping_round: 0]
[early_stopping_min_delta: 0]
[first_metric_only: 0]
[max_delta_step: 0]
[lambda_l1: 2.04358]
[lambda_l2: 0.307933]
[linear_lambda: 0]
[min_gain_to_split: 0]
[drop_rate: 0.1]
[max_drop: 50]
[skip_drop: 0.5]
[xgboost_dart_mode: 0]
[uniform_drop: 0]
[drop_seed: 2781]
[top_rate: 0.2]
[other_rate: 0.1]
[min_data_per_group: 100]
[max_cat_threshold: 32]
[cat_l2: 10]
[cat_smooth: 10]
[max_cat_to_onehot: 4]
[top_k: 20]
[monotone_constraints: ]
[monotone_constraints_method: basic]
[monotone_penalty: 0]
[feature_contri: ]
[forcedsplits_filename: ]
[refit_decay_rate: 0.9]
[cegb_tradeoff: 1]
[cegb_penalty_split: 0]
[cegb_penalty_feature_lazy: ]
[cegb_penalty_feature_coupled: ]
[path_smooth: 0]
[interaction_constraints: ]
[verbosity: -1]
[saved_feature_importance_type: 0]
[use_quantized_grad: 0]
[num_grad_quant_bins: 4]
[quant_train_renew_leaf: 0]
[stochastic_rounding: 1]
[linear_tree: 0]
[max_bin: 255]
[max_bin_by_feature: ]
[min_data_in_bin: 3]
[bin_construct_sample_cnt: 200000]
[data_random_seed: 4788]
[is_enable_sparse: 1]
[enable_bundle: 1]
[use_missing: 1]
[zero_as_missing: 0]
[feature_pre_filter: 1]
[pre_partition: 0]
[two_round: 0]
[header: 0]
[label_column: ]
[weight_column: ]
[group_column: ]
[ignore_column: ]
[categorical_feature: ]
[forcedbins_filename: ]
[precise_float_parser: 0]
[parser_config_file: ]
[objective_seed: 17936]
[num_class: 1]
[is_unbalance: 0]
[scale_pos_weight: 1]
[sigmoid: 1]
[boost_from_average: 1]
[reg_sqrt: 0]
[alpha: 0.9]
[fair_c: 1]
[poisson_max_delta_step: 0.7]
[tweedie_variance_power: 1.5]
[lambdarank_truncation_level: 5]
[lambdarank_norm: 1]
[label_gain: 0,1,3,7,15]
[lambdarank_position_bias_regularization: 0]
[eval_at: 1,3]
[multi_error_top_k: 1]
[auc_mu_weights: ]
[num_machines: 1]
[local_listen_port: 12400]
[time_out: 120]
[machine_list_filename: ]
[machines: ]
[gpu_platform_id: -1]
[gpu_device_id: -1]
[gpu_device_id_list: ]
[gpu_use_dp: 0]
[num_gpu: 1]

end of parameters

pandas_categorical:[]
