tree
version=v4
num_class=1
num_tree_per_iteration=1
label_index=0
max_feature_idx=33
objective=lambdarank
feature_names=VIX_21d_pct_change VIX_5d_pct_change VIX_VIX9D_ratio VVIX_5d_pct_change atmf_iv_10dte_intraday_range atmf_iv_1dte_percentile_252d atmf_iv_30dte_intraday_pct_change atmf_iv_30dte_percentile_252d days_until_next_pce entry_bid_ask_spread front_roll_yield gamma_x_dte gamma_x_morning_spx_rv_annualized iv_at_strike_minus_atmf_x_VIX_VIX9D_spread iv_term_slope_5d_30d jobless_claims leverage morning_atmf_iv_pct_change morning_spx_log_return morning_spx_range_pct morning_spx_rv_annualized morning_vix_change prior_day_strategy_drawdown_max_5d rom_roll_skew_30d rom_roll_std_30d spx_10d_returns spx_1d_returns spx_5d_returns theta theta_x_atmf_iv_5dte_percentile_252d vega vix_curvature_9d_30d_3m vix_z_60d win_rate_30d
feature_infos=[-0.52839210998206809:4.8438162544169607] [-0.42827256425582794:1.6965317919075145] [0.62891809908998986:1.5167853509664293] [-0.32030341620065339:0.70757303583246678] [0.0036813882916645474:0.2613707868372882] [0:0.99603174603174605] [-0.24318986529363051:0.74536575348065082] [0:0.99603174603174605] [0:44] [0.049999999999999822:29.899999999999999] [-6.7375000000000007:4.8832999999999984] [0:0.033556061189271305] [0.00050198565975699322:0.029708705204148592] [-6.5795764598266988:0.58289359397191487] [-0.50666580450779986:0.067287322754047196] [152144:6161268] [12.51586456957032:1073.1554712918908] [-0.33382759238393778:0.44486063275178811] [-0.029011813819852964:0.026209351931648178] [0.00081068192656181268:0.047613469070574892] [0.17917490989228085:8.150433863579746] [-17.640000000000001:24.859999999999999] [0:30374.000000000073] [-5.4772255750516701:5.0258428426019996] [7.1417041269969607e-17:19.770253581632318] [-0.23386323847009061:0.19052471618843292] [-0.11984050283657066:0.093827657101993367] [-0.1796662632195084:0.17397425583266291] [-7697.42948726533:-96.192032199531141] [-7575.2480668325461:0] [10.153572579096968:166.46298008069991] [-4.4899999999999949:17.299999999999997] [-2.0770891229405501:6.9859947436689716] [0.46666666666666667:1]
tree_sizes=2091 2073 2085 2084 2074 2086 2097 2050 2083 2077 2086 2090

Tree=0
num_leaves=18
num_cat=0
split_feature=30 12 30 28 12 14 30 12 30 32 28 5 28 24 14 24 13
split_gain=185.749 17.826 14.0707 8.93084 4.7874 3.64126 4.3587 3.16563 2.84619 2.24041 2.33784 2.10803 2.01908 2.00785 1.55151 1.44451 1.39626
threshold=69.288721999922615 0.0082307502898983764 95.358258426313995 -260.95740029669889 0.0051987353900088277 0.022929452855070174 16.970235368097391 0.0065935723135214291 57.06279565606912 2.2165203635883697 -658.1910715430198 0.85912698412698429 -565.60105882526466 1.6937922387155062e-16 -0.012527831980042646 0.78417266530768404 0.022796470696026073
decision_type=8 10 8 10 8 8 10 10 10 2 10 2 8 10 8 10 10
left_child=1 3 7 13 -4 6 -5 -2 16 10 -6 15 -10 -1 -11 -9 -3
right_child=2 8 4 5 9 -7 -8 11 12 14 -12 -13 -14 -15 -16 -17 -18
leaf_value=0.0020622559496135027 0.0017681639726200892 0.0095943204711276906 -0.0041851493263363529 -0.0067967798645635034 -0.034431991343055149 -0.0091183262070319068 0.016366344583922703 0.0026376613677825483 -0.011182006712600924 -0.011463502274429061 -0.003319692943473335 0.0031539942920168471 0.0056736604752147396 0.024935342421611949 0.0050537275916014441 -0.016120412896321348 -0.004799714495774484
leaf_weight=4.5916373180225483 12.33613682060968 12.206276102457197 7.6968521185917771 4.7510066591203239 72.245837598107755 5.7031303159892586 11.960670597851275 1.4041859321296204 14.23384188278578 2.5421074517071247 3.6962711166124782 3.077399098314344 2.5750046870671239 132.38319924240932 2.6059807380661359 33.955262819770724 2.2711333669722071
leaf_count=73 430 483 267 37 1286 50 121 52 514 59 113 141 85 2072 43 1148 68
internal_value=0.000316119 0.01807 -0.023631 0.0217256 -0.0301864 0.00379921 0.00966803 -0.00983719 -0.00109947 -0.0321021 -0.0333477 -0.0132813 -0.00762805 0.0243171 -0.00492809 -0.0150294 0.0064414
internal_weight=330.236 190.676 139.56 159.39 88.787 22.4148 16.7117 50.773 31.2863 81.0902 75.9421 38.4368 16.8088 136.975 5.14809 35.3594 14.4774
internal_count=7042 3503 3539 2353 1768 208 158 1771 1150 1501 1399 1341 599 2145 102 1200 551
is_linear=0
shrinkage=0.0280822


Tree=1
num_leaves=18
num_cat=0
split_feature=30 30 33 12 8 20 4 15 30 31 20 23 20 18 32 21 32
split_gain=642.227 114.84 67.9993 41.0994 17.7123 16.5363 16.652 16.2516 17.1318 23.18 15.7502 15.5732 15.0234 14.7305 14.4741 14.182 17.3222
threshold=95.358258426313995 51.894719195030945 0.61666666666666681 0.0092176420448151931 19.500000000000004 0.34516745436464213 0.010999054844114948 343044.50000000006 20.380527637660894 0.24499999999999925 0.41499115216913979 -3.1974905799290085 1.2656477456849731 -0.00089910410619982331 2.2165203635883697 0.58500000000000096 1.1394558481960442
decision_type=8 10 10 10 2 2 10 2 10 2 2 10 2 2 2 2 2
left_child=1 5 14 4 15 6 -1 8 9 -7 -4 -5 -13 -11 -2 16 -3
right_child=2 3 10 11 -6 7 -8 -9 -10 13 -12 12 -14 -15 -16 -17 -18
leaf_value=0.016133237371177701 -0.040480396553102031 0.005090742189325796 0.007984361603339922 0.0040367905078307178 0.028937533235189553 0.024462626725893759 -0.014596150955618233 0.028116025460481461 0.019221689820965431 0.010787814983440738 -0.016593870653260984 -0.020312503153491809 -2.1466554021736241e-05 -0.016523084864324401 -0.010056260485106742 -0.006200140497591369 0.030264448636060235
leaf_weight=21.7258510440588 237.52771004568785 159.89940913207829 20.778100682422519 45.052467683330178 20.427182367071509 21.523300409317017 19.726893428713083 162.40628549829125 383.14271615445614 19.191621579229832 100.55053621903062 91.72271073423326 40.775729477405548 32.99660163000226 18.982571050524712 61.952498342841864 18.762640299275517
leaf_count=76 785 1043 127 409 130 52 48 486 1295 42 803 753 300 75 53 444 121
internal_value=0.000768062 0.0116352 -0.0304754 0.000460724 0.00747659 0.0189669 0.00148907 0.0201046 0.016865 0.00398432 -0.0121655 -0.00973801 -0.0143972 -0.00637012 -0.038567 0.00486784 0.00880299
internal_weight=1477.14 1099.31 377.839 438.593 261.042 660.713 41.4527 619.261 456.854 73.7115 121.329 177.551 132.498 52.1882 256.51 240.615 178.662
internal_count=7042 5274 1768 3200 1738 2074 124 1950 1464 169 930 1462 1053 117 838 1608 1164
is_linear=0
shrinkage=0.0280822


Tree=2
num_leaves=18
num_cat=0
split_feature=30 30 23 33 28 12 0 12 32 12 15 24 12 15 30 32 13
split_gain=427.956 86.9307 49.3399 22.7634 26.4234 22.214 20.7549 16.9494 13.532 13.4904 11.8458 11.5387 11.1892 11.1413 9.84262 8.8811 7.22848
threshold=95.358258426313995 64.697840203802272 -3.0706881491432516 0.78333333333333355 -295.30438426825248 0.0045351004053118685 -0.040539144779809071 0.0092176420448151931 2.2165203635883697 0.0035404510244625913 201172.50000000003 2.6770096125974963 0.009378284707268222 261815.00000000003 23.086647622106508 1.4493657521660361 0.051245298612414288
decision_type=8 10 10 10 10 10 2 10 2 10 2 10 10 2 10 2 10
left_child=1 3 8 12 9 -4 10 13 -2 -5 -6 -9 -1 15 -11 -3 -12
right_child=2 7 5 4 6 -7 -8 11 -10 14 16 -13 -14 -15 -16 -17 -18
leaf_value=0.010632807739692713 -0.037010688212265865 -0.0083093439962608259 0.014898442913394601 0.023607273311088462 0.025337932045093096 -0.016049790991679719 -0.013898719578449256 -0.016238978273624961 -0.0070330709069614632 -0.0057586142162696042 0.0096510230302425965 0.0054249905489367201 -0.013575647918545675 0.010950352876248652 0.015219773789078822 0.012497931922456696 -0.015472463645244129
leaf_weight=20.193177480250597 197.16878595948219 69.602403525263071 17.615107258781791 262.28600437566638 20.665788676589727 72.206836612895131 33.633976839482784 86.455025944858789 16.739890273660421 15.11101523041725 13.640217378735544 20.579471774399281 26.839888779446483 60.426454789936543 289.72611278994009 13.742615226656197 8.8792064636945707
leaf_count=111 926 605 118 733 75 667 124 802 57 45 72 191 273 508 1614 98 23
internal_value=0.000821125 0.0101857 -0.0277785 0.0152847 0.016651 -0.00931763 0.00106438 -0.00389191 -0.0349733 0.0187207 0.0130604 -0.0119844 -0.00312851 0.00240707 0.014068 -0.00414938 -0.00155568
internal_weight=1245.51 941.781 303.731 690.975 643.942 89.8219 76.8192 250.806 213.909 567.123 43.1852 107.034 47.0331 143.771 304.837 83.345 22.5194
internal_count=7042 5274 1768 3070 2686 785 294 2204 983 2392 170 993 384 1211 1659 703 95
is_linear=0
shrinkage=0.0280822


Tree=3
num_leaves=18
num_cat=0
split_feature=30 30 12 12 28 14 12 2 17 17 8 29 3 28 25 23 18
split_gain=351.988 90.235 30.6378 17.5998 16.4192 12.1138 11.511 11.3291 10.7143 10.2526 9.89444 9.36028 10.5434 8.64663 8.03422 9.63496 11.1888
threshold=68.677878837707866 156.87205253019093 0.01201737130432313 0.0047044380108681024 -252.36854876617272 0.022929452855070174 0.0051987353900088277 1.2256073247804462 -0.1263893283497218 -0.057330728966937021 19.500000000000004 -260.89525979166325 -0.040237989429093783 -671.42694163432304 0.039348309006456701 -2.5179088662615894 0.0012883624228505622
decision_type=8 8 10 10 10 8 10 2 8 10 2 10 2 10 2 10 2
left_child=2 3 4 -2 6 9 -1 10 -3 -6 -5 12 -4 -9 15 16 -8
right_child=1 8 11 7 5 -7 14 13 -10 -11 -12 -13 -14 -15 -16 -17 -18
leaf_value=0.019684069266329877 0.0061226495665975527 -0.0065265439211743921 0.0042636491811365732 -0.01515522104760845 -0.012674160065007016 -0.021791214946324015 0.02069189780781281 -0.0080444131742762239 -0.036522490034658669 0.016429433275806003 0.0079932185052701502 0.010901784077425175 -0.023074067713132456 0.01836832919678217 -0.0051917529006674902 -4.3101439857017657e-05 0.0040474060652748523
leaf_weight=379.09111059829593 51.294435099232942 13.813756300136445 14.705751058645545 188.27892130520195 8.154167613014577 9.1868945918977243 100.638059402816 14.515737699344756 148.93104060273618 20.98820334952325 11.340762021020053 11.586300613358615 22.232020772993565 11.319190237671135 18.687190217897296 38.893660488538444 51.345004763454199
leaf_count=1386 386 54 135 1989 50 46 668 180 760 92 118 108 257 94 135 266 318
internal_value=0.00119059 -0.0181988 0.0138658 -0.00806229 0.0155249 -0.00192612 0.0166727 -0.0113836 -0.034365 0.00736121 -0.0136036 -0.00679196 -0.0132364 0.00496429 0.0107503 0.0124481 0.0155105
internal_weight=1115 439.494 675.508 276.749 626.984 38.3293 588.655 225.455 162.745 29.1424 199.62 48.5241 36.9378 25.8349 209.564 190.877 151.983
internal_count=7042 3581 3461 2767 2961 188 2773 2381 814 142 2107 500 392 274 1387 1252 986
is_linear=0
shrinkage=0.0280822


Tree=4
num_leaves=18
num_cat=0
split_feature=30 30 33 28 2 19 9 16 17 24 28 28 2 23 3 16 28
split_gain=283.508 71.9727 17.782 16.2066 10.5294 11.1466 10.3636 10.7472 10.3422 10.025 9.31892 14.1042 14.7586 10.8925 10.8348 7.44654 9.1537
threshold=68.677878837707866 156.87205253019093 0.78333333333333355 -230.59133511703399 1.2256073247804462 0.0025392364803444368 0.14999999999999999 481.64004341379882 -0.1263893283497218 2.9580692925526497 -446.78175509720671 -432.69701675769528 1.0252915314806981 -1.1068744318198851 0.055786167066619659 145.36209897097686 -927.36590742285568
decision_type=8 8 10 10 2 2 10 10 8 10 10 10 2 10 2 10 10
left_child=2 4 -1 6 9 -6 10 15 -3 -2 -4 -12 -13 14 -14 -8 -17
right_child=1 8 3 -5 5 -7 7 -9 -10 -11 11 12 13 -15 -16 16 -18
leaf_value=-0.0026096759235341728 -0.01295860125863835 -0.0057819957018368168 0.023870830046828558 -0.0065906973744587283 0.018774463040743618 -0.009237657290389379 0.018942234902711897 -0.011658803174232128 -0.035048383964272033 0.0010830549592456245 -0.01364848241227608 -0.0071163383356659931 0.027185996647083634 0.00074254982246960469 -0.00036580321184167159 -0.0027542976446261391 0.011694738497077861
leaf_weight=50.556559732183814 172.32622284535319 13.736552080139516 160.72194620780647 23.954747885465622 16.855562892742459 14.908177340403197 82.202456045895815 10.431593492627142 127.80809937510639 50.089539826847613 9.4602315947413427 16.497160401195288 69.52709268592298 21.806162007153034 12.872908011078833 42.607661265879869 132.82500337297097
leaf_count=508 1852 54 743 137 139 205 454 36 760 571 35 60 264 86 49 329 760
internal_value=0.00141776 -0.0170493 0.0130175 0.0143901 -0.00771317 0.00631454 0.0153632 0.0108506 -0.0326305 -0.00985587 0.0191579 0.0123905 0.0150894 0.0188466 0.0231827 0.0120565 0.00820851
internal_weight=1029.19 395.724 633.464 582.907 254.18 31.7637 558.952 268.067 141.545 222.416 290.886 130.164 120.703 104.206 82.4 257.635 175.433
internal_count=7042 3581 3461 2953 2767 344 2816 1579 814 2423 1237 494 459 399 313 1543 1089
is_linear=0
shrinkage=0.0280822


Tree=5
num_leaves=18
num_cat=0
split_feature=30 12 12 30 13 16 30 12 32 30 31 14 32 16 3 12 14
split_gain=239.558 51.3562 27.7531 19.7675 14.7783 14.2829 14.0682 11.0476 11.0065 8.07947 17.2294 8.4659 7.69725 7.27072 7.61833 7.1216 7.00691
threshold=95.358258426313995 0.0082307502898983764 0.0051987353900088277 57.06279565606912 0.022796470696026073 520.05136826227817 67.721948859007639 0.0039093405879974501 -1.207100564530978 20.380527637660894 0.24499999999999925 -0.00058738702786048636 2.2165203635883697 398.27537304122842 -0.047300450115235697 0.0035404510244625913 -0.012527831980042646
decision_type=8 10 8 10 10 10 10 10 2 10 2 8 2 10 2 10 8
left_child=1 5 -2 4 8 6 9 -7 -3 10 -1 -12 -4 14 -5 -11 -14
right_child=2 3 12 13 -6 7 -8 -9 -10 15 11 -13 16 -15 -16 -17 -18
leaf_value=0.022066392645903057 0.00075168891051216309 -0.010691734332064291 -0.029702724466371001 -0.0010593875468928864 -0.015962783821590033 -0.021288958691960649 0.0028062617128988714 0.010043342628029561 0.018769879674534275 0.021365772989254544 -0.019071476030386843 0.0065091617054020773 -0.018878655715079184 0.0078560633402384034 -0.016797084080190327 0.012825423914224258 0.0094655045215096441
leaf_weight=17.078541630879045 29.94171058665961 7.2807855438441029 171.42411431763321 35.82177774887532 9.9155529998242837 11.179827362298967 78.017438065260649 11.115078635513781 47.888512919191271 198.82867200486362 16.260820144787431 13.082726756110789 6.0089501403272152 11.2693086983636 76.509265769273043 212.20759681798518 7.950439512729643
leaf_count=69 267 61 1399 476 68 36 851 46 422 779 61 74 59 121 970 1240 43
internal_value=0.00143063 0.00898054 -0.0241847 -0.00357858 0.00836246 0.0132227 0.014147 -0.00698159 0.0140826 0.0160056 0.00410345 -0.00859258 -0.0280968 -0.0099889 -0.0121519 0.0172539 -0.00494002
internal_weight=961.781 746.456 215.325 188.685 65.0849 557.771 535.476 22.2949 55.1693 457.458 46.4221 29.3435 185.384 123.6 112.331 411.036 13.9594
internal_count=7042 5274 1768 2118 551 3156 3074 82 483 2223 204 135 1501 1567 1446 2019 102
is_linear=0
shrinkage=0.0280822


Tree=6
num_leaves=18
num_cat=0
split_feature=12 12 23 28 33 23 4 21 7 21 16 27 4 28 11 1 28
split_gain=196.109 34.6649 33.3757 16.0616 15.2459 13.3151 13.0584 10.3747 9.51942 8.48693 11.2831 8.06176 7.49007 9.71222 8.91802 7.83083 6.53293
threshold=0.011398850805624637 0.0035404510244625913 -2.3266627326550795 -369.50464943068096 0.8500000000000002 -1.1068744318198851 0.020479739351480165 4.2250000000000005 0.94246031746031755 -0.95999999999999897 160.27861375917118 -0.0024743312663341728 0.0097073848117082851 -450.47355489267596 0.0034294039932936714 -0.0059366816205625441 -710.61128669454149
decision_type=8 10 8 10 10 10 10 2 2 2 8 2 10 10 10 2 10
left_child=1 3 9 -1 8 6 -5 -4 -3 11 -11 -2 -6 14 -14 -15 -12
right_child=2 4 7 5 12 -7 -8 -9 -10 10 16 -13 13 15 -16 -17 -18
leaf_value=0.020829944884274528 -0.010366736512242559 -0.005694646560023991 -0.02951925009526294 0.019470307336414919 0.017981823173601339 -0.011559216399686514 -0.0095075753970121652 0.0056999796761795897 0.01001466652487216 0.012983898734510758 -0.02537191156206316 0.024230235144800976 0.01135066951006981 0.0052835951048959195 -0.0044198925199313687 -0.015677573320552977 -0.0019185602669299859
leaf_weight=190.35288026742637 3.1839555241167536 143.42158089578152 150.10164806153625 37.603237241506577 42.896600151434541 21.180928261950612 11.884676283225415 4.6224288209341458 31.233899919316173 9.1844781725667399 15.498061800375575 8.0693064201623184 140.60377883352339 22.465990768745542 30.76840814948082 21.201106885448098 18.343364881351594
leaf_count=813 46 1730 1241 169 333 114 52 35 303 123 178 88 1059 120 296 118 224
internal_value=0.00153815 0.00874066 -0.0218579 0.0166896 0.00374839 0.00463325 0.0121687 -0.0282546 -0.0025956 -0.00243893 -0.00819958 0.0141524 0.00800273 0.00549246 0.00844896 -0.00564352 -0.015239
internal_weight=902.616 693.613 209.003 261.022 432.591 70.6688 49.4879 154.724 174.655 54.2792 43.0259 11.2533 257.936 215.039 171.372 43.6671 33.8414
internal_count=7042 5107 1935 1148 3959 335 221 1276 2033 659 525 134 1926 1593 1355 238 402
is_linear=0
shrinkage=0.0280822


Tree=7
num_leaves=18
num_cat=0
split_feature=30 22 30 32 16 30 31 8 8 7 7 6 24 8 7 24 32
split_gain=188.37 42.0125 13.9408 12.5019 9.51737 9.75663 13.0183 9.46429 10.3502 9.39974 9.36247 8.88145 8.77549 7.46189 7.0022 11.5495 6.97093
threshold=68.677878837707866 8279.4999999999873 52.325280212295461 2.1450327438065551 474.04359286242817 20.380527637660894 0.76999999999999791 13.500000000000002 3.5000000000000004 0.65674603174603186 0.23611111111111113 -0.095896345049128348 5.2672553814414718 17.500000000000004 0.077380952380952397 3.0867251033720415 2.8163928987481208
decision_type=8 8 10 2 10 10 2 2 2 2 2 10 10 2 2 10 2
left_child=2 -2 4 -3 5 6 9 8 -4 -1 -10 -7 -12 -13 -6 -16 -5
right_child=1 3 7 16 14 11 -8 -9 10 -11 12 13 -14 -15 15 -17 -18
leaf_value=-0.0074885017921670488 -0.0069931363962460616 -0.030880098523832847 0.01164671180008553 0.011679970935208261 -0.015874535444400636 -0.0068611221704711822 -0.013275687389103187 0.013600366156881118 0.012812080693715745 0.023750478824963901 -0.015923469354787258 0.01948745741751054 0.011814320621101821 0.0070068303347258776 0.020237592944882404 -0.0096994437235639729 -0.016674647612668726
leaf_weight=7.271331503987315 200.00243341363966 108.72962122177705 23.480476666241884 8.101556138135491 7.9904351457953444 8.5609893351793271 17.959314504638314 37.542487936560065 8.3726900191977602 15.201848912052808 49.910019342787564 273.2094557499513 5.2771993130445471 56.49933459982276 14.629334753379228 13.02843509800732 5.2821915242820969
leaf_count=35 2599 876 230 51 43 70 96 480 88 62 514 1365 49 309 68 52 55
internal_value=0.00142845 -0.0153592 0.0115341 -0.0279082 0.0139822 0.0152649 0.0018315 0.00306617 -0.00215194 0.0142346 -0.00792813 0.016796 -0.0122018 0.0175463 5.47357e-05 0.00700524 -0.00136163
internal_weight=861.049 322.116 538.933 122.113 414.35 378.702 40.4325 124.583 87.0404 22.4732 63.5599 338.27 55.1872 329.709 35.6482 27.6578 13.3837
internal_count=7042 3581 3461 982 2100 1937 193 1361 881 97 651 1744 563 1674 163 120 106
is_linear=0
shrinkage=0.0280822


Tree=8
num_leaves=18
num_cat=0
split_feature=30 12 28 12 30 32 6 12 5 30 20 8 22 18 31 1 4
split_gain=144.357 33.0009 28.2276 23.3995 13.3923 11.2019 10.6494 9.75694 9.04272 8.36894 7.5203 7.35103 8.86884 7.20251 6.87859 13.0185 10.4986
threshold=66.527108672379285 0.01201737130432313 -219.99753005727865 0.0035404510244625913 23.536527239619868 2.3960621298635578 -0.024114097675023812 0.0044451156236723849 0.90674603174603186 42.999566115761603 1.5222280471224596 15.500000000000002 781.50000000000921 0.00032504201387111682 0.96499999999999997 -0.16053843263833092 0.033686885105422247
decision_type=8 8 10 10 10 2 10 10 2 10 2 2 10 2 2 2 10
left_child=2 7 3 14 -5 -3 9 -2 11 -6 -9 12 -8 -11 16 -16 -1
right_child=1 5 -4 4 6 -7 8 10 -10 13 -12 -13 -14 -15 15 -17 -18
leaf_value=0.015494006384754495 0.0060864699622812119 -0.02645079594789106 -0.02032787303100653 -0.019052840057990687 0.008568704959129753 0.0038081623731704649 0.01169218894009583 -0.01104056835831479 -0.0085489443998841876 -0.015524835790892772 0.0090507135680347496 0.02139805497518539 -0.0056766950415110002 0.0042777197872205137 -0.0071996210764351644 0.025536311035846686 -0.0062981693838124464
leaf_weight=71.786443961784244 35.703048381954432 127.63936145091429 17.238120447844267 9.872365575283764 32.735472163185477 8.5182392513379437 93.278731749858707 141.35179762309417 12.877349793910978 30.362281378358603 10.90059384331107 46.483805895783007 25.281850382685661 19.371870633214712 7.4144740365445605 103.70407261513174 17.998634047806263
leaf_count=304 335 1225 110 53 191 56 786 1936 99 287 160 375 275 222 42 438 67
internal_value=0.00010717 -0.0142442 0.0097014 0.0110898 0.00545736 -0.024454 0.00687511 -0.00621726 0.0106194 -0.00139221 -0.00925343 0.0124145 0.00786685 -0.00822226 0.0182134 0.0230389 0.010971
internal_weight=812.519 324.113 488.405 471.167 270.264 136.158 260.391 187.955 177.922 82.4696 152.252 165.044 118.561 49.7342 200.904 111.119 89.7851
internal_count=6961 3712 3249 3139 2288 1281 2235 2431 1535 700 2096 1436 1061 509 851 480 371
is_linear=0
shrinkage=0.0280822


Tree=9
num_leaves=18
num_cat=0
split_feature=30 30 28 32 28 15 6 24 24 1 10 25 23 6 30 30 17
split_gain=128.381 25.9852 22.5954 13.7475 12.7709 8.70354 8.95681 8.67814 8.1096 7.31571 7.0646 6.92957 6.71393 6.06187 5.6551 5.45318 6.27777
threshold=66.527108672379285 156.87205253019093 -209.04573632854371 2.2165203635883697 -934.61133041331561 172325.50000000003 -0.034031451779876813 1.9392086495264611 2.301362753572342 -0.16053843263833092 1.5624250000000004 0.067149687295876906 -2.5179088662615894 0.14763275678649115 21.170443580817388 44.515012003732842 -0.084916685339416195
decision_type=8 8 10 2 10 2 10 10 10 2 2 2 10 8 10 10 10
left_child=2 8 4 10 7 -6 9 -1 -2 -7 -3 -8 13 -9 -11 16 -16
right_child=1 3 -4 -5 5 6 11 12 -10 14 -12 -13 -14 -15 15 -17 -18
leaf_value=-0.011943410247175932 -0.012315575060595937 -0.030044052292393972 -0.021875703192910524 0.0051668642722963879 -0.0088901112663717329 -0.0097283130282451828 0.016964376947074866 0.012505079180124097 -0.0012390352997992001 -0.0063955341253394225 0.0022670548845113705 -0.0072909562591043737 -0.0081000130263395032 -0.010211847537591977 -0.0023706397291690358 -0.00042160557359317949 0.021308982161278519
leaf_weight=21.890660686418414 121.21863248664886 85.030133124440908 11.237544631585477 8.4348814617842418 9.4012638963758928 14.511557297781108 252.3450013124384 58.102102253586054 91.155846117995679 11.379902450367807 4.5701980702579013 5.8118635937571517 15.709074486047028 5.2551297806203356 9.3396419361233693 19.699449490755796 35.616839567199349
leaf_count=234 1710 714 87 47 53 94 1541 529 1206 44 35 30 193 43 36 194 171
internal_value=9.11166e-05 -0.0137455 0.00929512 -0.0252888 0.0103843 0.0128302 0.0135859 0.00142289 -0.00776177 0.00539347 -0.028338 0.0162322 0.0058205 0.00975999 0.00888154 0.0119558 0.0167163
internal_weight=780.71 310.41 470.3 98.0352 459.062 358.106 348.704 100.957 212.374 90.5474 89.6003 258.157 79.0663 63.3572 76.0358 64.6559 44.9565
internal_count=6961 3712 3249 796 3162 2163 2110 999 2916 539 749 1571 765 572 445 401 207
is_linear=0
shrinkage=0.0280822


Tree=10
num_leaves=18
num_cat=0
split_feature=28 12 9 32 23 18 33 8 13 14 8 31 23 18 8 6 10
split_gain=101.444 51.1777 14.7013 12.5435 11.8654 9.61901 9.56134 9.01623 7.86136 7.81274 7.42131 7.02457 6.43146 5.8223 5.55185 6.70741 5.47408
threshold=-209.04573632854371 0.0035404510244625913 0.15000000000000027 2.2165203635883697 -5.477203549692276 -0.0018025453132144425 0.88333333333333341 13.500000000000002 0.011628695388987118 0.015818945938013269 14.500000000000002 0.61500000000000032 -4.8044617196951185 0.0022551788713719907 15.500000000000002 0.02513080630381959 0.50003333333333344
decision_type=8 10 10 2 10 2 10 2 10 10 2 2 10 2 2 8 2
left_child=1 5 4 13 14 -1 -6 12 9 -9 11 -7 -4 -2 15 -3 -13
right_child=3 2 7 -5 6 10 -8 8 -10 -11 -12 16 -14 -15 -16 -17 -18
leaf_value=0.026269175464213007 -0.031215302673533743 -0.021983931216374583 0.0072371574921714157 0.0043628160276844323 -0.0020135669725173935 0.0041926991967060042 0.015655823714334004 0.0016373101032021674 0.012143855185775574 -0.017436393029342315 0.0021387175412323463 0.023713280089203381 -0.0095805965282135669 -0.0084645523792440027 0.0091143977895818146 0.0060010054749081981 0.0038595624910272362
leaf_weight=47.731040885671973 74.879779015667737 15.054622355848549 14.595393644645808 8.5141237750649434 32.042718037031591 37.623082371428609 74.362251335754991 66.481204205192626 31.886717178393155 15.094870280474423 52.069353366270661 57.427187535911798 178.7175945751369 17.5246989922598 5.3182766996324053 5.9740890152752462 17.164765954017639
leaf_count=239 686 86 177 47 338 182 583 839 388 201 232 285 2373 126 32 37 110
internal_value=0.000224887 0.00436163 -0.00114528 -0.0249939 0.00644363 0.0154485 0.0105325 -0.00450495 0.00171431 -0.00299873 0.0113339 0.0152071 -0.0080922 -0.0278298 -0.00875835 -0.0144858 0.019896
internal_weight=752.462 651.543 439.528 100.919 132.752 212.015 106.405 306.776 113.463 81.5761 164.284 112.215 193.313 92.4045 26.347 21.0287 74.592
internal_count=6961 6102 5054 859 1076 1048 921 3978 1428 1040 809 577 2550 812 155 123 395
is_linear=0
shrinkage=0.0280822


Tree=11
num_leaves=18
num_cat=0
split_feature=30 12 28 12 8 32 17 5 12 10 7 28 28 25 20 18 29
split_gain=110.601 22.1613 17.3128 14.1651 18.0771 9.92025 7.69852 7.51754 7.14948 7.0008 6.92903 10.7998 8.83893 6.59082 5.85321 5.54107 7.68675
threshold=66.527108672379285 0.010988194292493455 -209.04573632854371 0.0023725885011301033 18.500000000000004 2.2165203635883697 -0.16561147238522964 0.041666666666666671 0.0045351004053118685 0.59506750000000019 0.55357142857142871 -477.22194620196575 -934.61133041331561 0.047163367162424648 0.9021943986928177 0.00087548575240435861 -295.29111952026727
decision_type=8 8 10 10 2 2 10 2 10 2 2 10 10 2 2 2 10
left_child=2 8 3 4 7 6 -3 -1 -2 -8 13 12 14 -5 -12 16 -13
right_child=1 5 -4 10 -6 -7 9 -9 -10 -11 11 15 -14 -15 -16 -17 -18
leaf_value=-0.0040939089689375138 0.0051773752108042331 0.0049828683138462438 -0.020057848669692842 0.013190560160743868 -0.011818431000419273 0.0017087281520626225 -0.027824827415423616 0.025141960066152828 -0.0085356511088920707 -0.005098735405985236 -0.014052106019913198 -0.015936938670989245 0.011850523831879218 -0.0077343783681636889 0.003147621113859789 -0.02070540166673443 0.011284149472829387
leaf_weight=5.4520796276628962 33.545978401787579 4.7562260422855607 9.1268756128847581 134.02493440546095 8.8494467660784704 12.332661664113401 97.402179989032447 81.714382329955697 123.30865145241842 16.116628415882587 13.286988648585973 6.6038954462856081 91.289981934241951 8.3026276081800443 59.11904867971316 12.278113652020691 13.05304776877165
leaf_count=23 357 55 87 1075 49 85 1169 349 1870 176 166 26 659 48 628 67 72
internal_value=0.000356389 -0.013023 0.00910786 0.0100389 0.0193011 -0.0212979 -0.023667 0.0231291 -0.00549785 -0.0251012 0.00705887 0.00341958 0.00636829 0.0116506 -0.000972373 -0.0100656 0.000284023
internal_weight=730.564 287.462 443.101 433.975 96.0159 130.608 118.275 87.1665 156.855 113.519 337.959 195.631 163.696 142.328 72.406 31.9351 19.6569
internal_count=6961 3712 3249 3162 421 1485 1400 372 2227 1345 2741 1618 1453 1123 794 165 98
is_linear=0
shrinkage=0.0280822


end of trees

feature_importances:
vega=29
gamma_x_morning_spx_rv_annualized=24
theta=20
vix_z_60d=13
days_until_next_pce=10
rom_roll_skew_30d=9
rom_roll_std_30d=8
iv_term_slope_5d_30d=6
leverage=6
morning_spx_log_return=6
atmf_iv_30dte_intraday_pct_change=5
atmf_iv_30dte_percentile_252d=5
morning_atmf_iv_pct_change=5
morning_spx_rv_annualized=5
vix_curvature_9d_30d_3m=5
win_rate_30d=5
atmf_iv_10dte_intraday_range=4
iv_at_strike_minus_atmf_x_VIX_VIX9D_spread=4
jobless_claims=4
VIX_5d_pct_change=3
VIX_VIX9D_ratio=3
VVIX_5d_pct_change=3
atmf_iv_1dte_percentile_252d=3
front_roll_yield=3
morning_vix_change=3
spx_10d_returns=3
entry_bid_ask_spread=2
prior_day_strategy_drawdown_max_5d=2
theta_x_atmf_iv_5dte_percentile_252d=2
VIX_21d_pct_change=1
gamma_x_dte=1
morning_spx_range_pct=1
spx_5d_returns=1

parameters:
[boosting: gbdt]
[objective: lambdarank]
[metric: ndcg]
[tree_learner: serial]
[device_type: cpu]
[data_sample_strategy: bagging]
[data: ]
[valid: ]
[num_iterations: 2000]
[learning_rate: 0.0280822]
[num_leaves: 18]
[num_threads: 4]
[seed: 20260828]
[deterministic: 1]
[force_col_wise: 0]
[force_row_wise: 0]
[histogram_pool_size: -1]
[max_depth: -1]
[min_data_in_leaf: 33]
[min_sum_hessian_in_leaf: 0.001]
[bagging_fraction: 0.609751]
[pos_bagging_fraction: 1]
[neg_bagging_fraction: 1]
[bagging_freq: 8]
[bagging_seed: 14791]
[bagging_by_query: 0]
[feature_fraction: 0.743107]
[feature_fraction_bynode: 1]
[feature_fraction_seed: 10223]
[extra_trees: 0]
[extra_seed: 6913]
[early_stopping_round: 0]
[early_stopping_min_delta: 0]
[first_metric_only: 0]
[max_delta_step: 0]
[lambda_l1: 0.0423199]
[lambda_l2: 7.14534]
[linear_lambda: 0]
[min_gain_to_split: 0]
[drop_rate: 0.1]
[max_drop: 50]
[skip_drop: 0.5]
[xgboost_dart_mode: 0]
[uniform_drop: 0]
[drop_seed: 17684]
[top_rate: 0.2]
[other_rate: 0.1]
[min_data_per_group: 100]
[max_cat_threshold: 32]
[cat_l2: 10]
[cat_smooth: 10]
[max_cat_to_onehot: 4]
[top_k: 20]
[monotone_constraints: ]
[monotone_constraints_method: basic]
[monotone_penalty: 0]
[feature_contri: ]
[forcedsplits_filename: ]
[refit_decay_rate: 0.9]
[cegb_tradeoff: 1]
[cegb_penalty_split: 0]
[cegb_penalty_feature_lazy: ]
[cegb_penalty_feature_coupled: ]
[path_smooth: 0]
[interaction_constraints: ]
[verbosity: -1]
[saved_feature_importance_type: 0]
[use_quantized_grad: 0]
[num_grad_quant_bins: 4]
[quant_train_renew_leaf: 0]
[stochastic_rounding: 1]
[linear_tree: 0]
[max_bin: 255]
[max_bin_by_feature: ]
[min_data_in_bin: 3]
[bin_construct_sample_cnt: 200000]
[data_random_seed: 4785]
[is_enable_sparse: 1]
[enable_bundle: 1]
[use_missing: 1]
[zero_as_missing: 0]
[feature_pre_filter: 1]
[pre_partition: 0]
[two_round: 0]
[header: 0]
[label_column: ]
[weight_column: ]
[group_column: ]
[ignore_column: ]
[categorical_feature: ]
[forcedbins_filename: ]
[precise_float_parser: 0]
[parser_config_file: ]
[objective_seed: 7621]
[num_class: 1]
[is_unbalance: 0]
[scale_pos_weight: 1]
[sigmoid: 1]
[boost_from_average: 1]
[reg_sqrt: 0]
[alpha: 0.9]
[fair_c: 1]
[poisson_max_delta_step: 0.7]
[tweedie_variance_power: 1.5]
[lambdarank_truncation_level: 5]
[lambdarank_norm: 1]
[label_gain: 0,1,3,7,15]
[lambdarank_position_bias_regularization: 0]
[eval_at: 1,3]
[multi_error_top_k: 1]
[auc_mu_weights: ]
[num_machines: 1]
[local_listen_port: 12400]
[time_out: 120]
[machine_list_filename: ]
[machines: ]
[gpu_platform_id: -1]
[gpu_device_id: -1]
[gpu_device_id_list: ]
[gpu_use_dp: 0]
[num_gpu: 1]

end of parameters

pandas_categorical:[]
