tree
version=v4
num_class=1
num_tree_per_iteration=1
label_index=0
max_feature_idx=35
objective=lambdarank
feature_names=VIX_21d_pct_change VIX_5d_pct_change VIX_VIX9D_spread VVIX_5d_pct_change days_until_next_pce distance_from_max_63d entry_bid_ask_spread entry_bid_ask_spread_pct entry_bid_ask_spread_pct_wd_rank gamma gamma_x_dte gamma_x_morning_spx_rv_annualized iv_at_strike_minus_atmf iv_at_strike_minus_atmf_wd_rank iv_at_strike_minus_atmf_x_VIX_VIX9D_spread iv_term_slope_5d_30d jobless_claims leverage morning_atmf_iv_pct_change morning_spx_directionality morning_spx_range_pct morning_spx_rv_annualized morning_vix_change prior_day_strategy_drawdown_max_5d rom_roll_skew_30d spx_10d_returns spx_1d_returns spx_252d_rv spx_5d_returns spx_realized_skew_21d theta theta_x_atmf_iv_5dte_percentile_252d vega vix_pcr_21d_avg vix_z_60d win_rate_30d
feature_infos=[-0.52839210998206809:4.8438162544169607] [-0.46669080376538741:1.6965317919075145] [-28.090000000000003:6.4700000000000024] [-0.32030341620065339:0.85349160517591693] [0:44] [-69667.000000000058:0] [0.049999999999999822:30] [0.0053050397877982946:1.9748427672955975] [1:8.5] [0.00033523060713275678:0.072209098383669706] [0:0.033556061189271305] [0.00050198565975699322:0.029708705204148592] [-0.040643324853528728:0.35516611695907097] [1:8.5] [-6.5795764598266988:0.58289359397191487] [-0.50666580450779986:0.067287322754047196] [152144:6161268] [12.51586456957032:1073.1554712918908] [-0.33382759238393778:0.8768424828297523] [-0.99475890985327808:0.99778270509972999] [0.00070837031052892977:0.047613469070574892] [0.17917490989228085:8.150433863579746] [-17.640000000000001:24.859999999999999] [0:30374.000000000073] [-5.4772255750516701:5.0258428426019996] [-0.23386323847009061:0.19052471618843292] [-0.11984050283657066:0.093827657101993367] [0.067700138624190859:0.34896258123526319] [-0.1796662632195084:0.17397425583266291] [-3.020948396923655:1.8366420072588208] [-7697.42948726533:-96.192032199531141] [-7575.2480668325461:0] [10.153572579096968:166.46298008069991] [0.33857142857142858:1.6957142857142857] [-2.0836522372647459:6.9859947436689716] [0.46666666666666667:1]
tree_sizes=5059

Tree=0
num_leaves=45
num_cat=0
split_feature=32 11 32 30 11 12 32 32 11 32 12 17 5 30 31 23 10 17 30 14 9 10 9 32 14 14 24 12 11 9 23 30 17 5 9 17 24 31 24 24 24 12 17 30
split_gain=509.064 49.0433 36.6502 20.0259 11.0127 9.19328 7.43142 5.85907 4.81835 4.23302 4.15666 4.02654 3.95003 3.69394 3.14009 2.57632 2.52726 2.15328 2.02022 1.78874 1.62596 1.51003 1.45076 1.42487 1.22641 1.21098 1.20057 1.06514 1.00622 0.981285 0.842792 0.742897 0.705509 0.700737 0.695016 0.626497 0.594136 0.565488 0.535852 0.484529 0.462993 0.453724 0.452872 0.449036
threshold=74.942459761985319 0.008202152339427041 116.09800964918409 -209.86520500711239 0.0054639832792856202 1.0000000180025095e-35 64.986200827395933 58.426090914131905 0.0051990004119700011 16.995115923905416 0.026619170347515018 70.580433943513782 -18710.499999999909 -676.32845845667168 -76.342782032167278 570.99999999999284 0.0071293452360591458 57.06494544439758 -278.60418939942082 0.025748985836288794 0.0085266259226214787 0.009765519996691804 0.033988749722609811 94.911702485854192 0.0038043094639825981 0.0092934395520922284 -2.5816817766770184 0.027352650184756289 0.0069173234075996471 0.010139447020040373 7901.00000000002 -1678.3346749957454 75.920756738204773 -51392 0.02742897146238293 400.91418923717453 -2.5594470325734222 -760.85697825732575 -4.3475032286461142 -3.5092310879727813 -2.0105422065460967 0.0027935634146552678 143.4196991903863 -1008.0066374862137
decision_type=8 10 8 10 10 10 10 10 8 10 10 10 8 10 10 10 10 10 8 10 10 8 10 10 10 10 10 10 10 10 10 10 10 10 8 10 10 10 10 10 10 10 10 10
left_child=1 3 4 5 23 24 9 15 21 18 -5 -11 -10 16 20 19 17 -6 -7 41 -9 31 30 42 -1 34 -25 33 37 -17 38 -4 -18 40 -15 -24 -34 -8 -22 -21 -19 -3 -2 -44
right_child=2 7 8 10 13 6 28 14 12 11 -12 -13 -14 25 -16 29 32 27 -20 39 22 -23 35 26 -26 -27 -28 -29 -30 -31 -32 -33 36 -35 -36 -37 -38 -39 -40 -41 -42 -43 43 -45
leaf_value=-0.0038558393235437428 -0.00059384116417636175 -5.4262856437011401e-05 0.00033203095092904967 -0.0050835395210247197 0.00099090776476783615 0.0053390268322855185 -7.1690536764438574e-05 0.00039236017268885515 -0.00034220773826050294 -0.00042407564442006673 0.003685585471598884 0.012070159784612171 -0.016217852083053156 -0.0037769131355802851 0.0034450862077717134 0.0017204334737250262 0.0018168686093047034 0.0018044879377371926 -0.0016672566248499751 0.0013727531243008851 -7.881514716724822e-05 0.002002755784227915 -0.0019151426322328927 -0.0040776148766533283 0.0022318158455470055 0.0025179523563165006 0.0017848341426181123 0.00026160723168994589 -0.00088865722101320074 -0.0033544469171408854 0.00039610386612296266 -0.006202211336121909 0.00062794150889158981 -0.010092818752248748 0.0013130959851724352 0.0024942217982486668 -0.0039919762260502891 0.0048760125806167499 -0.0075205935488617355 -0.0028804154089573054 -0.0022715731628924984 0.0069017947017894262 -0.00012345281105835556 0.0038443354194654246
leaf_weight=4.3871373757719985 4.9272390254773262 1.3473449237644697 2.300843559904024 11.199148181825878 1.4588838745839883 11.671278499066828 3.7146886195987507 6.2661324525251976 2.660576700232923 3.3260652031749478 7.0420388132333747 297.28279506787658 156.9605193301104 8.6590753447962889 2.4641626989468923 3.7092765117995423 1.1396331996656943 0.91097187623381615 4.6838651560246971 1.2247336497530343 1.6638516611419643 1.8239210997708148 2.5838058218359938 8.0239955494180304 2.0929903350770473 2.765152709092944 2.62626413127873 1.1380019872449327 4.4897399321198455 5.828167388215661 1.5209762137383211 4.99787626834586 3.3423793460242441 85.588057655608281 1.1555535725783563 1.6861816644668577 5.8677733363583675 15.41535239527002 22.370671611744918 1.4358431673608709 0.83670975524000712 11.911841853521763 5.126506767235699 7.8720388528890863
leaf_count=94 160 44 72 98 62 88 124 252 106 72 61 4252 2601 319 105 140 22 38 42 53 70 61 66 297 29 122 117 28 173 186 61 183 114 2972 44 47 162 532 728 35 40 504 201 281
internal_value=0 0.0084826 -0.011665 0.0101656 -0.00658914 0.0108053 0.0110761 -0.00117955 -0.0154652 0.0115752 -0.00161052 0.011925 -0.0159802 -0.008195 -0.00387655 0.00285743 -0.00893158 -0.00956674 0.00343663 0.00510996 -0.00487689 -0.00333623 -0.00584309 0.000132454 -0.00174595 -0.00119078 -0.00249144 -0.00980401 0.00321744 -0.00148931 -0.00670788 -0.00500861 -0.00172648 -0.00994566 -0.00286953 0.000300246 -0.00277979 0.00416145 -0.0071459 -0.00134939 -0.000402276 0.00642666 0.00196446 0.0027997
internal_weight=739.5 429.318 310.182 365.305 141.438 347.064 340.584 64.013 168.744 316.964 18.2412 300.609 159.621 112.862 38.5558 25.4572 100.282 89.9326 16.3551 15.9198 36.0916 9.12264 29.8255 28.576 6.48013 12.5798 10.6503 88.4737 23.6198 9.53744 25.5555 7.29872 10.3498 87.3357 9.81463 4.26999 9.21015 19.13 24.0345 2.66058 1.74768 13.2592 17.9258 12.9985
internal_count=15858 7856 8002 5565 4979 5406 5283 2291 3023 4454 159 4324 2707 3923 1329 962 3438 3140 130 636 1224 316 972 1056 123 485 414 3078 829 326 859 255 298 3050 363 113 276 656 798 88 78 548 642 482
is_linear=0
shrinkage=0.0121082


end of trees

feature_importances:
vega=6
leverage=5
rom_roll_skew_30d=5
theta=5
gamma=4
gamma_x_morning_spx_rv_annualized=4
iv_at_strike_minus_atmf=4
iv_at_strike_minus_atmf_x_VIX_VIX9D_spread=3
distance_from_max_63d=2
gamma_x_dte=2
prior_day_strategy_drawdown_max_5d=2
theta_x_atmf_iv_5dte_percentile_252d=2

parameters:
[boosting: gbdt]
[objective: lambdarank]
[metric: ndcg]
[tree_learner: serial]
[device_type: cpu]
[data_sample_strategy: bagging]
[data: ]
[valid: ]
[num_iterations: 2000]
[learning_rate: 0.0121082]
[num_leaves: 45]
[num_threads: 4]
[seed: 20260830]
[deterministic: 1]
[force_col_wise: 0]
[force_row_wise: 0]
[histogram_pool_size: -1]
[max_depth: -1]
[min_data_in_leaf: 35]
[min_sum_hessian_in_leaf: 0.001]
[bagging_fraction: 0.79682]
[pos_bagging_fraction: 1]
[neg_bagging_fraction: 1]
[bagging_freq: 0]
[bagging_seed: 3520]
[bagging_by_query: 0]
[feature_fraction: 0.764597]
[feature_fraction_bynode: 1]
[feature_fraction_seed: 25582]
[extra_trees: 0]
[extra_seed: 14767]
[early_stopping_round: 0]
[early_stopping_min_delta: 0]
[first_metric_only: 0]
[max_delta_step: 0]
[lambda_l1: 0.00262136]
[lambda_l2: 7.37514]
[linear_lambda: 0]
[min_gain_to_split: 0]
[drop_rate: 0.1]
[max_drop: 50]
[skip_drop: 0.5]
[xgboost_dart_mode: 0]
[uniform_drop: 0]
[drop_seed: 20645]
[top_rate: 0.2]
[other_rate: 0.1]
[min_data_per_group: 100]
[max_cat_threshold: 32]
[cat_l2: 10]
[cat_smooth: 10]
[max_cat_to_onehot: 4]
[top_k: 20]
[monotone_constraints: ]
[monotone_constraints_method: basic]
[monotone_penalty: 0]
[feature_contri: ]
[forcedsplits_filename: ]
[refit_decay_rate: 0.9]
[cegb_tradeoff: 1]
[cegb_penalty_split: 0]
[cegb_penalty_feature_lazy: ]
[cegb_penalty_feature_coupled: ]
[path_smooth: 0]
[interaction_constraints: ]
[verbosity: -1]
[saved_feature_importance_type: 0]
[use_quantized_grad: 0]
[num_grad_quant_bins: 4]
[quant_train_renew_leaf: 0]
[stochastic_rounding: 1]
[linear_tree: 0]
[max_bin: 255]
[max_bin_by_feature: ]
[min_data_in_bin: 3]
[bin_construct_sample_cnt: 200000]
[data_random_seed: 4792]
[is_enable_sparse: 1]
[enable_bundle: 1]
[use_missing: 1]
[zero_as_missing: 0]
[feature_pre_filter: 1]
[pre_partition: 0]
[two_round: 0]
[header: 0]
[label_column: ]
[weight_column: ]
[group_column: ]
[ignore_column: ]
[categorical_feature: ]
[forcedbins_filename: ]
[precise_float_parser: 0]
[parser_config_file: ]
[objective_seed: 28250]
[num_class: 1]
[is_unbalance: 0]
[scale_pos_weight: 1]
[sigmoid: 1]
[boost_from_average: 1]
[reg_sqrt: 0]
[alpha: 0.9]
[fair_c: 1]
[poisson_max_delta_step: 0.7]
[tweedie_variance_power: 1.5]
[lambdarank_truncation_level: 5]
[lambdarank_norm: 1]
[label_gain: 0,1,3,7,15]
[lambdarank_position_bias_regularization: 0]
[eval_at: 1,3]
[multi_error_top_k: 1]
[auc_mu_weights: ]
[num_machines: 1]
[local_listen_port: 12400]
[time_out: 120]
[machine_list_filename: ]
[machines: ]
[gpu_platform_id: -1]
[gpu_device_id: -1]
[gpu_device_id_list: ]
[gpu_use_dp: 0]
[num_gpu: 1]

end of parameters

pandas_categorical:[]
