tree
version=v4
num_class=1
num_tree_per_iteration=1
label_index=0
max_feature_idx=33
objective=lambdarank
feature_names=VIX_5d_pct_change atmf_iv_10dte_intraday_range atmf_iv_1dte_1000 days_until_next_pce entry_bid_ask_spread entry_bid_ask_spread_pct entry_bid_ask_spread_pct_wd_rank entry_log_premium front_roll_yield gamma gamma_x_dte gamma_x_morning_spx_rv_annualized iv_at_strike_minus_atmf iv_at_strike_minus_atmf_x_VIX_VIX9D_spread iv_term_slope_5d_30d jobless_claims leverage morning_atmf_iv_pct_change morning_spx_log_return morning_spx_range_pct morning_spx_rv_annualized morning_vix_change prior_day_strategy_drawdown_max_5d rom_roll_skew_30d rom_roll_std_30d spx_10d_returns spx_1d_returns spx_5d_returns theta theta_x_atmf_iv_5dte_percentile_252d vega vega_x_VIX_5d_pct_change vix_z_60d win_rate_30d
feature_infos=[-0.42827256425582794:1.6965317919075145] [0.0036709204201514634:0.2613707868372882] [0.03730083401571016:1.1291745036510505] [0:44] [0.049999999999999822:29.899999999999999] [0.0067796610169492486:1.9560439560439562] [1:8.5] [-2.0794415416798357:4.4502692247701292] [-6.7375000000000007:4.8832999999999984] [0.00033523060713275678:0.072209098383669706] [0:0.033556061189271305] [0.00050198565975699322:0.029708705204148592] [-0.040643324853528728:0.35516611695907097] [-6.5795764598266988:0.58289359397191487] [-0.50666580450779986:0.067287322754047196] [152144:6161268] [12.51586456957032:1073.1554712918908] [-0.33382759238393778:0.8768424828297523] [-0.029011813819852964:0.026209351931648178] [0.00070837031052892977:0.047613469070574892] [0.17917490989228085:8.150433863579746] [-17.640000000000001:24.859999999999999] [0:30374.000000000073] [-5.4772255750516701:5.0258428426019996] [7.1417041269969607e-17:19.770253581632318] [-0.23386323847009061:0.19052471618843292] [-0.11984050283657066:0.093827657101993367] [-0.1796662632195084:0.17397425583266291] [-7697.42948726533:-96.192032199531141] [-7575.2480668325461:0] [10.153572579096968:166.46298008069991] [-58.122415431031989:156.45242140692821] [-2.0836522372647459:6.9859947436689716] [0.46666666666666667:1]
tree_sizes=3380 3353 3359

Tree=0
num_leaves=30
num_cat=0
split_feature=11 12 6 16 16 9 1 4 12 4 5 5 12 5 20 5 3 3 19 22 3 5 32 8 8 15 4 19 12
split_gain=177.312 32.8436 21.2812 9.87723 5.79441 5.10462 3.72731 2.95942 2.71831 2.30795 2.7724 2.15563 2.07042 1.75164 1.74718 1.64965 1.32724 1.16431 1.16251 1.02714 1.06488 1.02139 0.922337 0.825544 1.07653 0.821992 0.80705 0.735137 0.6284
threshold=0.0069526919808571138 0.0030964655758957478 4.2500000000000009 393.28584331142582 473.75005701491312 0.008611579073174851 0.017911335551540664 0.69999999999999962 0.013200240582015148 0.17499999999999985 0.069164839545545184 0.061906769376205616 -1.0000000180025095e-35 0.08559218559218558 0.35647935611116366 0.038502717838906346 19.500000000000004 1.0000000180025095e-35 0.0058330216844442598 10632.500000000045 1.0000000180025095e-35 0.027027027027027074 -1.3287444597458213 -0.13499999999999976 -0.44732142857142859 1756457.5000000002 0.59999999999999987 0.0082349798911484588 0.00040925973197142312
decision_type=8 10 2 10 10 8 10 10 10 10 10 10 10 10 2 10 2 2 2 10 2 10 2 2 2 2 10 2 10
left_child=2 3 9 5 7 -2 11 12 16 13 -11 27 -4 21 -6 -14 19 -17 22 20 -8 -1 -13 24 -19 -22 -7 -3 -5
right_child=1 6 4 28 14 26 8 -9 -10 10 -12 18 15 -15 -16 17 -18 23 -20 -21 25 -23 -24 -25 -26 -27 -28 -29 -30
leaf_value=-0.0047142826427316728 -0.0083038660551925294 -0.021602414496724457 -0.0015527681948488224 -0.0088690167190612363 -0.018171818103893407 -0.09185607608365054 0.0044725184650049312 -0.0024462939770778579 0.0062243814665487391 -0.037887046138046589 0.013140474584801276 -0.0063495042457279976 0.0045107456816705091 -0.019578017236698879 0.022001300034839945 0.014362604516479192 0.0075682082516126464 0.029425740380133628 -0.0095136731179594237 0.0063656320490888593 -0.049506760232922414 0.035341017623151845 0.039364833824410521 0.067185090034675168 -0.010208730327199992 0.0031485252731694386 -0.01909618124660795 0.012296515846665581 0.023385665289754217
leaf_weight=3.203377131372692 5.7649097074754527 5.8234259597957161 2.5050392386037847 1.5016822477336962 5.1670427741482836 94.974636341445148 1.3676144857890999 3.6277384988497934 10.304789014626293 13.577916358015502 4.9756844094954422 1.1012153620831657 3.6284219860099247 2.2983554378151885 7.7175706401467323 6.3921672459691754 1.7874517734162498 3.1643874989822507 1.4687353074550618 1.0006519369781006 17.985095793381337 5.8489483753219247 10.296704512089489 122.57289474678691 2.6165219014510503 0.98426978662609954 4.4166728104464701 0.69204513076692808 2.7737827205564827
leaf_count=118 172 263 50 45 43 1806 33 91 415 471 138 53 125 42 85 89 68 47 39 32 583 174 392 1811 32 47 128 36 77
internal_value=-0.00361236 -0.0594122 0.0450476 -0.0817067 0.0556523 -0.0860777 -0.00967867 0.0597706 -0.0233259 -0.010695 -0.0242655 0.0137466 0.0614171 0.0120965 0.00516499 0.0625849 -0.035159 0.0638868 0.0277217 -0.0396495 -0.0428847 0.0247486 0.0342028 0.0656145 0.0152156 -0.0466119 -0.0898678 -0.013778 0.0133112
internal_weight=349.54 162.244 187.296 109.432 157.392 105.156 52.812 144.507 33.4299 29.9043 18.5536 19.3821 140.879 11.3507 12.8846 138.374 23.1251 134.746 12.8667 21.3376 20.337 9.05233 11.3979 128.354 5.78091 18.9694 99.3913 6.51547 4.27546
internal_count=7505 4189 3316 2228 2373 2106 1961 2245 1178 943 609 783 2154 334 128 2104 763 1979 484 695 663 292 445 1890 79 630 1934 299 122
is_linear=0
shrinkage=0.0743561


Tree=1
num_leaves=30
num_cat=0
split_feature=31 7 5 20 7 12 18 19 7 20 5 21 1 12 7 21 18 3 20 29 31 31 4 24 31 7 23 21 9
split_gain=426.003 131.616 40.6827 25.9266 19.1961 17.3134 15.3239 15.0589 17.9768 14.6505 10.9422 10.2925 10.2791 10.2366 19.0493 9.51309 9.31748 11.2182 13.7331 11.1174 9.19892 14.8861 8.67725 8.1891 7.93835 8.66861 8.02815 7.91558 7.84353
threshold=30.342804656220626 1.2563217023798001 0.19292803970223324 0.61881417656228188 2.0444565861124473 0.026566174844415525 -0.005892475415492161 0.0017024501829675678 -0.33912928403309733 1.2406278138996523 0.10162008455868606 1.3750000000000002 0.0059392654246675997 0.015707740034703262 0.5232207081696002 0.71499999999999997 -0.00187755137013431 8.5000000000000018 0.61227319620116483 -533.21060594446794 -4.4086268358796792 -6.8611222257156159 0.4000000000000013 2.9515685833095571 3.4119464064471909 2.589640210036984 -2.2418934989916721 -1.8049999999999995 0.0058601268112442777
decision_type=8 10 10 2 10 10 2 2 10 2 10 2 10 10 10 2 2 2 2 10 10 10 8 10 10 10 10 2 10
left_child=1 2 5 11 10 13 -2 -4 -9 23 -5 12 -3 14 -1 20 -7 18 -18 -20 21 -16 -8 -6 26 -26 -11 -14 -15
right_child=6 3 7 4 9 16 22 8 -10 24 -12 -13 27 28 15 -17 17 -19 19 -21 -22 -23 -24 -25 25 -27 -28 -29 -30
leaf_value=0.064161292126534111 -0.0038029977241779739 0.021457210795611536 0.061027134550683329 0.00030438237623417312 -0.057671531748116844 0.097894717990052227 -0.0069334037440005446 -0.030085148465034101 0.022818478233468616 0.015429669544988702 0.046438882321689717 0.029391171044420631 0.017784088408449819 -0.00085052787572922732 0.036913485431343152 -0.018353439467860579 0.066823353329334201 0.070438930693219645 0.046460523787308257 -0.025592994880772449 0.047788314690968878 -0.04007161255233898 -0.10379598898282977 0.0094464728624954128 -0.020279016584492191 0.055569190881168552 -0.057619962566897616 -0.067493013992485765 0.03569679120872303
leaf_weight=126.2404837757349 9.8761216877028328 6.031791489571332 14.645861105993388 115.20554747059941 60.189954962581396 40.595406338572502 6.1677414625883094 75.990717645734549 57.283967394381762 12.177897261455657 32.007460925728083 4.945261498913168 4.1381105054169884 66.9706921428442 26.686715738847852 21.939773678779602 20.422179233282804 74.253004126250744 12.002625454217194 29.600999228656292 66.614683683030307 18.512169299647212 193.98974988190457 10.054274560883639 9.4720598813146371 16.360130341723561 11.650552904233335 81.746178881265223 56.596337184309959
leaf_count=571 45 67 46 1045 560 127 56 201 207 103 193 47 39 228 206 160 53 228 52 83 542 112 936 98 104 94 116 843 343
internal_value=-0.00140428 0.0176897 0.0362632 -0.0184546 -0.00610045 0.0453344 -0.0967554 0.00147097 -0.00733123 -0.0275289 0.0117238 -0.0502418 -0.056031 0.0354762 0.0438232 0.0227496 0.064901 0.0514711 0.0246638 -0.00163415 0.0313351 0.00438076 -0.101098 -0.0480557 0.00346332 0.0290859 -0.0245151 -0.0625026 0.0167252
internal_weight=1282.37 1072.33 708.356 363.979 267.118 560.435 210.034 147.921 133.275 119.905 147.213 96.8613 91.9161 383.561 259.994 133.753 176.874 136.279 62.0258 41.6036 111.814 45.1989 200.157 70.2442 49.6606 25.8322 23.8285 85.8843 123.567
internal_count=7505 6468 3159 3309 2313 2705 1037 454 408 1075 1238 996 949 2162 1591 1020 543 416 188 135 860 318 992 658 417 198 219 882 571
is_linear=0
shrinkage=0.0743561


Tree=2
num_leaves=30
num_cat=0
split_feature=30 23 30 19 30 4 10 0 31 22 11 9 19 9 26 8 14 21 8 8 19 19 26 8 14 9 6 15 21
split_gain=286.411 45.436 34.9625 11.8003 11.5242 11.0854 10.715 11.1158 12.2929 9.66576 15.7376 9.2518 12.6669 7.97575 7.64611 7.52097 6.55744 8.17366 7.86089 7.10077 6.14025 9.52458 7.0468 6.11174 6.37534 7.49273 6.15051 5.57231 5.53125
threshold=86.679690381921077 -3.6124943521845636 50.851510309902004 0.0029424546907255663 18.101370365283127 0.8999999999999998 0.0026952814102639204 0.010916778337415113 -4.2941197179600952 3535.2500000000259 0.0047426730051124029 0.01111512275597693 0.0050103770230186494 0.0062577196704617115 0.0037050073164300872 0.4986833333333332 0.026170376067320009 0.95000000000000118 -0.27750000000000014 0.056622807017543887 0.0035958193706570533 0.0032724427873518868 -0.0014892683901767121 0.71608333333333285 -0.019938122135153998 0.0019069512774053793 3.2500000000000004 831985.00000000012 -0.18999999999999859
decision_type=8 10 10 2 10 10 10 2 10 10 10 10 2 10 2 2 10 2 2 2 2 2 2 2 10 10 2 2 2
left_child=2 -2 4 15 13 6 20 8 -8 10 -3 16 -13 14 -1 -4 17 18 -5 -19 21 27 -23 24 25 -22 -26 -6 -20
right_child=1 9 3 11 5 -7 7 -9 -10 -11 -12 12 -14 -15 -16 -17 -18 19 28 -21 23 22 -24 -25 26 -27 -28 -29 -30
leaf_value=0.042456590055813287 -0.087217243191731894 0.022747863870559076 0.037433413417157557 -0.036882156388026804 0.047159512571390262 -0.020935214964091467 -0.024006421870386253 -0.032068065238367569 0.070084610597289612 0.0034775092093678006 -0.052827460200485156 -0.0019675721071218217 -0.073258186545018922 -0.04527697369243238 -0.026624461663466464 -0.0098739208096436434 -0.029736421341668408 0.012228244026881673 0.014422194596960897 -0.046765873279617023 -0.0099008243198677858 0.034844443935514752 -0.042181522955053119 0.0076714599243615988 0.0090149405144987014 0.050447440128693406 0.077087409206415269 -0.012400265672240686 0.054738693568906427
leaf_weight=20.02033221162856 154.49523352365941 15.285696197301148 78.740032287780195 5.6742250379174939 110.06302197836339 10.66625005379319 8.4609209187328833 16.254493981599808 15.0032322704792 40.591599883511662 74.441551296273246 38.890321290586144 15.87971152178943 8.660983841866253 8.7071118988096696 21.078508286736906 17.708111297339201 20.838685658760369 55.253032274544239 14.796646637842057 13.665023311972616 5.5334215648472336 10.623035870492457 13.174113634973763 9.5841313228011114 33.095116257667542 123.62594342418015 7.0378466323018065 28.762608923017979
leaf_count=75 1107 166 722 70 543 43 42 73 74 378 1058 449 177 24 40 173 131 205 512 126 50 33 56 60 49 190 568 41 270
internal_value=0.00180539 -0.0604803 0.0270173 0.00735494 0.0408463 0.0446972 0.0469099 0.00889986 0.0380653 -0.0264088 -0.0393371 -0.00326222 -0.0276932 0.00121016 0.0205176 0.0274346 0.00679561 0.0130554 0.0246013 -0.015342 0.0512946 0.0359957 -0.0134937 0.0604864 0.0639841 0.0336332 0.0727811 0.0431511 0.0308825
internal_weight=996.611 284.814 711.797 297.622 414.175 376.787 366.12 39.7186 23.4642 130.319 89.7272 197.803 54.77 37.3884 28.7274 99.8185 143.033 125.325 89.6899 35.6353 326.402 133.257 16.1565 193.144 179.97 46.7601 133.21 117.101 84.0156
internal_count=7505 2709 4796 2835 1961 1822 1779 189 116 1602 1224 1940 626 139 115 895 1314 1183 852 331 1590 673 89 917 857 240 617 584 782
is_linear=0
shrinkage=0.0743561


end of trees

feature_importances:
entry_bid_ask_spread_pct=7
morning_spx_range_pct=7
front_roll_yield=6
iv_at_strike_minus_atmf=6
entry_bid_ask_spread=5
entry_log_premium=5
gamma=5
morning_vix_change=5
vega_x_VIX_5d_pct_change=5
days_until_next_pce=4
morning_spx_rv_annualized=4
vega=3
atmf_iv_10dte_intraday_range=2
entry_bid_ask_spread_pct_wd_rank=2
gamma_x_morning_spx_rv_annualized=2
iv_term_slope_5d_30d=2
jobless_claims=2
leverage=2
morning_spx_log_return=2
prior_day_strategy_drawdown_max_5d=2
rom_roll_skew_30d=2
spx_1d_returns=2
VIX_5d_pct_change=1
gamma_x_dte=1
rom_roll_std_30d=1
theta_x_atmf_iv_5dte_percentile_252d=1
vix_z_60d=1

parameters:
[boosting: gbdt]
[objective: lambdarank]
[metric: ndcg]
[tree_learner: serial]
[device_type: cpu]
[data_sample_strategy: bagging]
[data: ]
[valid: ]
[num_iterations: 2000]
[learning_rate: 0.0743561]
[num_leaves: 30]
[num_threads: 4]
[seed: 20260829]
[deterministic: 1]
[force_col_wise: 0]
[force_row_wise: 0]
[histogram_pool_size: -1]
[max_depth: -1]
[min_data_in_leaf: 32]
[min_sum_hessian_in_leaf: 0.001]
[bagging_fraction: 0.550509]
[pos_bagging_fraction: 1]
[neg_bagging_fraction: 1]
[bagging_freq: 6]
[bagging_seed: 25539]
[bagging_by_query: 0]
[feature_fraction: 0.56319]
[feature_fraction_bynode: 1]
[feature_fraction_seed: 1518]
[extra_trees: 0]
[extra_seed: 10840]
[early_stopping_round: 0]
[early_stopping_min_delta: 0]
[first_metric_only: 0]
[max_delta_step: 0]
[lambda_l1: 0.0217612]
[lambda_l2: 5.7918]
[linear_lambda: 0]
[min_gain_to_split: 0]
[drop_rate: 0.1]
[max_drop: 50]
[skip_drop: 0.5]
[xgboost_dart_mode: 0]
[uniform_drop: 0]
[drop_seed: 2781]
[top_rate: 0.2]
[other_rate: 0.1]
[min_data_per_group: 100]
[max_cat_threshold: 32]
[cat_l2: 10]
[cat_smooth: 10]
[max_cat_to_onehot: 4]
[top_k: 20]
[monotone_constraints: ]
[monotone_constraints_method: basic]
[monotone_penalty: 0]
[feature_contri: ]
[forcedsplits_filename: ]
[refit_decay_rate: 0.9]
[cegb_tradeoff: 1]
[cegb_penalty_split: 0]
[cegb_penalty_feature_lazy: ]
[cegb_penalty_feature_coupled: ]
[path_smooth: 0]
[interaction_constraints: ]
[verbosity: -1]
[saved_feature_importance_type: 0]
[use_quantized_grad: 0]
[num_grad_quant_bins: 4]
[quant_train_renew_leaf: 0]
[stochastic_rounding: 1]
[linear_tree: 0]
[max_bin: 255]
[max_bin_by_feature: ]
[min_data_in_bin: 3]
[bin_construct_sample_cnt: 200000]
[data_random_seed: 4788]
[is_enable_sparse: 1]
[enable_bundle: 1]
[use_missing: 1]
[zero_as_missing: 0]
[feature_pre_filter: 1]
[pre_partition: 0]
[two_round: 0]
[header: 0]
[label_column: ]
[weight_column: ]
[group_column: ]
[ignore_column: ]
[categorical_feature: ]
[forcedbins_filename: ]
[precise_float_parser: 0]
[parser_config_file: ]
[objective_seed: 17936]
[num_class: 1]
[is_unbalance: 0]
[scale_pos_weight: 1]
[sigmoid: 1]
[boost_from_average: 1]
[reg_sqrt: 0]
[alpha: 0.9]
[fair_c: 1]
[poisson_max_delta_step: 0.7]
[tweedie_variance_power: 1.5]
[lambdarank_truncation_level: 5]
[lambdarank_norm: 1]
[label_gain: 0,1,3,7,15]
[lambdarank_position_bias_regularization: 0]
[eval_at: 1,3]
[multi_error_top_k: 1]
[auc_mu_weights: ]
[num_machines: 1]
[local_listen_port: 12400]
[time_out: 120]
[machine_list_filename: ]
[machines: ]
[gpu_platform_id: -1]
[gpu_device_id: -1]
[gpu_device_id_list: ]
[gpu_use_dp: 0]
[num_gpu: 1]

end of parameters

pandas_categorical:[]
