tree
version=v4
num_class=1
num_tree_per_iteration=1
label_index=0
max_feature_idx=36
objective=lambdarank
feature_names=VIX_21d_pct_change VIX_5d_pct_change VIX_VIX9D_ratio atmf_iv_10dte_intraday_range atmf_iv_1dte_1000 atmf_iv_30dte_intraday_pct_change atmf_iv_5dte_percentile_252d days_until_next_pce delta distance_from_max_63d effr_rate_1y_pct_change effr_rate_1y_percentile entry_bid_ask_spread entry_log_premium front_roll_yield gamma gamma_x_dte gamma_x_morning_spx_rv_annualized iv_at_strike_minus_atmf iv_at_strike_minus_atmf_pct iv_term_slope_5d_30d jobless_claims leverage morning_spx_range_pct morning_spx_rv_annualized morning_vix_change prior_day_strategy_drawdown_max_5d rom_roll_std_30d spx_1d_returns spx_252d_rv spx_5d_returns theta theta_x_atmf_iv_5dte_percentile_252d vega vix_front_curvature vix_z_60d win_rate_30d
feature_infos=[-0.52839210998206809:4.8438162544169607] [-0.42827256425582794:1.6965317919075145] [0.62891809908998986:1.5167853509664293] [0.0036813882916645474:0.2613707868372882] [0.03730083401571016:1.1291745036510505] [-0.24318986529363051:0.74536575348065082] [0:0.99603174603174605] [0:44] [-0.55212954179776252:-0.032473547468818587] [-46490.999999999971:0] [-0.98367346938775513:4.5000000000000009] [0:1] [0.049999999999999822:29.899999999999999] [-2.0794415416798357:4.4502692247701292] [-6.7375000000000007:4.8832999999999984] [0.00033523060713275678:0.072209098383669706] [0:0.033556061189271305] [0.00050198565975699322:0.029708705204148592] [-0.040643324853528728:0.35516611695907097] [-0.17372326415929668:1.0167677446926675] [-0.50666580450779986:0.067287322754047196] [160342:6161268] [12.51586456957032:1073.1554712918908] [0.00081068192656181268:0.047613469070574892] [0.17917490989228085:8.150433863579746] [-17.640000000000001:24.859999999999999] [0:24355.000000000087] [7.1417041269969607e-17:19.770253581632318] [-0.11984050283657066:0.093827657101993367] [0.067700138624190859:0.34896258123526319] [-0.1796662632195084:0.17397425583266291] [-7697.42948726533:-96.192032199531141] [-7575.2480668325461:0] [10.153572579096968:166.46298008069991] [-5.3499999999999979:11.264999999999986] [-1.9485290699982638:6.9859947436689716] [0.46666666666666667:1]
tree_sizes=7376

Tree=0
num_leaves=67
num_cat=0
split_feature=8 19 31 33 13 0 0 35 8 23 30 30 21 31 18 13 25 12 0 32 34 0 7 1 17 28 21 6 31 29 7 21 31 35 3 25 28 3 6 27 13 19 0 0 4 2 7 22 31 17 7 22 28 26 22 0 0 15 0 30 2 12 22 12 32 6
split_gain=254.829 27.3346 13.4627 9.29909 6.02918 7.24978 5.6148 4.07768 3.8339 3.81058 4.24024 5.10415 3.61923 3.37988 3.32246 2.94574 2.61549 2.48051 2.45305 1.9795 1.70411 1.7833 1.61673 1.39547 1.38245 1.28968 1.26189 1.2506 1.24445 1.09225 1.07408 1.06702 1.04569 0.952774 0.93676 0.925251 0.901418 0.893568 0.842419 0.800543 0.762005 0.74539 0.739849 0.693017 1.00815 0.696408 0.690259 0.66192 0.656239 0.595957 0.588992 0.549479 0.517918 0.506341 0.474728 0.430742 0.313715 0.287449 0.2743 0.247536 0.238796 0.191964 0.183443 0.164787 0.122965 0.0389849
threshold=-0.23628884605021536 -0.0061137284043780212 -200.62339007502507 68.135956589218651 1.1862887324070406 0.42912951886914458 0.42912951886914458 2.2218891394209472 -0.043513774251172747 0.0033469255985083116 -0.0029193510004637542 0.019590709377754315 3844184.5000000005 -927.60255315782672 0.026208743449070964 -0.064627417928631178 0.34499999999999892 0.60000000000000042 -0.154555998600545 -98.509937806132925 -0.95000000000000095 0.52628886635971761 18.500000000000004 -0.16861481485425825 0.0032945467404216825 0.009061306055535014 197365.50000000003 0.95436507936507942 -627.24334620079458 0.13501138094417078 18.500000000000004 191012.00000000003 -207.99159942405626 2.1337077538320135 0.15715824599918393 2.7749999999999999 -0.015517144669539516 0.013692599661280039 0.22420634920634921 0.58354843548031965 1.7875753443927969 0.15684308191263097 0.10632711802637353 -0.37799628727230533 0.050564502458456811 0.92998514298824597 12.500000000000002 234.46538662697353 -456.26907697041929 0.0074256608848538852 1.5000000000000002 84.014997470954583 -0.0012377655750567815 10059.249999999976 162.71319332184518 -0.37799628727230533 -0.2609773086712629 0.024560255503349376 0.12784066168861022 0.01499710579426783 1.1088075997975564 0.40000000000000008 107.54964695133262 0.10000000000000099 -16.524682440200312 0.085317460317460334
decision_type=10 10 10 10 10 2 2 2 10 2 2 2 2 10 10 10 2 10 2 10 2 2 2 2 10 2 2 2 8 2 2 2 10 2 10 2 2 10 2 10 10 8 2 2 2 2 2 10 8 10 2 10 2 10 8 2 2 10 2 2 2 10 10 10 10 2
left_child=1 7 3 6 18 9 8 55 13 10 37 17 19 26 -4 -8 40 30 46 27 -7 -22 23 -17 -18 28 -2 39 57 -9 48 -13 33 43 54 47 -29 -6 65 -11 50 -41 -39 63 -45 -46 -3 51 -12 -21 -5 -28 -30 -23 -25 -1 -52 58 -20 -48 -53 -47 -26 -15 -58 -33
right_child=2 4 14 16 5 20 15 29 -10 12 11 31 -14 32 -16 22 24 -19 25 49 21 53 -24 34 62 -27 35 36 52 -31 -32 38 -34 -35 -36 -37 -38 42 -40 41 -42 -43 -44 44 45 61 59 -49 -50 -51 56 60 -54 -55 -56 -57 64 -59 -60 -61 -62 -63 -64 -65 -66 -67
leaf_value=-0.0044523870376303931 -0.0046619305904902807 -0.011448753874083575 -0.012000143148440936 -0.0015967726189151394 -0.0030893051451967701 0.011300699977211254 -0.0071043152150854511 0.003878933632702238 -0.0013587057038031119 -0.001084417484687383 -0.021806264302809613 -0.0047072370301483018 0.0042585844834703915 0.0073982089104750303 0.0074965142237861026 -0.0024879872732009615 0.0044724651122349498 0.0033937812800149013 0.0049709704581534777 0.0048434093897276676 0.0071858350333149287 -0.01085427977040238 -0.003570432201504469 0.018949043170017398 -9.9011991370750741e-05 -0.0044968415778171584 -0.00064033160892655648 -0.0075288920109752933 -0.00035111417252227384 -0.0098495720367713039 0.00043029084444624871 0.00057710141661070676 0.002748866771546185 0.0031500300619523133 -0.00054782912249641785 -0.0026331297610451671 0.0051149285850903793 0.013824026382444123 0.012527141203695344 -0.026706299236040797 -0.0021738965713276296 -0.00048916213862729326 -0.0017157435703880949 0.0045925830503383966 0.0065262350854160848 0.026713556848894645 -0.002561689493676697 -0.0010954348708136173 -0.00093822958645817765 -0.0053502663074621142 -0.00028248990906373209 0.015228992830634848 0.015918894707671383 0.0014477500676593385 0.0013112631273244689 -0.037753996783229958 0.013260642086522367 -0.0050452978239238265 -0.0025764482410702257 0.0044210313911088152 0.00080786455120015403 0.003586368206976099 -0.011694813177281391 2.9507498861295067e-05 0.00061743377136852908 -0.0026933439776082131
leaf_weight=2.2672521024942389 1.3846540926024342 2.8790297266095868 9.6925671175122243 1.1508250394836093 1.1801618793979276 2.8719381084665656 4.5419499725103405 2.459217492491006 3.9895388409495345 1.552385918330393 17.190691951313056 1.0758970505557943 1.5480330539867271 3.0694116950035086 4.4842122308909884 1.8200669642537874 1.896481491625307 1.88793619791977 1.1139875678345563 1.292869481723762 1.8830965161323527 4.8003957830369473 2.2914137914776793 8.4831706536933709 1.210811431519687 1.2177935326471914 1.4017007928341616 1.7434701314195993 1.2741975714452545 2.8420966174453497 1.5904971181880672 0.95549258682876803 3.4521654844284049 3.614665023982524 2.0069160219281921 1.4894898775964964 1.3985625635832537 2.5430247085168962 3.0950316614471376 45.966812262660831 2.0241575185209504 1.0639385804533876 1.1216322332620619 4.9611690244637421 6.621792707592248 140.61567364027724 0.89338411390781391 1.7047257903031994 1.8151804055087399 1.6780549040995536 1.202404518611728 8.6086733834817988 5.1691506314091384 1.220540255308151 2.3632619697600612 66.381688971538097 7.4165093069896075 0.89398460090160359 0.62596083804965008 1.0059385597705839 1.7340288250707079 2.573943752795457 5.4185605584643781 2.9097228413447738 1.3112729229033 0.97908919863402843
leaf_count=31 33 94 78 39 39 122 33 32 37 52 519 45 65 27 44 37 65 55 76 47 71 136 45 169 45 26 36 51 52 44 67 44 30 44 31 42 39 89 120 1423 67 37 38 79 77 2218 41 58 69 57 54 273 182 46 42 978 274 26 26 54 45 75 151 56 44 30
internal_value=-3.84023e-05 -0.0230453 0.0178661 0.0194068 -0.0135559 -0.0158031 0.0210931 -0.0354578 0.0225852 -0.0181685 -0.00836422 -0.0120874 -0.0224517 0.0231343 -0.00539774 0.00573239 0.00191826 -0.0170136 0.0016778 -0.023599 0.00328969 -0.00351963 0.0102274 0.012835 -0.00683975 0.00777885 0.00721732 -0.0246898 0.0106553 -0.00488341 -0.0192663 0.00545432 0.0243377 0.0246625 0.0151173 0.0094414 -0.00224965 0.00780863 0.00909328 -0.0256821 0.00801032 -0.0262517 0.0110473 0.0249971 0.0254648 0.0259241 -0.00829982 0.0112183 -0.0205926 -0.000626524 0.00999247 0.0127521 0.0141779 -0.00891532 0.0171063 -0.0371595 0.0114412 -0.00197761 0.00236264 0.00169901 0.0141003 0.0264812 -0.0107074 0.00574762 0.0124716 -0.00188434
internal_weight=434.924 189.478 245.446 231.269 115.528 100.455 209.638 73.9503 188.131 89.6788 33.4346 28.5898 56.2441 184.142 14.1768 21.5068 21.631 22.4843 15.0734 54.6961 10.776 7.90403 16.9648 14.6734 8.52585 10.2951 16.3233 51.7252 9.07728 5.30131 20.5964 6.10551 167.819 164.366 12.8533 14.9386 3.14203 4.84482 5.02961 48.5831 13.1052 47.0308 3.66466 160.752 154.773 149.811 4.77835 13.4491 19.0059 2.97092 11.081 11.7444 6.44335 6.02094 10.8464 68.6489 9.93019 2.63393 1.73995 1.89932 10.3427 143.19 6.62937 5.97913 8.72778 1.93458
internal_count=9271 4923 4348 4226 3838 3261 3487 1085 3130 2886 1115 949 1771 3093 122 357 739 710 577 1706 375 253 324 279 261 388 487 1602 362 76 655 239 2606 2576 242 454 90 166 194 1512 478 1460 127 2532 2449 2370 189 412 588 104 411 354 234 182 211 1009 372 128 102 95 318 2293 196 83 318 74
is_linear=0
shrinkage=0.0269304


end of trees

feature_importances:
VIX_21d_pct_change=9
theta=5
days_until_next_pce=4
leverage=4
atmf_iv_5dte_percentile_252d=3
entry_bid_ask_spread=3
entry_log_premium=3
jobless_claims=3
spx_1d_returns=3
spx_5d_returns=3
VIX_VIX9D_ratio=2
atmf_iv_10dte_intraday_range=2
delta=2
gamma_x_morning_spx_rv_annualized=2
iv_at_strike_minus_atmf_pct=2
morning_vix_change=2
theta_x_atmf_iv_5dte_percentile_252d=2
vix_z_60d=2
VIX_5d_pct_change=1
atmf_iv_1dte_1000=1
gamma=1
iv_at_strike_minus_atmf=1
morning_spx_range_pct=1
prior_day_strategy_drawdown_max_5d=1
rom_roll_std_30d=1
spx_252d_rv=1
vega=1
vix_front_curvature=1

parameters:
[boosting: gbdt]
[objective: lambdarank]
[metric: ndcg]
[tree_learner: serial]
[device_type: cpu]
[data_sample_strategy: bagging]
[data: ]
[valid: ]
[num_iterations: 2000]
[learning_rate: 0.0269304]
[num_leaves: 250]
[num_threads: 4]
[seed: 20260827]
[deterministic: 1]
[force_col_wise: 0]
[force_row_wise: 0]
[histogram_pool_size: -1]
[max_depth: -1]
[min_data_in_leaf: 37]
[min_sum_hessian_in_leaf: 0.001]
[bagging_fraction: 0.994861]
[pos_bagging_fraction: 1]
[neg_bagging_fraction: 1]
[bagging_freq: 6]
[bagging_seed: 4042]
[bagging_by_query: 0]
[feature_fraction: 0.978756]
[feature_fraction_bynode: 1]
[feature_fraction_seed: 18928]
[extra_trees: 0]
[extra_seed: 2987]
[early_stopping_round: 0]
[early_stopping_min_delta: 0]
[first_metric_only: 0]
[max_delta_step: 0]
[lambda_l1: 0.00122228]
[lambda_l2: 6.86801]
[linear_lambda: 0]
[min_gain_to_split: 0]
[drop_rate: 0.1]
[max_drop: 50]
[skip_drop: 0.5]
[xgboost_dart_mode: 0]
[uniform_drop: 0]
[drop_seed: 32588]
[top_rate: 0.2]
[other_rate: 0.1]
[min_data_per_group: 100]
[max_cat_threshold: 32]
[cat_l2: 10]
[cat_smooth: 10]
[max_cat_to_onehot: 4]
[top_k: 20]
[monotone_constraints: ]
[monotone_constraints_method: basic]
[monotone_penalty: 0]
[feature_contri: ]
[forcedsplits_filename: ]
[refit_decay_rate: 0.9]
[cegb_tradeoff: 1]
[cegb_penalty_split: 0]
[cegb_penalty_feature_lazy: ]
[cegb_penalty_feature_coupled: ]
[path_smooth: 0]
[interaction_constraints: ]
[verbosity: -1]
[saved_feature_importance_type: 0]
[use_quantized_grad: 0]
[num_grad_quant_bins: 4]
[quant_train_renew_leaf: 0]
[stochastic_rounding: 1]
[linear_tree: 0]
[max_bin: 255]
[max_bin_by_feature: ]
[min_data_in_bin: 3]
[bin_construct_sample_cnt: 200000]
[data_random_seed: 4782]
[is_enable_sparse: 1]
[enable_bundle: 1]
[use_missing: 1]
[zero_as_missing: 0]
[feature_pre_filter: 1]
[pre_partition: 0]
[two_round: 0]
[header: 0]
[label_column: ]
[weight_column: ]
[group_column: ]
[ignore_column: ]
[categorical_feature: ]
[forcedbins_filename: ]
[precise_float_parser: 0]
[parser_config_file: ]
[objective_seed: 30075]
[num_class: 1]
[is_unbalance: 0]
[scale_pos_weight: 1]
[sigmoid: 1]
[boost_from_average: 1]
[reg_sqrt: 0]
[alpha: 0.9]
[fair_c: 1]
[poisson_max_delta_step: 0.7]
[tweedie_variance_power: 1.5]
[lambdarank_truncation_level: 5]
[lambdarank_norm: 1]
[label_gain: 0,1,3,7,15]
[lambdarank_position_bias_regularization: 0]
[eval_at: 1,3]
[multi_error_top_k: 1]
[auc_mu_weights: ]
[num_machines: 1]
[local_listen_port: 12400]
[time_out: 120]
[machine_list_filename: ]
[machines: ]
[gpu_platform_id: -1]
[gpu_device_id: -1]
[gpu_device_id_list: ]
[gpu_use_dp: 0]
[num_gpu: 1]

end of parameters

pandas_categorical:[]
