tree
version=v4
num_class=1
num_tree_per_iteration=1
label_index=0
max_feature_idx=33
objective=lambdarank
feature_names=VIX_21d_pct_change VIX_5d_pct_change VIX_VIX9D_ratio VVIX_5d_pct_change atmf_iv_10dte_intraday_range atmf_iv_1dte_percentile_252d atmf_iv_30dte_intraday_pct_change atmf_iv_30dte_percentile_252d days_until_next_pce entry_bid_ask_spread front_roll_yield gamma_x_dte gamma_x_morning_spx_rv_annualized iv_at_strike_minus_atmf_x_VIX_VIX9D_spread iv_term_slope_5d_30d jobless_claims leverage morning_atmf_iv_pct_change morning_spx_log_return morning_spx_range_pct morning_spx_rv_annualized morning_vix_change prior_day_strategy_drawdown_max_5d rom_roll_skew_30d rom_roll_std_30d spx_10d_returns spx_1d_returns spx_5d_returns theta theta_x_atmf_iv_5dte_percentile_252d vega vix_curvature_9d_30d_3m vix_z_60d win_rate_30d
feature_infos=[-0.52839210998206809:4.8438162544169607] [-0.42827256425582794:1.6965317919075145] [0.62891809908998986:1.5167853509664293] [-0.32030341620065339:0.70757303583246678] [0.0036813882916645474:0.2613707868372882] [0:0.99603174603174605] [-0.24318986529363051:0.74536575348065082] [0:0.99603174603174605] [0:44] [0.049999999999999822:29.899999999999999] [-6.7375000000000007:4.8832999999999984] [0:0.033556061189271305] [0.00050198565975699322:0.029708705204148592] [-6.5795764598266988:0.58289359397191487] [-0.50666580450779986:0.067287322754047196] [152144:6161268] [12.51586456957032:1073.1554712918908] [-0.33382759238393778:0.44486063275178811] [-0.029011813819852964:0.026209351931648178] [0.00081068192656181268:0.047613469070574892] [0.17917490989228085:8.150433863579746] [-17.640000000000001:24.859999999999999] [0:30374.000000000073] [-5.4772255750516701:5.0258428426019996] [7.1417041269969607e-17:19.770253581632318] [-0.23386323847009061:0.19052471618843292] [-0.11984050283657066:0.093827657101993367] [-0.1796662632195084:0.17397425583266291] [-7697.42948726533:-96.192032199531141] [-7575.2480668325461:0] [10.153572579096968:166.46298008069991] [-4.4899999999999949:17.299999999999997] [-2.0770891229405501:6.9859947436689716] [0.46666666666666667:1]
tree_sizes=2043 2275 2203

Tree=0
num_leaves=20
num_cat=0
split_feature=30 30 12 28 12 30 16 0 20 14 32 15 32 28 24 33 4 14 17
split_gain=169.994 19.6237 16.5514 9.29303 4.90457 3.69099 2.69653 2.78231 2.74205 2.6285 2.33909 2.20958 1.85247 1.52171 1.44405 1.35191 1.22505 1.21773 1.17458
threshold=68.094899414056428 156.87205253019093 0.0082307502898983764 -252.36854876617272 0.0047044380108681024 21.985211149779555 438.47315066559071 -0.31271000621551176 1.4882856680275702 0.041412387922111944 -0.91990158412628409 1483992.5000000002 3.6146297324456689 -481.00897757036898 1.9394613682255086e-16 0.68333333333333346 0.014864711660551514 -0.0304148336303765 -0.16051194251658343
decision_type=8 8 10 10 10 10 10 2 2 10 2 2 2 10 10 10 10 10 8
left_child=2 4 3 12 -2 10 7 -6 11 -3 -5 13 14 17 -1 -4 -7 -9 -16
right_child=1 9 15 5 6 16 -8 8 -10 -11 -12 -13 -14 -15 18 -17 -18 -19 -20
leaf_value=0.0063668738565560929 0 -0.12040608774234346 -0.0433962611399566 0 0 0.070292603251588773 0 0 0 0 -0.065291660681802782 0 0 0 0 0.0045515189282127307 0 -0.078252344721252601 0.084595449978871556
leaf_weight=6.2090913923457256 10.688736606738528 48.319564955774695 4.8465216062031713 4.4513463266193867 2.6463124988367772 6.0507693551480761 2.061922754161059 4.4081047289073387 6.6196870994754127 1.5216024443507183 5.0668059661984461 1.3406318267807353 1.5222371704876412 2.9866728426422986 3.9711687499657273 20.607276661787182 1.7447313442826269 43.341933090239763 108.07992827193812
leaf_count=93 340 687 126 34 95 69 59 124 251 20 43 42 29 124 61 818 17 1414 1669
internal_value=0.000674473 -0.0738384 0.058416 0.0701365 -0.0426874 0.00236345 -0.051846 -0.0556412 -0.0598151 -0.116941 -0.0232006 -0.0664231 0.0786765 -0.0695917 0.0798933 0 0.0522722 -0.0733169 0.0826269
internal_weight=286.485 123.935 162.55 137.096 74.094 17.3137 63.4053 61.3433 58.697 49.8412 9.51815 52.0773 119.782 50.7367 118.26 25.4538 7.7955 47.75 112.051
internal_count=6115 3156 2959 2015 2449 163 2109 2050 1955 707 77 1704 1852 1662 1823 944 86 1538 1730
is_linear=0
shrinkage=0.0851098


Tree=1
num_leaves=20
num_cat=0
split_feature=30 12 23 12 28 0 12 17 30 0 19 15 4 16 18 26 18 4 30
split_gain=297.655 54.5621 44.2897 21.3875 31.9982 20.6839 19.5881 15.9911 13.8331 13.2654 13.1778 21.128 13.168 11.975 11.3315 11.1634 29.2677 23.1665 18.3155
threshold=95.358258426313995 0.011398850805624637 -3.0631293273913753 0.0031669191143376412 -310.30227502019807 -0.28669745726128554 0.0046593057943975892 -0.057330728966937021 23.086647622106508 -0.11698723395504616 0.0034467804647913386 201172.50000000003 0.0097073848117082851 490.06280855445459 0.00057056465931750952 0.00068171097947400405 -0.00092590874365566713 0.0094324796121290373 61.560682582408432
decision_type=8 10 10 10 10 2 8 10 10 2 2 2 8 10 2 2 2 10 10
left_child=1 3 -2 4 5 -1 14 9 -5 -6 11 -7 -10 -8 -4 18 -17 -18 -3
right_child=2 15 6 8 7 10 13 -9 12 -11 -12 -13 -14 -15 -16 16 17 -19 -20
leaf_value=-0.0048047767209053165 -0.10774456070452114 0.024521885296911943 0.093125234773709403 -0.028807418865090868 0.0049465907637658386 -0.07034612366880906 -0.06095120855007316 0.029352445690755624 0.071452763968588739 -0.13988048536186393 0.096385120398804786 0.06501011289741071 0.024377466670816458 0.089327700936164309 -0.035717057081962558 -0.08681698124430319 -0.065855409240674498 0.094674091371909005 -0.083651558363611683
leaf_weight=19.365202911198139 147.91232747538015 13.137183634564279 12.937024615705015 27.414337238296866 5.1255211783573023 8.817745774984358 59.447231465019286 25.551659356802702 54.298192337155342 9.6769951134920102 134.49378637224436 52.634256165474653 357.59796195337549 3.2246647104620925 5.8093835413455954 17.109905587509274 7.7088597081601646 23.965782442130148 39.868062047287822
leaf_count=48 858 141 68 87 23 23 562 118 391 35 383 163 2402 11 50 151 63 221 317
internal_value=0.00558194 0.0303115 -0.079656 0.0389235 0.0589972 0.0721018 -0.0267122 -0.00724627 0.0268885 -0.080125 0.080461 0.0430629 0.0309649 -0.0506818 0.0453257 -0.0270002 0 0.050811 -0.0540404
internal_weight=1026.1 796.765 229.331 694.976 255.665 215.311 81.4183 40.3542 439.31 14.8025 195.946 61.452 411.896 62.6719 18.7464 101.79 48.7845 31.6746 53.0052
internal_count=6115 4566 1549 3673 793 617 691 176 2880 58 569 186 2793 573 118 893 435 284 458
is_linear=0
shrinkage=0.0851098


Tree=2
num_leaves=20
num_cat=0
split_feature=30 30 32 28 32 28 15 20 28 15 21 20 21 13 0 10 1 30 6
split_gain=159.243 52.5158 14.8322 20.314 14.6509 14.2574 13.7535 18.9837 13.5651 15.2008 13.9152 13.1241 12.4669 10.8903 10.7827 10.716 9.70328 8.405 8.35499
threshold=156.87205253019093 52.325280212295461 -1.3744137052759187 -446.78175509720671 -1.2938723587143535 -921.76614213558162 196205.00000000003 0.41499115216913979 -437.9910111966463 415736.00000000006 0.54500000000000359 1.2836028566284836 -0.31500000000000122 0.0054470398563234599 0.43397869686739282 0.23062500000000033 -0.075773516884693734 26.411401575984765 0.048864223612124398
decision_type=8 10 2 10 2 10 2 2 10 2 2 2 2 10 2 2 2 10 8
left_child=1 2 -1 4 -4 -6 12 15 -5 10 18 14 -3 -14 -9 -8 -15 -12 -10
right_child=-2 6 3 8 5 -7 7 11 9 -11 17 -13 13 16 -16 -17 -18 -19 -20
leaf_value=0.10391045155190268 -0.097699755343874081 0.0051608509263683343 -0.075998078741886618 -0.097018786844739968 0.016514443859054376 0.074190287897420493 0.096563849525595158 -0.017906369188620656 0 0.08497729329396482 0 0.039524356084740572 -0.091089291572658604 0.099139292010901561 0.064970109540556334 0 -0.054655984763328051 0.12611435456219858 -0.10193667663301859
leaf_weight=30.675831125117838 91.276649525854737 26.574547572061419 4.8414509184658518 7.3736844379454842 49.094986410811543 141.64286192739382 24.04934380017221 180.71294353483245 78.669252947438508 20.979045525193214 8.3482067082077283 43.118515361100435 30.953123845625669 4.6355112753808498 11.393667488358913 14.422374614514409 7.7393329422920925 9.6862806845456344 6.3811518028378478
leaf_count=158 707 306 19 27 343 697 210 1975 375 65 51 492 285 42 67 154 77 41 24
internal_value=0.00767289 0.0216152 0.0444535 0.0383827 0.055968 0.0601466 -0.0017336 0.0064163 0.0110542 0.0187694 0.00376389 -0.00204968 -0.0357271 -0.0641787 -0.0121763 0.0618805 0 0.0723925 -0.00912323
internal_weight=792.569 701.292 357.693 327.017 195.579 190.738 343.599 273.697 131.438 124.064 103.085 235.225 69.9025 43.328 192.107 38.4717 12.3748 18.0345 85.0504
internal_count=6115 5408 1800 1642 1059 1040 3608 2898 583 556 491 2534 710 404 2042 364 119 92 399
is_linear=0
shrinkage=0.0851098


end of trees

feature_importances:
vega=9
theta=6
gamma_x_morning_spx_rv_annualized=5
VIX_21d_pct_change=4
jobless_claims=4
vix_z_60d=4
atmf_iv_10dte_intraday_range=3
morning_spx_rv_annualized=3
iv_term_slope_5d_30d=2
leverage=2
morning_atmf_iv_pct_change=2
morning_spx_log_return=2
morning_vix_change=2
VIX_5d_pct_change=1
atmf_iv_30dte_intraday_pct_change=1
front_roll_yield=1
iv_at_strike_minus_atmf_x_VIX_VIX9D_spread=1
morning_spx_range_pct=1
rom_roll_skew_30d=1
rom_roll_std_30d=1
spx_1d_returns=1
win_rate_30d=1

parameters:
[boosting: gbdt]
[objective: lambdarank]
[metric: ndcg]
[tree_learner: serial]
[device_type: cpu]
[data_sample_strategy: bagging]
[data: ]
[valid: ]
[num_iterations: 2000]
[learning_rate: 0.0851098]
[num_leaves: 20]
[num_threads: 4]
[seed: 20260828]
[deterministic: 1]
[force_col_wise: 0]
[force_row_wise: 0]
[histogram_pool_size: -1]
[max_depth: -1]
[min_data_in_leaf: 21]
[min_sum_hessian_in_leaf: 0.001]
[bagging_fraction: 0.528494]
[pos_bagging_fraction: 1]
[neg_bagging_fraction: 1]
[bagging_freq: 5]
[bagging_seed: 14791]
[bagging_by_query: 0]
[feature_fraction: 0.989926]
[feature_fraction_bynode: 1]
[feature_fraction_seed: 10223]
[extra_trees: 0]
[extra_seed: 6913]
[early_stopping_round: 0]
[early_stopping_min_delta: 0]
[first_metric_only: 0]
[max_delta_step: 0]
[lambda_l1: 1.75174]
[lambda_l2: 0.125414]
[linear_lambda: 0]
[min_gain_to_split: 0]
[drop_rate: 0.1]
[max_drop: 50]
[skip_drop: 0.5]
[xgboost_dart_mode: 0]
[uniform_drop: 0]
[drop_seed: 17684]
[top_rate: 0.2]
[other_rate: 0.1]
[min_data_per_group: 100]
[max_cat_threshold: 32]
[cat_l2: 10]
[cat_smooth: 10]
[max_cat_to_onehot: 4]
[top_k: 20]
[monotone_constraints: ]
[monotone_constraints_method: basic]
[monotone_penalty: 0]
[feature_contri: ]
[forcedsplits_filename: ]
[refit_decay_rate: 0.9]
[cegb_tradeoff: 1]
[cegb_penalty_split: 0]
[cegb_penalty_feature_lazy: ]
[cegb_penalty_feature_coupled: ]
[path_smooth: 0]
[interaction_constraints: ]
[verbosity: -1]
[saved_feature_importance_type: 0]
[use_quantized_grad: 0]
[num_grad_quant_bins: 4]
[quant_train_renew_leaf: 0]
[stochastic_rounding: 1]
[linear_tree: 0]
[max_bin: 255]
[max_bin_by_feature: ]
[min_data_in_bin: 3]
[bin_construct_sample_cnt: 200000]
[data_random_seed: 4785]
[is_enable_sparse: 1]
[enable_bundle: 1]
[use_missing: 1]
[zero_as_missing: 0]
[feature_pre_filter: 1]
[pre_partition: 0]
[two_round: 0]
[header: 0]
[label_column: ]
[weight_column: ]
[group_column: ]
[ignore_column: ]
[categorical_feature: ]
[forcedbins_filename: ]
[precise_float_parser: 0]
[parser_config_file: ]
[objective_seed: 7621]
[num_class: 1]
[is_unbalance: 0]
[scale_pos_weight: 1]
[sigmoid: 1]
[boost_from_average: 1]
[reg_sqrt: 0]
[alpha: 0.9]
[fair_c: 1]
[poisson_max_delta_step: 0.7]
[tweedie_variance_power: 1.5]
[lambdarank_truncation_level: 5]
[lambdarank_norm: 1]
[label_gain: 0,1,3,7,15]
[lambdarank_position_bias_regularization: 0]
[eval_at: 1,3]
[multi_error_top_k: 1]
[auc_mu_weights: ]
[num_machines: 1]
[local_listen_port: 12400]
[time_out: 120]
[machine_list_filename: ]
[machines: ]
[gpu_platform_id: -1]
[gpu_device_id: -1]
[gpu_device_id_list: ]
[gpu_use_dp: 0]
[num_gpu: 1]

end of parameters

pandas_categorical:[]
