tree
version=v4
num_class=1
num_tree_per_iteration=1
label_index=0
max_feature_idx=4
objective=lambdarank
feature_names=vega gamma_x_morning_spx_rv_annualized theta jobless_claims VIX_21d_pct_change
feature_infos=[10.153572579096968:166.46298008069991] [0.00050198565975699322:0.029708705204148592] [-7697.42948726533:-96.192032199531141] [152144:6161268] [-0.52839210998206809:4.8438162544169607]
tree_sizes=5570 5477

Tree=0
num_leaves=51
num_cat=0
split_feature=0 0 0 2 2 3 3 2 2 2 3 0 3 2 3 3 3 3 3 3 0 0 3 0 3 3 3 3 3 3 3 3 2 3 2 0 2 3 3 3 0 2 3 2 2 3 0 3 0 3
split_gain=204.646 25.8484 10.7607 12.5352 5.75696 4.52316 3.54941 3.31396 3.12105 2.96401 2.81309 2.63973 2.40837 2.39277 2.21135 2.03364 1.56007 1.43465 1.38396 1.3535 1.26811 3.26573 1.12375 1.09102 1.03111 0.967326 0.91599 0.902192 0.8992 0.878135 0.850334 0.838582 3.02661 1.91833 1.24764 0.783163 0.764123 0.74775 0.720024 0.669703 0.764532 0.610869 0.941164 0.575399 1.05438 0.437251 0.729648 0.386071 0.385831 0.177599
threshold=65.83106516990695 156.87205253019093 51.894719195030945 -295.30438426825248 -821.39849629259709 220336.00000000003 343044.50000000006 -446.78175509720671 -716.18962959171279 -921.76614213558162 221653.00000000003 75.702469690060852 196301.00000000003 -671.42694163432304 263487.00000000006 363738.00000000006 814092.50000000012 213381.00000000003 814092.50000000012 268783.00000000006 25.731937112203347 28.637931783820747 198435.00000000003 30.322565775867663 239664.00000000003 282648.50000000006 203535.00000000003 869382.00000000012 822051.00000000012 202899.00000000003 187152.50000000003 243453.50000000003 -1678.6530764209672 220336.00000000003 -1173.1264513416688 43.390766510839875 -1182.3922388171459 183013.50000000003 179959.00000000003 721051.50000000012 97.945075916505189 -1182.3922388171459 303862.00000000006 -598.06213449909399 -505.64802938799374 199772.50000000003 41.707942111098298 204027.00000000003 59.682389743838783 215617.00000000003
decision_type=8 8 10 10 10 2 2 10 8 10 2 10 2 10 2 2 2 2 2 2 10 10 2 10 2 2 2 2 2 2 2 2 10 2 8 8 10 2 2 2 10 8 2 8 8 2 10 2 10 2
left_child=2 4 3 6 11 29 7 9 17 35 -5 22 37 -7 48 31 24 36 -8 -19 -11 -22 -2 -20 30 -26 -9 39 -21 38 -3 33 -33 47 -34 -1 -4 -13 -6 40 -17 42 -24 -15 -45 -23 -47 -14 -10 -32
right_child=1 16 8 10 5 13 18 26 14 20 -12 12 15 43 -16 27 -18 19 23 28 21 45 41 -25 25 -27 -28 -29 -30 -31 49 32 34 -35 -36 -37 -38 -39 -40 -41 -42 -43 -44 44 -46 46 -48 -49 -50 -51
leaf_value=0.014168140255398557 -0.013930157539177961 -0.022453691219915854 9.4815249387548067e-05 0.0094361476233384631 -0.015727894108010867 -0.0051689623677917207 0.026769590174485092 0.0058970126399377418 0.0093779852503041439 0.016811957737857843 -0.0024932386956850461 -0.01828317100819726 -0.010467399193303695 0.017058989707797276 0.023462034122920267 -0.0099065789585575086 -0.03426321106805285 -0.012404218203209628 0.015792003899364294 0.0064934258065739315 0.033311149590613341 0.023722797478815168 0.009628214817887391 0.024878866528805447 -0.017022223757908152 -0.025190127659086133 0.013296322438990937 -0.01089167431558738 -0.0075879475928959626 -0.020697017356913729 -0.028417610978295409 0.010179267706949231 -0.019536368467510234 -0.021820341958464311 -0.0029925403290990507 0.004409773163342943 0.012312107992618872 -0.029393144237426432 -0.003295872123268589 -0.025073546333284041 -0.022606002473802362 -0.0084500117486828574 -0.0055941031994217894 -0.00080948707198487749 0.015164399555783791 0.013035557767682544 0.022178208680103076 -0.0025959723755700267 0.00032330717615782775 -0.032655414818430414
leaf_weight=9.2635798733681405 4.2411199731286606 8.6831348501145857 4.8625352941453457 18.544498695060614 3.1320349322631973 6.3611029691528556 20.492947443388402 10.865849258843811 3.9888921347446722 17.516545180231333 13.119239050894974 4.8288716757670027 6.4248026004061156 3.3429880876792595 3.9696698654443026 3.7226753858849424 8.72136432956904 5.8156557604670507 12.788946714252235 4.079801560845226 9.2767958901822585 5.8701721238903728 3.1170575004070997 8.9467305080033821 9.2358180652372557 15.693029563874004 16.867653723806143 5.2652300167828789 3.1099411165341735 3.3439306241925806 12.777712079696359 3.3623516971711069 4.1533411049749702 5.5910679381340733 3.1677864533849043 5.0251552034169444 3.4263022253289837 5.0024386376608163 4.4631821801885962 6.8916584920370951 3.8650737926363945 3.4203809751197678 3.1936574527062476 3.3164214035496116 3.0772808035835606 7.8330640597268921 6.3311916231177747 4.051329483743757 3.494797682389617 7.4541222713887683
leaf_count=179 139 124 164 176 106 225 220 175 166 147 130 130 193 113 131 111 120 187 116 148 84 160 129 185 115 208 206 174 137 103 207 106 150 173 117 151 139 148 172 213 125 110 112 114 128 130 163 166 130 110
internal_value=1.79248e-05 -0.0165402 0.0135629 0.0156403 -0.0101744 -0.00242417 0.0183328 0.0160846 0.00323156 0.0186571 0.004486 -0.0131517 -0.0150588 0.00421896 0.0115405 -0.0131702 -0.0264396 -0.00122669 0.023057 -0.00532507 0.0210633 0.023595 -0.00544579 0.0195444 -0.0251672 -0.0221746 0.0104063 -0.0179884 0.000369057 -0.0122212 -0.0277379 -0.00960434 -0.00527947 -0.0124646 -0.0124122 0.0107536 0.00517483 -0.0239634 -0.00845554 -0.0205514 -0.0164094 -0.00172225 0.00188726 0.0103766 0.0068428 0.0190824 0.0171405 -0.00744678 0.00518216 -0.0299926
internal_weight=355.391 159.901 195.49 162.742 97.3358 27.0369 131.079 88.85 32.7476 61.1165 31.6637 70.2988 56.3266 16.0978 11.4534 46.4953 62.5652 21.2942 42.2286 13.0054 46.8278 29.3112 13.9722 21.7357 53.8438 24.9288 27.7335 19.7446 7.18974 10.9391 28.915 26.7507 10.6835 16.0672 7.32113 14.2887 8.28884 9.83131 7.59522 14.4794 7.58775 9.7311 6.31071 9.73669 6.3937 20.0344 14.1643 10.4761 7.48369 20.2318
internal_count=7565 4141 3424 2222 3257 961 1916 1395 1202 1014 306 2296 1806 580 427 1528 884 775 521 472 684 537 490 301 764 323 381 623 285 381 441 905 373 532 267 330 303 278 278 449 236 351 241 355 242 453 293 359 296 317
is_linear=0
shrinkage=0.0197353


Tree=1
num_leaves=50
num_cat=0
split_feature=2 2 3 4 2 2 3 2 3 2 4 2 3 4 4 2 3 4 3 2 4 2 2 3 4 4 4 2 4 3 2 4 3 3 2 3 3 3 3 3 3 4 4 4 2 4 2 3 2
split_gain=758.838 115.599 13.8101 8.96334 8.10554 9.07589 9.97378 7.5938 8.33514 7.38567 6.92747 14.7469 6.59552 8.6787 10.598 8.02493 5.79812 5.46292 5.18601 8.24731 4.76059 4.43473 4.31322 4.25328 4.02263 14.128 8.08876 5.67473 6.89543 4.23704 3.72258 3.47484 4.50697 3.37961 3.20663 3.1627 5.80914 2.8656 2.32857 2.18658 5.88915 1.93963 1.88445 1.83146 1.59717 3.11066 1.20772 1.06231 1.50759
threshold=-209.04573632854371 -898.08848485891201 193675.00000000003 -0.30731003106879057 -295.30438426825248 -704.29677380014664 192672.50000000003 -789.39799578482928 232745.00000000003 -569.41185032625003 0.41479157635212388 -1744.9905888640594 192672.50000000003 0.25385383190269334 -0.15674275683298575 -1151.3795106385662 829050.50000000012 -0.037053293807243974 199477.00000000003 -1933.8053418989018 0.16578296766976011 -1207.8473988647459 -569.41185032625003 240417.00000000003 0.095098804876934798 0.042663504364253153 0.22451352853965914 -485.49677225969293 -0.0058601399692598246 226991.00000000003 -1354.0847685171238 -0.2308401232593473 317901.00000000006 615828.00000000012 -446.78175509720671 204263.50000000003 313660.00000000006 546779.00000000012 265625.50000000006 274517.00000000006 239664.00000000003 0.15405811195445909 -0.10403570423497648 -0.1130627590860888 -358.35382241695964 -0.097197738629094241 -2114.7722113865925 199772.50000000003 -2114.7722113865925
decision_type=8 10 2 2 10 10 2 10 2 10 2 10 2 2 2 10 2 2 2 10 2 10 10 2 2 2 2 10 2 2 8 2 2 2 10 2 2 2 2 2 2 2 2 2 10 2 10 2 10
left_child=1 10 -2 22 5 7 9 23 -9 -7 11 18 41 14 15 30 35 -11 46 38 31 47 -3 -5 25 27 -26 28 29 -8 -14 -4 42 -25 -29 -16 39 -38 -20 40 -37 -13 -33 -31 45 -36 -1 -12 -49
right_child=2 3 20 4 -6 6 24 8 -10 17 21 12 13 -15 16 -17 -18 -19 19 -21 -22 -23 -24 33 26 -27 -28 34 -30 43 -32 32 -34 -35 44 36 37 -39 -40 -41 -42 -43 -44 -45 -46 -47 -48 48 -50
leaf_value=-0.010076468422918807 -0.018697671741958823 -0.0013096238573018636 -0.024277399101841839 0.016623945447388259 0.004616485103288979 0.016806233465800648 0.01630461613150996 -0.0037010021254442289 0.01019989521507573 -0.00073775366999669252 0.011122832707794558 0.012936717872401452 0.0040621528440662963 0.0096284363866889905 -0.013514002029227073 0.012008483193792038 0.0030573596790636664 0.010901237151395633 0.0048240467810408737 -0.013933871174519701 -0.022674236088226576 -0.0033941206944071976 0.0096241274116100547 0.0028746505169849937 0.024120167162468894 0.0028918201416288829 0.013010944299660021 0.024379857246129139 0.022148602219486304 0.01143315278310254 -0.0077209113559638855 -0.029900267957686761 -0.02675275715015922 0.013738206378957878 0.02313585429218324 0.0024047757632880153 -0.016498440486551493 -0.0065955031212487931 -0.0042908308116037701 0.0046248139510859715 -0.011099899526535886 0.0039949011139416638 -0.035410113453097768 0.0056905277194222569 0.013678315691733483 0.014576434115954136 -0.017173039844096568 0.0093007497165447633 0.0014885247797213133
leaf_weight=18.976121574640274 78.014372609555721 28.324535757303238 41.490342603996396 46.36933321505785 50.020368063822389 26.900841303169727 44.884335499256849 31.57408419251442 35.861095282249153 35.11626335605979 21.535096004605293 18.903588112443686 24.477379104122519 30.560684066265821 18.544372610747814 32.899137210100889 34.97493221797049 28.363935422152281 23.352867778390646 23.459363274276257 50.42063389159739 18.706586079671979 27.82257928326726 23.357505660504103 53.168004352599382 37.603047478944063 49.382333148270845 30.711378298699856 28.044101189821959 48.112705171108246 18.20116051658988 40.430879577994347 69.349158829078078 21.467214219272137 33.582914803177118 30.385266352444887 16.638728428632021 36.497330352663994 20.48484294116497 19.152382902801037 21.43334374576807 19.094359736889601 63.76562811806798 39.729520883411169 35.571143803186715 33.08149978518486 18.91648031026125 20.548684310168028 18.248103726655245
leaf_count=126 179 137 112 189 210 122 213 150 203 176 138 131 152 173 103 220 213 139 174 129 160 92 111 136 192 127 144 123 114 188 122 110 195 122 143 211 143 230 131 114 145 102 172 157 143 111 117 147 115
internal_value=7.16923e-05 0.00698853 -0.0260071 0.0117102 0.0122926 0.0128545 0.0141068 0.00871431 0.00368781 0.00813687 -0.000374117 -0.00136811 0.000728345 -0.000304813 -0.0015047 0.00468358 -0.00413909 0.00445908 -0.00778312 -0.00448953 -0.0281543 0.00499218 0.00410422 0.0124285 0.0153498 0.0142894 0.0187731 0.0157478 0.013248 0.0113654 -0.000957467 -0.029438 -0.0306702 0.00808292 0.0187688 -0.00590518 -0.00476621 -0.00970125 0.000559328 -0.00106788 -0.00317658 0.00844991 -0.0332748 0.00883869 0.0170807 0.0188923 -0.0136259 0.00759642 0.00563257
internal_weight=1638.51 1295.04 343.471 789.049 732.902 682.881 524.252 158.629 67.4352 90.381 505.991 426.952 321.763 283.765 253.204 75.5777 177.626 63.4802 105.19 67.2971 265.457 79.0385 56.1471 91.1941 433.871 331.321 102.55 293.718 160.771 132.727 42.6785 215.036 173.546 44.8247 132.947 142.651 124.107 53.1361 43.8377 70.971 51.8186 37.9979 104.197 87.8422 102.236 66.6644 37.8926 60.3319 38.7968
internal_count=7506 6578 928 3350 3102 2892 2092 800 353 437 3228 2736 2059 1826 1653 494 1159 315 677 434 749 492 248 447 1655 1319 336 1192 672 558 274 589 477 258 520 946 843 373 305 470 356 233 282 345 397 254 243 400 262
is_linear=0
shrinkage=0.0197353


end of trees

feature_importances:
jobless_claims=44
theta=29
VIX_21d_pct_change=15
vega=11

parameters:
[boosting: gbdt]
[objective: lambdarank]
[metric: ndcg]
[tree_learner: serial]
[device_type: cpu]
[data_sample_strategy: bagging]
[data: ]
[valid: ]
[num_iterations: 2000]
[learning_rate: 0.0197353]
[num_leaves: 214]
[num_threads: 4]
[seed: 20260828]
[deterministic: 1]
[force_col_wise: 0]
[force_row_wise: 0]
[histogram_pool_size: -1]
[max_depth: -1]
[min_data_in_leaf: 116]
[min_sum_hessian_in_leaf: 0.001]
[bagging_fraction: 0.654439]
[pos_bagging_fraction: 1]
[neg_bagging_fraction: 1]
[bagging_freq: 1]
[bagging_seed: 14791]
[bagging_by_query: 0]
[feature_fraction: 0.50456]
[feature_fraction_bynode: 1]
[feature_fraction_seed: 10223]
[extra_trees: 0]
[extra_seed: 6913]
[early_stopping_round: 0]
[early_stopping_min_delta: 0]
[first_metric_only: 0]
[max_delta_step: 0]
[lambda_l1: 0.0120923]
[lambda_l2: 0.00119444]
[linear_lambda: 0]
[min_gain_to_split: 0]
[drop_rate: 0.1]
[max_drop: 50]
[skip_drop: 0.5]
[xgboost_dart_mode: 0]
[uniform_drop: 0]
[drop_seed: 17684]
[top_rate: 0.2]
[other_rate: 0.1]
[min_data_per_group: 100]
[max_cat_threshold: 32]
[cat_l2: 10]
[cat_smooth: 10]
[max_cat_to_onehot: 4]
[top_k: 20]
[monotone_constraints: ]
[monotone_constraints_method: basic]
[monotone_penalty: 0]
[feature_contri: ]
[forcedsplits_filename: ]
[refit_decay_rate: 0.9]
[cegb_tradeoff: 1]
[cegb_penalty_split: 0]
[cegb_penalty_feature_lazy: ]
[cegb_penalty_feature_coupled: ]
[path_smooth: 0]
[interaction_constraints: ]
[verbosity: -1]
[saved_feature_importance_type: 0]
[use_quantized_grad: 0]
[num_grad_quant_bins: 4]
[quant_train_renew_leaf: 0]
[stochastic_rounding: 1]
[linear_tree: 0]
[max_bin: 255]
[max_bin_by_feature: ]
[min_data_in_bin: 3]
[bin_construct_sample_cnt: 200000]
[data_random_seed: 4785]
[is_enable_sparse: 1]
[enable_bundle: 1]
[use_missing: 1]
[zero_as_missing: 0]
[feature_pre_filter: 1]
[pre_partition: 0]
[two_round: 0]
[header: 0]
[label_column: ]
[weight_column: ]
[group_column: ]
[ignore_column: ]
[categorical_feature: ]
[forcedbins_filename: ]
[precise_float_parser: 0]
[parser_config_file: ]
[objective_seed: 7621]
[num_class: 1]
[is_unbalance: 0]
[scale_pos_weight: 1]
[sigmoid: 1]
[boost_from_average: 1]
[reg_sqrt: 0]
[alpha: 0.9]
[fair_c: 1]
[poisson_max_delta_step: 0.7]
[tweedie_variance_power: 1.5]
[lambdarank_truncation_level: 5]
[lambdarank_norm: 1]
[label_gain: 0,1,3,7,15]
[lambdarank_position_bias_regularization: 0]
[eval_at: 1,3]
[multi_error_top_k: 1]
[auc_mu_weights: ]
[num_machines: 1]
[local_listen_port: 12400]
[time_out: 120]
[machine_list_filename: ]
[machines: ]
[gpu_platform_id: -1]
[gpu_device_id: -1]
[gpu_device_id_list: ]
[gpu_use_dp: 0]
[num_gpu: 1]

end of parameters

pandas_categorical:[]
