tree
version=v4
num_class=1
num_tree_per_iteration=1
label_index=0
max_feature_idx=37
objective=lambdarank
feature_names=VIX_21d_pct_change VIX_VIX9D_spread VVIX_5d_pct_change atmf_iv_30dte_intraday_range day_of_week days_until_next_pce delta distance_from_max_63d entry_bid_ask_spread entry_bid_ask_spread_pct entry_bid_ask_spread_pct_wd_rank gamma gamma_x_dte gamma_x_morning_spx_rv_annualized is_monthly_opex is_quarterly_opex iv_at_strike_minus_atmf iv_at_strike_minus_atmf_x_VIX_VIX9D_spread jobless_claims leverage month_of_year morning_gap_size morning_spx_log_return morning_spx_rv_annualized morning_vvix_change prior_day_strategy_drawdown_max_5d put_skew_delta25_5dte_close rom_roll_skew_30d rom_roll_std_30d spx_1d_returns theta theta_x_atmf_iv_5dte_percentile_252d vega vix_curvature_9d_30d_3m vix_pcr_5d_pct_change vix_put_call_ratio vix_z_60d win_rate_30d
feature_infos=[-0.5061071471762002:4.8438162544169607] [-28.090000000000003:6.4700000000000024] [-0.29589701312702132:0.51315693563670828] [0.0032387527433879182:0.14994785486210294] [1:5] [0:23] [-0.51148349713914154:-0.039898942316944797] [-46490.999999999971:0] [0.049999999999999822:29.899999999999999] [0.0067796610169492486:1.9560439560439562] [1:8.5] [0.00033523060713275678:0.040060945038726509] [0:0.021476604145538144] [0.00050198565975699322:0.023011601086848629] [0:1] [0:1] [-0.040643324853528728:0.35516611695907097] [-6.5795764598266988:0.58289359397191487] [182581:6161268] [12.51586456957032:698.18541775152448] [1:12] [-0.074669312657228579:0.047841244301421275] [-0.029011813819852964:0.011364733961709072] [0.25642115081657746:8.150433863579746] [-24.469999999999999:42.379999999999995] [0:24355.000000000087] [-0.30726110056125089:-0.05201435740033853] [-5.4772255750516576:5.0258428426019996] [9.4475865286188027e-17:17.85247203197704] [-0.11984050283657066:0.093827657101993367] [-7697.42948726533:-183.80537807361227] [-7575.2480668325461:0] [14.036164012550151:166.46298008069991] [-4.4899999999999949:17.299999999999997] [-0.8666666666666667:4.6590909090909092] [0.17000000000000001:3.48] [-1.7395921256230849:5.3223087288981024] [0.56666666666666665:1]
tree_sizes=4728

Tree=0
num_leaves=46
num_cat=0
split_feature=6 25 6 8 6 34 1 16 33 18 18 33 32 9 0 30 13 29 0 35 0 30 33 19 9 0 19 12 29 26 35 17 33 26 1 1 0 33 1 35 21 7 9 1 19
split_gain=180.076 9.77677 8.25767 5.8111 3.94203 3.83548 3.64104 2.67003 2.45326 3.44388 2.06812 1.63882 1.42792 1.31594 1.26297 1.40143 1.15629 0.960037 0.958812 0.815856 1.01106 0.680234 0.677235 0.556399 0.521306 0.516647 0.436593 0.350537 0.339369 0.302543 0.297903 0.281626 0.267751 0.175809 0.16283 0.151868 0.141739 0.109279 0.0977207 0.0412944 0.0350399 0.0244477 0.0081094 0.000582696 0.000411033
threshold=-0.21924629357606226 3175.5000000000023 -0.1428795500942093 0.60000000000000042 -0.26397019717494191 1.5895050895050897 5.455000000000001 0.026838555606537726 0.9450000000000004 265625.50000000006 324023.50000000006 0.23500000000000301 78.148441722058777 0.16666666666666669 -0.37837513599148054 -639.41600133348527 0.0046491107773905154 -0.0060076613038669282 -0.089593056238087707 1.1650000000000003 0.037514069012348779 -810.1581635333954 2.1800000000000019 135.69201403668555 0.064516129032258077 -0.15770807596880118 285.38766889953928 0.0042630070940206603 -1.0000000180025095e-35 -0.19701607741012409 0.88500000000000012 0.0052591321062304399 0.23500000000000301 -0.21376523248279261 1.7500000000000011 1.2599999999999982 -0.29674617589289576 1.115000000000004 2.3249999999999997 0.55500000000000016 -1.0000000180025095e-35 -3779.4999999999559 0.083582834331337341 3.7800000000000007 148.3230870047465
decision_type=10 10 10 10 10 2 2 10 2 2 2 2 10 8 2 10 8 2 2 2 2 10 2 8 10 2 10 10 2 8 2 10 2 8 2 2 2 2 2 2 2 8 10 2 10
left_child=1 3 17 4 6 7 14 10 11 27 13 28 -11 26 -1 16 44 24 34 20 33 25 -20 -18 31 -6 -4 40 -3 -26 32 -2 -22 -19 -5 -21 -35 -34 -37 -23 -10 -31 -24 -40 -16
right_child=2 8 5 18 21 -7 -8 -9 9 12 -12 -13 -14 -15 15 -17 23 19 22 35 30 39 42 -25 29 -27 -28 -29 -30 41 -32 -33 37 36 -36 38 -38 -39 43 -41 -42 -43 -44 -45 -46
leaf_value=-0.0025251500398085253 -0.0092647932888743189 0 0 0 0 0 0 0.028757858592909965 0 0 0.019756799332653344 0.01414156958777143 -0.023047317142368535 -0.0051334231028743044 -0.0004046473238781011 -0.0015576072365438042 -0.011391048477918197 0 -0.012373060658391371 0.0030685906639613355 0.00026540968411042568 0.0024753576257207717 0 -0.037516696377776527 -7.2255711138893966e-05 -0.01250828115047036 0.011611506032107472 -0.00032064227318456346 -0.0079655372300750111 0 0.0056231687604645199 0 -0.0074251174961357013 0 0.0064136391765722955 -0.0049337054488196117 0.017059036736841268 0 0.00028792325825946025 0 0.0079629301408144573 0.0073962696022176434 0.0010939838995118109 0 0
leaf_weight=2.6669402122497479 1.9886449947953253 1.1185641540214422 4.3941174820065498 1.0560484947636726 1.2576140253804622 4.1925778798758975 1.5760189476422954 64.399415740743279 1.1734733479097486 1.0372795355506239 14.001293621025978 3.0470078028738499 5.3533595046028495 3.4569566044956455 0.833658888004712 2.3108867951668932 6.4784059720113865 0.9593816576525569 3.6696962784044436 1.1847842512652267 1.1367564341053356 0.92842784477397655 1.0275258753681553 52.888590483926237 0.87829010002315044 4.7635161397047341 4.6634070947766304 1.0718915071338413 1.2328372634947289 0.75163401383906603 1.3557311389595268 1.0729595636948941 1.7391567500308158 0.98473579483106988 1.24748890963383 1.4174609119072559 6.5951249431818715 1.2461604634299872 1.1161616165190937 1.1334407301619647 1.7988815992139262 1.4840531107038266 0.95211762189865101 1.002497551962733 0.87739192740991712
leaf_count=65 56 30 64 37 67 64 34 700 35 51 228 89 195 41 31 63 184 28 126 49 40 31 46 1058 27 176 65 32 45 32 50 47 42 42 45 42 278 52 43 52 65 64 27 36 42
internal_value=0 -0.0248762 0.0207288 -0.028292 -0.0304467 0.0241536 -0.0325768 0.0252125 -0.00405174 -0.010723 0.0136793 0.0059363 -0.0195185 0.00294322 -0.0334557 -0.0342873 -0.035094 0.00566747 -0.00317917 0.0083064 0.0108606 -0.0066372 -0.00845286 -0.0357362 -0.000551699 -0.0100131 0.00804849 0.0033245 -0.00363475 0.00296031 0 -0.00660252 -0.00234167 0.0150533 0.00389811 0 0.0160209 -0.00578069 -0.00280524 6.27428e-06 0.00694723 0.00668351 0 0 -0.000290051
internal_weight=219.522 99.5011 120.021 83.6678 75.7149 95.1078 67.6319 90.9152 15.8333 10.4349 26.5158 5.39841 6.39064 12.5145 66.0559 63.3889 61.078 24.9135 7.95288 18.738 14.017 8.083 5.64934 59.367 6.17558 6.02113 9.05752 4.04425 2.3514 3.11398 5.4778 3.0616 4.12207 8.53924 2.30354 4.7209 7.57986 2.98532 3.53612 2.06187 2.97235 2.23569 1.97964 2.11866 1.71105
internal_count=4716 2626 2090 2084 1803 1162 1477 1098 542 378 398 164 246 170 1443 1378 1315 928 281 702 532 326 199 1242 226 243 129 132 75 123 184 103 134 348 82 170 320 94 121 83 100 96 73 79 73
is_linear=0
shrinkage=0.0254627


end of trees

feature_importances:
VIX_21d_pct_change=5
VIX_VIX9D_spread=5
vix_curvature_9d_30d_3m=5
delta=3
entry_bid_ask_spread_pct=3
leverage=3
vix_put_call_ratio=3
jobless_claims=2
put_skew_delta25_5dte_close=2
spx_1d_returns=2
theta=2
distance_from_max_63d=1
entry_bid_ask_spread=1
gamma_x_dte=1
gamma_x_morning_spx_rv_annualized=1
iv_at_strike_minus_atmf=1
iv_at_strike_minus_atmf_x_VIX_VIX9D_spread=1
morning_gap_size=1
prior_day_strategy_drawdown_max_5d=1
vega=1
vix_pcr_5d_pct_change=1

parameters:
[boosting: gbdt]
[objective: lambdarank]
[metric: ndcg]
[tree_learner: serial]
[device_type: cpu]
[data_sample_strategy: bagging]
[data: ]
[valid: ]
[num_iterations: 2000]
[learning_rate: 0.0254627]
[num_leaves: 241]
[num_threads: 4]
[seed: 20260827]
[deterministic: 1]
[force_col_wise: 0]
[force_row_wise: 0]
[histogram_pool_size: -1]
[max_depth: -1]
[min_data_in_leaf: 35]
[min_sum_hessian_in_leaf: 0.001]
[bagging_fraction: 0.948847]
[pos_bagging_fraction: 1]
[neg_bagging_fraction: 1]
[bagging_freq: 5]
[bagging_seed: 4042]
[bagging_by_query: 0]
[feature_fraction: 0.95608]
[feature_fraction_bynode: 1]
[feature_fraction_seed: 18928]
[extra_trees: 0]
[extra_seed: 2987]
[early_stopping_round: 0]
[early_stopping_min_delta: 0]
[first_metric_only: 0]
[max_delta_step: 0]
[lambda_l1: 0.715693]
[lambda_l2: 3.44105]
[linear_lambda: 0]
[min_gain_to_split: 0]
[drop_rate: 0.1]
[max_drop: 50]
[skip_drop: 0.5]
[xgboost_dart_mode: 0]
[uniform_drop: 0]
[drop_seed: 32588]
[top_rate: 0.2]
[other_rate: 0.1]
[min_data_per_group: 100]
[max_cat_threshold: 32]
[cat_l2: 10]
[cat_smooth: 10]
[max_cat_to_onehot: 4]
[top_k: 20]
[monotone_constraints: ]
[monotone_constraints_method: basic]
[monotone_penalty: 0]
[feature_contri: ]
[forcedsplits_filename: ]
[refit_decay_rate: 0.9]
[cegb_tradeoff: 1]
[cegb_penalty_split: 0]
[cegb_penalty_feature_lazy: ]
[cegb_penalty_feature_coupled: ]
[path_smooth: 0]
[interaction_constraints: ]
[verbosity: -1]
[saved_feature_importance_type: 0]
[use_quantized_grad: 0]
[num_grad_quant_bins: 4]
[quant_train_renew_leaf: 0]
[stochastic_rounding: 1]
[linear_tree: 0]
[max_bin: 255]
[max_bin_by_feature: ]
[min_data_in_bin: 3]
[bin_construct_sample_cnt: 200000]
[data_random_seed: 4782]
[is_enable_sparse: 1]
[enable_bundle: 1]
[use_missing: 1]
[zero_as_missing: 0]
[feature_pre_filter: 1]
[pre_partition: 0]
[two_round: 0]
[header: 0]
[label_column: ]
[weight_column: ]
[group_column: ]
[ignore_column: ]
[categorical_feature: ]
[forcedbins_filename: ]
[precise_float_parser: 0]
[parser_config_file: ]
[objective_seed: 30075]
[num_class: 1]
[is_unbalance: 0]
[scale_pos_weight: 1]
[sigmoid: 1]
[boost_from_average: 1]
[reg_sqrt: 0]
[alpha: 0.9]
[fair_c: 1]
[poisson_max_delta_step: 0.7]
[tweedie_variance_power: 1.5]
[lambdarank_truncation_level: 5]
[lambdarank_norm: 1]
[label_gain: 0,1,3,7,15]
[lambdarank_position_bias_regularization: 0]
[eval_at: 1,3]
[multi_error_top_k: 1]
[auc_mu_weights: ]
[num_machines: 1]
[local_listen_port: 12400]
[time_out: 120]
[machine_list_filename: ]
[machines: ]
[gpu_platform_id: -1]
[gpu_device_id: -1]
[gpu_device_id_list: ]
[gpu_use_dp: 0]
[num_gpu: 1]

end of parameters

pandas_categorical:[]
