tree
version=v4
num_class=1
num_tree_per_iteration=1
label_index=0
max_feature_idx=19
objective=lambdarank
feature_names=delta vega gamma_x_morning_spx_rv_annualized morning_spx_rv_annualized VIX_21d_pct_change morning_vix_change vix_z_60d theta_x_atmf_iv_5dte_percentile_252d iv_term_slope_5d_30d atmf_iv_30dte_intraday_pct_change leverage VIX_VIX9D_ratio days_until_next_pce atmf_iv_10dte_intraday_range spx_1d_returns atmf_iv_1dte_percentile_252d spx_252d_rv atmf_iv_5dte_percentile_252d effr_rate_1y_pct_change entry_bid_ask_spread
feature_infos=[-0.55212954179776252:-0.032473547468818587] [10.153572579096968:166.46298008069991] [0.00050198565975699322:0.029708705204148592] [0.17917490989228085:8.150433863579746] [-0.52839210998206809:4.8438162544169607] [-17.640000000000001:24.859999999999999] [-1.9485290699982638:6.9859947436689716] [-7575.2480668325461:0] [-0.50666580450779986:0.067287322754047196] [-0.24318986529363051:0.74536575348065082] [12.51586456957032:1073.1554712918908] [0.62891809908998986:1.5167853509664293] [0:44] [0.0036813882916645474:0.2613707868372882] [-0.11984050283657066:0.093827657101993367] [0:0.99206349206349209] [0.067700138624190859:0.34896258123526319] [0:0.99603174603174605] [-0.98367346938775513:4.5000000000000009] [0.049999999999999822:29.899999999999999]
tree_sizes=11899 20579 20705 19126 20164

Tree=0
num_leaves=109
num_cat=0
split_feature=0 1 1 0 3 8 16 4 6 8 8 15 1 14 14 17 10 7 15 10 4 2 3 18 15 1 0 4 2 12 4 2 4 11 9 4 9 12 10 18 16 9 2 12 9 6 1 3 6 1 17 17 9 0 4 12 12 15 12 4 10 18 14 0 12 2 15 12 6 11 16 15 11 18 2 17 7 9 12 1 10 4 9 10 2 9 4 4 4 4 3 10 3 9 7 2 2 6 4 4 4 4 1 10 18 1 2 2
split_gain=254.062 32.5584 8.05062 8.67143 6.91836 6.55184 5.43815 4.85452 4.52319 5.0853 4.46681 3.56457 3.44353 3.34597 3.27516 2.60615 2.40337 2.71039 4.48002 2.36948 2.36864 2.21427 2.65174 2.15317 2.4093 2.31381 2.05545 4.49397 2.58447 2.92732 1.9556 2.29134 1.94433 1.9277 1.80099 1.67951 1.66781 1.6549 1.64001 1.84387 1.57285 1.50635 1.5026 1.44124 1.42696 1.42379 1.35455 1.31325 1.16849 1.1227 1.05217 1.51026 0.946436 0.924132 0.913327 0.950708 0.890063 0.879383 0.877674 0.869404 0.846529 0.895453 0.799713 0.793253 1.33005 0.786322 0.755901 0.723972 0.675235 0.663132 0.632286 0.605872 0.601978 0.581689 0.523326 0.522045 1.51426 0.518829 0.484825 0.44519 0.408523 0.353503 0.343183 0.338917 0.334697 0.286344 0.28397 0.279385 0.278291 0.285203 0.273453 0.271251 0.256861 0.212645 0.185155 0.159535 0.139522 0.134036 0.101783 0.078003 0.0753112 0.0711389 0.0560905 0.0552329 0.0453231 0.0102082 0.00254804 0.518915
threshold=-0.23628884605021536 46.53356032977937 68.135956589218651 -0.043513774251172747 0.41315365213891481 -0.13198701575341082 0.1018064156010209 -0.154555998600545 2.0167164608774266 -0.018746813716887769 -0.15449739277179855 0.89087301587301593 57.814958495865248 -0.010460037410712218 -0.0026517890621219893 0.95039682539682546 473.94019422019591 -886.2292916164937 0.95039682539682546 224.12741401531204 -0.099019519923474617 0.0040657092958384785 0.52597725977889109 -0.9792098893499307 0.49007936507936511 65.715016445010676 -0.047501790536802084 -0.20255662672683375 0.0024980507587115141 19.500000000000004 0.15426076409945425 0.016937777409636662 -0.38824226353122676 1.1485120816003171 0.00074848516320480407 -0.33702051680693124 -0.057191952548225337 1.0000000180025095e-35 122.13895775368012 -0.95784520205344215 0.097941072827529188 0.13394366018569018 0.0026375449132810783 2.5000000000000004 0.00074848516320480407 1.8502795283626177 61.064286466269934 0.95617910004992923 -1.3290624425066608 30.797083825331658 0.93055555555555569 0.95039682539682546 -0.020879539730117632 -0.084035327236557253 -0.27328604020840036 1.0000000180025095e-35 5.5000000000000009 0.56547619047619058 13.500000000000002 -0.36837759359633171 263.3661627774307 -0.96863455713710445 -0.021328950114377406 -0.052280013656807782 4.5000000000000009 0.013375066140531076 0.31944444444444448 12.500000000000002 -0.97615777823985839 1.101182471002516 0.1508419528563493 0.037698412698412703 1.0629129829682535 -0.28409090909090906 0.0015780131748262848 0.91865079365079372 -1150.2142652194175 -0.024926904813606484 5.5000000000000009 47.58273349847466 123.20107153592643 0.41252219386339678 -0.041524725214266305 177.8619719808672 0.0027381433194310126 0.014563502251415563 -0.020802288131519461 -0.099019519923474617 -0.16023593488325946 -0.0014505298069307224 0.44693566744309027 293.6189289322561 0.4683689801216776 0.20335311329575725 -1391.1004475547602 0.00401187447676784 0.014053896222122234 2.2218891394209472 0.20998055216020031 -0.33702051680693124 0.22638253241800158 -0.13833501272461859 92.522232923583189 103.57431517583973 0.39999999999999997 85.643701960046073 0.0099035796647359339 0.010545766068287903
decision_type=10 10 10 10 2 10 2 2 2 10 10 2 10 2 2 2 10 10 2 10 2 10 2 2 2 10 10 2 10 2 2 10 2 2 8 2 10 2 10 2 2 10 10 2 8 2 10 2 2 10 2 2 10 10 2 2 2 2 2 2 10 2 2 10 2 10 2 2 2 2 2 2 2 2 10 2 10 10 2 10 10 2 10 10 8 8 2 2 2 2 2 10 2 8 8 10 10 2 2 2 2 2 10 10 2 10 10 10
left_child=1 8 3 6 7 44 63 19 32 -10 34 12 57 62 -9 23 17 43 26 -3 71 56 88 105 25 67 28 -28 29 -19 31 38 -1 78 -8 102 -15 87 -27 -40 -37 47 -5 -12 -6 59 -16 -17 -48 -36 -34 -52 66 -35 99 -56 70 83 -21 95 61 85 -13 64 -2 -54 -32 77 -24 72 -4 -18 -50 -60 -29 86 79 -25 -22 -77 -59 -47 -69 -7 -76 -42 -45 -30 -23 -90 -58 -62 -85 -63 -70 -39 -79 -66 -82 -41 -49 -38 -26 -96 -75 -14 -61 -108
right_child=2 4 21 42 5 11 10 14 9 -11 16 13 15 36 46 41 20 18 -20 58 33 22 68 24 35 30 27 74 37 -31 52 -33 50 53 49 40 101 45 39 54 60 -43 -44 75 -46 81 48 100 69 -51 51 -53 65 -55 55 -57 90 80 73 106 91 93 -64 -65 97 -67 -68 82 94 -71 -72 -73 -74 104 84 76 -78 96 -80 -81 98 -83 -84 92 -86 -87 -88 -89 89 -91 -92 -93 -94 -95 103 -97 -98 -99 -100 -101 -102 -103 -104 -105 -106 -107 107 -109
leaf_value=-0.0042884196970741952 -0.0072203251823359967 0.0078247343649089675 0.0063215188147903115 -0.013112967401885115 -0.0049769102639099869 -0.0024347185987497275 0.01072173165668828 -0.0094339289504517757 -0.024046192160330167 0.0091043303005576108 -0.0065797003564140952 0.002464829947022898 0.00018787277623147944 -0.0068552385907583646 -0.0034988861579583882 -0.0064678247835147171 0.0021831577790831073 0.03114921994616509 -0.005064184147933793 -0.022817644165750425 -0.00026210801565911972 -0.001173931381923379 0.0024377111967056309 0.0045895344638995604 0.0025624328122736927 0.0013452665697566569 -0.0068940917666563241 0.00497891040253352 0.0053893479274866388 0.0034292551652890194 -0.0046214552847624367 0.0040593750136244857 -0.039274177285437813 0.0031647335474505856 -0.015656750819971556 0.0021260958306357483 0.0011490797261523545 -0.0012001213596449835 0.00495833517609774 -0.0042443423342039769 -0.0077092662080496897 -0.01229850608918154 0.0048521336966645227 0.00048622985286792599 0.018384532642760777 -0.003032583029165598 -0.0029526135921887557 0.0009316068990332533 0.0088432057064606381 0.0038965277722826518 0.0049568106777175209 -0.017543769376226408 -0.012845819950202926 -0.014095334909431089 0.00020616986473024991 -0.02605305296134602 0.00087695200928156072 0.003109788636641186 -0.0077023852247118238 0.022529492480019335 0.0021808215614572512 -0.029893841980719617 -0.017447291289285162 -0.0067279705380134608 0.01246120896268226 0.0042538674599529903 0.012268513375579772 -0.0018293913330319608 -0.00074955830443016792 0.025152504294248961 -0.0068368574759189839 0.020720222038066623 -0.0053545137732440183 0.0073713561500844326 0.022824192005843034 0.013898322241898195 -0.0078456420692452119 -0.00037906686599605097 0.013585030154742481 -0.0011154603894656231 -0.01112758386093878 0.0069867654633700704 0.01151006842960268 -0.0014858532639403569 0.005991136257423469 0.0027378149926867781 0.01772786884034936 -0.0035744843961771182 0.013963469720915426 -0.00065179930136750766 0.015779924923448652 -0.0081392118625102355 0.012096725766580777 -0.0018271660112497714 -0.0013198355691868837 0.0064001113379491999 -0.010964764401633575 0.0011302017254333861 -8.5209448389064502e-05 0.0013187928057979423 0.015318110430598986 0.019365908557150934 -0.0018829283481787912 -0.015413889701427487 -0.00015382959610365265 0.0045324302839691612 -0.003144272545447818 0.010545032362737015
leaf_weight=1.9300158731639374 1.622439047321677 1.0675159182865197 1.5378907537087818 4.2273895926773539 0.94574690982699305 0.50831152033060734 1.828434832394122 2.0037806509062657 3.3145791795104742 3.3607972878962746 1.7755364710465062 0.8487527780234817 0.7143923845142115 0.57267858739942346 0.98197924997657171 1.0427120043896132 2.2329344209283617 56.354787297546864 2.6520301569253197 3.4904101439751685 2.2570514194667322 0.71834253007546101 1.0543841999024142 0.66363858385011587 0.65140003664418944 1.6620877664536333 4.2333557084202793 4.2096408717334297 1.1825348073616626 3.3904945291578761 0.76362345647066865 1.638848328962921 58.930605397559702 1.5937324105761952 2.1934945248067383 0.75804046262055536 0.557664052583278 1.5737678911536925 0.54431337956340087 1.1342919934540985 1.3440321255475201 1.0118492436595259 3.0188861787319183 0.88222508691251178 2.1654421677812938 1.4609414543956507 0.648880936205387 0.68982107378542457 1.1055947998538616 1.4256687145680187 1.4447306040674441 1.8268669601529834 1.7591211018152528 3.0239036045968524 0.8705399408936384 19.26052164286375 1.3062181333079932 0.6853349553421143 0.58318089973181486 70.156443889718503 0.93730587512254659 32.979748612502604 2.025318181142211 3.1227199360728246 2.977516820654273 0.89198590582236637 1.4439654913730917 0.74001434771344055 1.0300266919657586 5.2285458380356431 1.8781087482348082 5.051211197860539 0.91113506257534016 0.51270655915141083 10.569212652742859 2.2384464973583822 2.2717697666957974 1.2894587214104825 1.8897242718376217 1.1175974234938619 1.1785403033718465 3.0779634974896908 1.1195180383510885 0.35894194804132018 3.6863359697163114 0.80610792944207821 3.1816278439946464 1.8681059852242459 1.7067182799801235 0.72698209714144346 4.6053304262459278 1.6621060166507957 1.8093560589477418 0.58631128352134609 0.8056053202599277 1.5971387634053824 1.0559466425329445 1.5041553620249031 0.68103602528572071 0.83914607949555886 1.6026236489415167 2.4934092634357499 0.72822711337357759 5.6565793822519481 0.44582150364294648 0.65293698012828827 1.0596729032695287 1.9970934782177208
leaf_count=24 35 37 41 40 35 14 39 44 68 24 42 31 38 37 40 20 31 473 34 90 24 40 44 25 25 33 35 35 28 32 26 39 849 46 19 34 16 23 24 26 32 31 22 45 65 31 20 22 37 38 18 36 58 31 21 659 44 32 18 1552 33 969 47 26 83 26 46 31 39 189 57 90 30 21 78 50 47 48 31 35 46 45 58 24 30 35 123 36 79 26 141 63 101 29 31 46 33 27 37 40 50 107 26 174 34 12 38 81
internal_value=9.01809e-05 -0.0220855 0.0172299 0.0186553 -0.013112 -0.0156638 0.0195926 0.0015849 -0.0353669 -0.00970711 0.0204498 -0.0169495 -0.0182592 0.000818296 0.0108268 -0.0194911 0.0210694 0.0219677 0.0228096 -0.0130252 0.00908798 0.00193308 -0.00494978 -0.0205241 -0.0210986 -0.0140906 0.0233361 0.0130732 0.0246554 0.0298168 -0.0164522 -0.018955 -0.0374823 -0.000445792 -0.00144278 -0.0258747 0.0129816 0.0200784 -0.0207846 -0.0223781 -0.0267787 -0.000205715 -0.00639544 0.00739099 0.0123186 0.0207467 0.0166354 0.00754706 0.0194193 -0.00967369 -0.0382661 -0.00998425 -0.000941304 -0.00923265 -0.0235667 -0.025036 0.00967188 0.00110979 -0.0187277 0.0215679 -0.027465 -0.0285492 -0.0133045 0.000404719 0.00507604 -0.00787999 0.00711995 0.00142266 -0.0114039 0.0217066 -0.000718346 0.0173419 0.00305258 -0.000492246 0.0179779 0.010907 0.00310152 -0.00487591 0.0090992 0.0107261 -0.0063778 0.00383135 0.00834052 0.00784615 0.0202769 -0.00446959 0.0157915 0.000841926 0.00956447 0.0116408 0.0138993 -0.00523471 0.010281 -0.0295957 -0.0134972 0.0038714 -0.00863822 0.0106468 -0.00964644 -0.00250005 0.0139848 0.0182687 0.000521458 -0.0146399 0.00639534 0.0039646 0.0221506 0.00658479
internal_weight=423.994 184.462 239.532 218.506 113.655 96.6752 211.26 16.9796 70.8076 6.67538 202.033 93.564 87.0662 6.49782 10.8799 81.8446 196.585 180.537 169.07 6.09964 16.0486 21.0262 11.6986 77.4976 76.1303 35.677 166.417 22.6985 143.719 59.7453 30.8084 25.9497 64.1322 8.76441 5.4476 40.4533 3.62375 83.9737 24.3109 22.6488 39.0737 4.34701 7.24628 11.4672 3.11119 80.923 8.87614 3.33516 7.89416 3.61916 62.2022 3.2716 4.8587 4.61764 22.1045 20.1311 9.32755 5.22152 5.03212 76.3841 38.3156 35.7162 2.87407 9.22683 6.10411 2.65111 2.20759 4.86858 8.5466 7.24528 3.416 7.28415 2.01673 1.54171 18.4652 9.69167 5.62781 3.00904 4.14678 3.35604 2.54491 4.5389 1.85953 2.67661 14.2555 2.15014 4.06385 3.05064 3.15204 2.4337 5.91155 2.59941 2.1683 33.5661 7.49221 3.17091 2.34541 4.48167 1.85958 1.97344 2.29244 3.05107 1.37963 6.46218 0.958528 1.36733 73.2132 3.05677
internal_count=9020 4783 4237 3521 3764 3204 3459 560 1019 92 3288 3104 2866 238 360 2612 3192 2939 2597 200 253 716 433 2489 2439 1193 2563 178 2385 505 998 842 927 132 96 1246 160 1880 803 770 1195 123 62 342 100 1816 316 92 276 57 903 54 156 77 746 680 283 254 163 1740 1161 1065 78 171 145 84 72 195 288 256 98 121 67 73 143 300 132 106 55 85 115 76 89 139 108 67 168 64 145 105 185 96 125 998 244 69 81 110 83 66 72 123 51 205 55 50 1671 119
is_linear=0
shrinkage=0.0253636


Tree=1
num_leaves=191
num_cat=0
split_feature=1 1 6 2 15 2 3 1 7 1 2 5 14 18 4 15 9 2 3 2 7 6 17 12 3 9 19 9 14 14 10 10 12 19 6 4 7 6 17 14 7 17 14 9 9 5 10 10 5 6 8 11 6 10 9 14 6 7 17 17 14 9 4 7 1 11 5 5 6 17 7 10 1 12 4 14 4 15 8 5 3 9 8 3 10 11 12 17 14 5 18 3 6 2 10 11 11 17 12 11 1 7 15 15 2 9 5 9 15 15 12 6 4 10 18 7 1 5 17 7 1 9 14 6 4 3 3 4 10 3 15 15 11 12 4 6 2 19 11 1 7 12 9 6 7 4 5 6 1 1 2 14 12 12 14 12 1 15 2 2 18 6 6 8 11 8 8 11 5 12 8 2 2 2 2 8 4 3 4 5 2 1 12 17 2 4 10 1 10 10
split_gain=818.58 127.065 40.6409 39.6783 38.7298 32.3648 31.8346 26.9644 28.9723 26.0355 26.6895 27.6347 25.6774 23.1721 22.1342 20.1167 19.9172 19.4895 33.5988 18.6222 18.2115 26.202 25.9975 15.0095 14.5647 15.5635 13.7542 13.5585 26.5406 14.2958 13.2109 12.9547 12.7588 17.6955 18.707 11.6929 12.6367 11.6356 11.4989 25.3322 11.3727 11.8 18.2847 11.046 11.0451 10.8109 11.0006 12.6456 10.7946 10.3917 10.1646 14.8028 10.0517 9.7046 9.17248 10.2124 9.10911 15.2237 14.6854 18.0169 19.8909 15.4304 15.0457 14.2483 14.3602 14.3988 11.7687 9.28789 11.635 8.98202 10.2339 8.73387 8.62419 8.61904 8.57702 8.17285 7.96472 13.5942 8.53433 7.37474 7.29951 7.03649 6.96661 6.61865 13.7512 6.46378 6.22754 12.8802 6.15315 6.01212 5.96422 5.93879 5.93502 5.9038 5.90126 5.85533 5.7785 5.77071 5.76458 5.75588 5.69913 5.2091 5.16804 14.2267 4.96495 19.4781 12.9905 9.54823 9.71648 6.02208 4.78174 12.4277 7.37284 4.77802 4.75228 4.64483 4.58885 10.5444 8.47062 7.5802 4.93353 5.08157 4.1806 4.15729 4.73016 4.13901 4.11444 4.2456 4.09039 3.94698 3.91572 3.88337 3.75941 3.73965 9.60011 3.73342 3.54307 3.51786 3.40731 3.36592 3.36074 3.35042 3.20588 3.13349 3.10978 3.00097 2.9772 2.96002 2.91408 6.42779 2.85546 2.8365 2.79282 2.78829 2.75091 2.53367 2.40975 2.26959 2.21738 4.92074 2.19673 2.18685 2.17783 2.07354 2.07178 1.96022 1.93646 1.88932 1.79507 1.63546 1.30811 1.06397 1.04005 0.907504 0.889301 0.853765 0.838865 0.781765 0.739763 0.703574 0.683844 0.653399 0.636989 0.621872 0.481208 0.417864 0.40372 0.387014 0.0616878 0.739728
threshold=143.85607715123754 55.724407731613745 2.0167164608774266 0.0052228002253326663 0.79166666666666674 0.0043331341094906229 0.41315365213891481 24.78411292633352 -421.36572577836688 98.387486834721727 0.0097508803764522149 0.73999999999999944 -0.0024228440357269561 -0.95108551174124933 -0.16328994958724238 0.95039682539682546 0.10415280419856245 0.0024980507587115141 0.40900769812185317 0.0029839632116876453 -125.09969720604009 -0.51217979832474103 0.8670634920634922 5.5000000000000009 0.35577806079102031 -0.031915562363303777 0.59999999999999987 0.0076856043008609607 0.0070293693748302308 0.0088351608545571576 99.876216224894634 222.76662685170001 5.5000000000000009 0.27499999999999875 -0.51217979832474103 -0.24643295226709508 -2618.5169423180519 -1.0461541502036533 0.93055555555555569 -0.0055488556278811543 -1772.6264729601414 0.73214285714285721 -0.0040381316651311163 0.10415280419856245 -0.05534231395947891 -0.83999999999999797 425.81743974370534 314.00782238865986 -1.0000000180025095e-35 -1.223553553204211 0.011156838411967714 1.1102095017054168 -1.0389204540771053 115.24050800770864 0.099987094211535302 -0.011693160138542822 -1.3571625414605266 -237.80387865421557 0.29166666666666674 0.55753968253968267 0.008087889134583694 -0.027013212391863491 -0.068158741439735313 -380.09673101549043 39.177707989982125 0.92998514298824597 -0.40500000000000019 0.5650000000000005 0.23472368947950639 0.6884920634920636 -1234.4893384949885 517.9945251781204 70.445871838308179 14.500000000000002 -0.38824226353122676 0.0041781799185091071 0.37475130396804807 0.81150793650793662 0.0074233711946349737 -0.63500000000000145 1.2357536019731563 0.036957122282635264 -0.00045547416674900082 0.52847286569331364 264.87783650500256 1.0275068464038875 13.500000000000002 0.62103174603174616 0.0025867901802530961 0.15499999999999939 -0.95841977869986161 0.9272865640599316 -1.3290624425066608 0.0063291077414715123 189.26828164926226 1.1721333577919391 1.0972274723081832 0.92658730158730174 12.500000000000002 0.957770163544021 64.776533436803973 -103.46534718233927 0.41468253968253971 0.29563492063492069 0.0069664125488110226 -0.020563851647558026 -0.99499999999999911 -0.020563851647558026 0.61309523809523825 0.81547619047619058 12.500000000000002 0.470333915569213 0.14218542973387652 89.329211493874325 1.052133768719739 -324.47450785467271 75.749438505480711 -0.28500000000000009 0.30357142857142866 -745.80924203243717 81.889061198560768 0.075718935943542523 0.0018872881730263027 -1.2617987784100662 0.19275611131040862 0.63705008046068434 0.35577806079102031 -0.24643295226709508 123.20107153592643 0.54586968716869944 0.74007936507936523 0.48214285714285721 1.1654326462235842 10.500000000000002 -0.079695184939301209 -0.20565004940784634 0.0050623370024272226 0.20000000000000015 0.99006121032372085 19.141687333232827 -794.40239789423754 1.5000000000000002 -0.018454014348562472 2.1337077538320135 -360.32986976898366 0.10632711802637353 -0.2399999999999993 0.056715522784357784 31.281684354580403 29.089175674522348 0.011942108892361141 0.0046969725826069295 12.500000000000002 4.5000000000000009 0.0027200006947171178 9.5000000000000018 48.038496361926512 0.3353174603174604 0.0083276250120815389 0.009030380987824568 -0.3562499999999999 -0.99656762956036626 -1.0461541502036533 0.026447794988556445 1.175505557787599 0.033102281364631052 0.020408200664075258 1.1323725812095173 -1.2599999999999996 8.5000000000000018 0.005863711394756597 0.0070060203225158152 0.011632216755041671 0.0068899295541420668 0.012957470944948543 0.030915271010206875 -0.092495998233703178 0.54586968716869944 -0.015160253223293839 0.055000000000000611 0.010815005208279747 77.609422221318411 18.500000000000004 0.92658730158730174 0.011942108892361141 0.32807877183037354 181.8213102321013 26.521577350425638 208.27243636966031 311.7161991015509
decision_type=8 10 2 8 2 10 2 10 10 10 10 2 2 2 2 2 8 10 2 10 10 2 2 2 2 10 8 10 2 2 10 10 2 8 2 2 10 2 2 2 10 2 2 10 10 2 10 10 2 2 10 2 2 10 8 2 2 10 2 2 2 10 2 10 10 2 2 2 2 2 10 10 8 2 2 2 2 2 10 2 2 10 8 2 10 2 2 2 2 2 2 2 2 10 10 2 2 2 2 2 10 10 2 2 10 10 2 10 2 2 2 2 2 10 2 8 10 2 2 10 10 8 2 2 2 2 2 2 8 2 2 2 2 2 2 2 8 10 2 10 10 2 10 2 10 2 2 2 10 10 10 2 2 2 2 2 10 2 10 10 2 2 2 10 2 8 8 2 2 2 8 10 10 10 10 8 2 2 2 2 10 10 2 2 10 2 10 10 8 10
left_child=1 7 3 -2 -4 90 12 8 81 10 11 23 167 173 31 17 142 18 49 20 22 24 102 26 -22 -26 53 28 50 174 48 -14 -16 34 179 122 -37 92 74 -40 72 42 82 148 -21 -46 47 -47 168 -9 88 -52 -35 -8 97 183 57 -19 61 94 63 79 73 64 65 -61 98 68 89 150 143 125 -39 95 -5 -33 78 99 110 136 130 -1 -42 160 86 177 87 171 -12 -65 -3 115 -29 -17 -60 -63 113 184 -66 -78 164 135 103 -10 107 106 -106 -38 128 141 111 -68 -113 -62 166 -87 133 118 163 -120 -119 -122 -11 -96 126 -64 -125 -128 -109 -44 181 -67 -108 134 162 -76 -58 -77 -110 -83 -133 -107 -15 -71 -136 -69 169 -137 149 152 -31 -90 -20 -117 -97 -51 -100 -86 -115 -160 -32 -27 -92 -118 -53 -165 -88 -7 -25 -89 -82 -85 180 -13 -30 -135 -104 -55 -130 -34 -102 -18 -162 -56 -43 -144 -72 -154 -131 -190
right_child=2 5 4 38 -6 6 9 15 19 35 27 13 14 16 32 93 80 56 43 44 21 -23 -24 30 25 161 -28 37 29 69 83 75 33 52 -36 36 104 40 39 -41 41 54 129 -45 45 46 -48 -49 -50 155 51 100 -54 85 55 -57 58 -59 59 60 96 62 71 67 66 131 76 145 -70 70 186 -73 -74 -75 101 137 77 -79 -80 -81 170 139 -84 84 157 91 114 146 151 -91 116 -93 -94 -95 123 154 -98 -99 156 -101 172 -103 176 -105 105 109 132 108 138 -111 -112 112 -114 158 -116 153 117 120 119 -121 121 -123 -124 124 -126 -127 127 -129 178 188 -132 140 -134 175 144 147 -138 -139 -140 -141 -142 -143 185 -145 -146 -147 -148 -149 -150 -151 -152 -153 187 -155 -156 -157 -158 -159 159 -161 182 -163 -164 165 -166 -167 -168 -169 -170 -171 -172 -173 -174 -175 -176 -177 -178 -179 -180 -181 -182 -183 -184 -185 -186 -187 -188 -189 189 -191
leaf_value=0.033292115872587263 0.0098653329960671724 -0.010581884556954947 0.011921346693660269 -0.014999920140037641 -0.035290736733731801 -0.030518041859252835 -0.030813627742630474 0.019509192000944201 0.028249765858955563 -0.0057402233111371334 -0.040178774780304828 0.0064354966418366409 0.025199789521986232 -0.0042869841374230735 0.035271319434050853 -0.021836262757092158 -0.0025446976649927174 0.0015330724073475226 0.034405901939843719 0.010983153725700473 -0.012368567407498593 -0.029048957789552521 -0.0093552300207741714 -0.0028640553489869664 -0.0074153125077186582 0.010749897883018828 0.026094870333334831 -0.0072143090852369281 0.006082506204047722 -0.001254164806395076 0.0046674008200272982 -0.027878468830526731 0.037335984405511724 -0.025960146052851667 -0.013931870737228827 0.015577425236220736 -0.026887644561263919 0.027721683997784761 0.010317387356427324 -0.038387966608158762 -0.005293817205367736 -0.013607467592743715 0.00051693589692994432 0.0088609310686743811 -0.030785579228656067 -0.013405520909791673 -0.019143082698571061 0.019771839209679717 0.017272841047575656 -0.01605907793205499 0.016659150357839748 0.012452226164175215 0.0075924087181806366 0.00246590770304214 -0.0026598395246517324 0.025784702739745154 -0.010049570127339718 0.038274565595641019 0.0040563520277980747 -0.0030404009783617067 0.001753787174881067 -0.0058948216566366987 0.038948268356255651 0.014553127869875764 -0.02087940543136271 0.0076568167303641826 0.029685135232326011 -0.001121594352220894 -0.029597127813661805 -0.022692513276878875 0.0066364984657948248 0.00061052884561559539 -0.0064561055783841524 -0.019021659175685497 -0.046281731374588499 0.019038415510438143 0.0014305719023058371 0.017965957148303617 -0.0095947259689966868 -0.02454036935398508 0.026080112614595512 -0.0011748529368798436 0.031329600248638671 0.0086612487629776583 0.0020394376873336282 -0.0250609643452912 0.035392448575250451 -0.0013911305517956443 0.0063627025248025664 -0.01355427738887992 0.0069995337769281933 0.01380503516271391 0.026070318110611987 0.0080473692400400369 0.0065875696319138456 0.027480729805910747 -0.0017381516439628035 -0.00079256556808967953 -0.0067149538171603889 -0.031381066370256394 0.0012699896860107148 -0.012509986673781283 0.015812259579249695 -0.0089230570263981266 -0.023214051712137536 -0.0095710440794839011 -0.00063648420100384821 0.025663408585368037 0.0039810390124921605 -0.0035341033142500472 0.033599780733068553 -0.022149119909523025 0.011123821833871825 0.032486997576969802 0.0010996603319898466 0.0091138495116001948 -0.025444272419110694 -0.0059711579284165246 -0.0080080152960726372 0.024405610736571839 0.026090539913890334 -0.0018365125057546235 0.021681457556061691 0.0028250627433116637 0.0026148939275055139 0.0059969567541716196 0.009681533413865219 0.034735155831874025 -0.0072312137267683176 -0.029152224721011512 -0.020224483946527302 0.0096258358087138833 0.026792538755310291 0.029449922682653822 0.008552106663834793 -0.021467656899148882 0.011760917012980652 -0.0092679442982518973 -0.0229827263201779 0.019300477134255641 0.03725561716154812 -0.038833995967281112 -0.03164056942952205 0.0039502867343555459 -0.011242889228352709 0.02026853597021424 0.0060473964563418359 -0.038203611126442799 0.038648391119399328 0.0082294085574901154 -0.029508435051555846 -0.018742566746679783 0.023788172671499064 -0.013356648746511688 0.001242443997856797 0.00028757070735664555 0.01185423312053773 -0.018367340707307198 -0.0078785604393423175 0.021779186911038053 0.038464651179124308 0.036023305354128357 0.033035516694554005 0.0070079695964019723 -0.009899525694548451 -0.013343374843130328 0.0079301635407675371 -0.0050474609129561969 -0.027391698829193713 -0.022909392507709927 0.0034354880010292448 0.02895992208920594 -0.03135119258299255 0.028972786291143519 0.032081587827802308 0.0082340208270209828 0.036148540690049226 0.022267819366632496 0.005522938765332149 0.012508703763742749 -0.013758823709544203 0.010006009396132108 0.010345968185149127 -0.022380844755000059 -0.037100766824787551 -0.0093677962075286239 0.026720493410322302 0.011262991462049293 0.00080891053722056765 -0.015013016263205158
leaf_weight=25.560810122638941 9.9273018427193147 4.7304485887289038 22.734652191400528 12.613327093422411 17.097359512001276 5.8077009171247465 6.7123673297464839 9.5231703519821185 12.650132004171612 5.0982858650386316 24.704057626426223 3.8771446608006936 3.2232313752174404 4.7482420541346064 24.958747912198305 8.4708818979561311 3.0101443231105822 10.534714844077824 44.301442995667458 13.76427488774061 12.876122016459702 13.954759009182451 16.841527320444584 3.530911933630704 9.3735312782227975 6.6403307244181624 5.8912355452775946 3.202873744070529 2.8374354019761077 3.374581281095745 2.7233978454023626 10.828713085502388 16.393108289688829 6.6941859908401993 4.9436316341161755 4.5694034136831752 11.468375243246554 7.4353804215788815 10.21673981100321 13.028742693364618 3.5641049072146416 5.8046788796782556 6.4626053348183659 17.54272435605526 12.658372104167936 10.477509949356319 17.800959147512913 13.710588682442902 5.3259709738194934 10.814794406294824 6.3404217436909702 2.5482812225818661 11.687554530799387 2.6616171300411251 2.4035434648394585 3.3505512475967425 6.3595723956823358 22.318311288952827 8.7673000469803792 10.971863958984612 5.0217830352485171 9.3113899528980308 13.085402954369789 7.8472307324409503 11.304198667407038 6.9359497614204875 8.9722702130675369 7.7187957651913148 12.123629949986933 4.3531599249690762 3.5874598249793044 7.5361412577331057 7.0087888464331636 9.0136921703815442 152.29642440378666 2.5805093497037879 5.2056846357882041 8.853193946182726 4.9320949241518965 11.586497422307728 4.3567014783620825 8.845115117728712 8.9336666874587518 6.067889895290139 5.1663324162363988 8.1473098061978799 18.337577370926738 3.9078614106401783 3.2848550640046588 5.9582585617899895 5.199436292052269 3.8046111688017836 9.9229659438133222 4.7600929588079444 7.7243904918432227 5.4742783159017545 4.6901430860161772 4.5144644975662223 6.7080640122294408 5.8523847982287407 2.1769685931503799 7.0091099031269541 9.2043933346867579 9.5134128183126432 6.5783521384000805 5.2279099822044364 5.2147606797516328 5.4325787425041208 3.1602113060653192 4.7945156916975966 11.40522965416312 5.4442071393132192 6.0166514348238707 35.948844023048878 3.9291407018899909 5.5924784764647537 5.63746225833893 3.6431404203176525 6.8930508010089397 6.4996402673423272 20.94732285104692 4.6173553913831737 4.2718808948993683 3.8158749267458907 4.6293828561902037 4.3612157404422751 7.7614629957824937 58.305542264133692 3.0404664874076843 4.2556723058223698 4.8448487110435963 6.0842429250478736 4.8240412566810846 18.394278639927506 6.2434803098440161 22.518654894083738 6.8387401700019845 3.0884853415191174 7.2195544391870499 8.3846740722656232 23.162005402147773 34.982337079942226 24.87480574473739 3.3672075271606445 8.6602717190980893 5.5611004680395126 4.255683831870555 89.038380226120353 54.234247401356697 13.429565265774725 6.7892589755356312 3.2156268134713173 10.657380383461716 3.044660422950983 4.1212472468614578 10.719790145754812 5.4956530369818211 5.2034108191728592 3.2666754163801661 9.3874664306640607 13.814734872430565 11.967201031744485 6.6938663227483648 3.2963581178337336 2.2043232768774033 3.2329797148704529 4.0409763380885186 4.1725932061672211 5.1606632508337489 4.2905601225793362 3.4613516479730606 8.7273076996207219 12.594784736633299 5.1079989038407803 5.136080127209425 4.4258369952440288 21.588682323694229 3.3728011101484299 2.750296689569951 5.0445225574076167 3.0169151686131954 3.0740816853940487 3.4051858410239211 2.5091924518346786 13.385321795940397 3.8163388036191455 4.2317417524755001 14.154603097587822 2.3943823166191587 2.7394441217184067
leaf_count=60 42 24 34 26 62 31 43 21 33 26 148 27 17 31 140 42 24 47 96 27 35 27 37 42 21 27 28 26 24 30 26 85 99 30 16 38 91 41 30 29 28 35 42 39 22 32 42 30 28 26 32 35 46 14 29 38 22 100 26 47 32 36 78 32 62 33 52 35 37 37 39 37 37 29 519 34 27 46 34 42 46 24 71 47 39 58 123 20 34 24 28 16 72 32 32 44 36 19 33 21 33 30 31 29 56 29 35 31 29 29 76 23 41 163 17 45 29 20 34 35 153 22 31 35 18 23 36 317 32 28 34 30 22 96 37 66 27 40 60 24 80 215 158 18 38 21 37 313 129 34 57 24 25 27 11 28 35 20 17 70 151 32 28 28 16 21 32 26 33 37 11 63 101 41 45 21 46 44 20 21 23 24 23 23 73 23 27 36 34 21
internal_value=0.000106289 0.00805289 -0.0343997 -0.0374265 -0.00939764 -2.58662e-06 -0.00237285 0.0145536 0.00711698 -0.0050423 -0.00186228 0.00454224 0.0105073 -0.00933125 0.014945 0.0173117 -0.0159154 0.0179903 0.0249625 0.00276765 0.00853529 -0.00238417 0.0168552 0.0107995 0.00808953 0.0177923 -0.00234494 -0.00881373 -0.0153663 0.00259351 0.0159804 -0.00786524 0.0214561 0.0120159 0.0243051 -0.0158139 -0.0183512 -0.00154533 -0.0390383 -0.0182498 -0.00556482 -0.0103847 0.00161059 0.0297219 -0.00765423 -0.0126776 -0.00552419 0.00550532 -0.00578729 0.000776149 -0.0250769 -0.0122955 -0.00655662 -0.00911631 -0.0202476 0.00230424 0.0148055 0.0276114 0.013535 0.0159491 0.0118213 0.00349058 0.0110572 0.00711775 0.0111752 0.0218531 0.00433242 -0.00591598 -0.0142174 -0.00702487 0.00514446 0.0242063 0.0128802 -0.0019167 -0.0405333 -0.0172181 0.0104502 -0.0023166 0.0170173 -0.0121071 0.00464367 0.0252645 0.0218811 0.0196935 0.0145004 -0.00107124 0.0195304 0.00943787 -0.034784 0.00216446 0.0124907 -0.00796379 0.0181143 -0.0115826 0.0254435 0.00772715 0.0242458 -0.0274853 -0.00992876 -0.0189283 -0.0214446 -0.0415443 0.0252466 0.0131322 -0.0204181 -0.0247535 -0.000913651 -0.0109482 -0.00023213 -0.032946 0.0216137 0.0114678 -0.00599685 0.026491 0.0279411 -0.0142492 0.0138039 0.00804504 -0.00372183 0.00931057 0.0177298 0.0213823 0.00898794 0.0274993 0.0293267 0.0328073 0.0309146 0.0323425 0.0143824 -0.0153088 -0.00812781 0.0290571 0.0156786 0.0193362 0.010936 -0.0421656 0.0013336 0.00574409 -0.0157194 0.0101743 0.0329432 -0.0359617 -0.0268749 -0.0132179 -0.00290376 0.00992149 -0.00859536 -0.0354782 0.0321488 0.0266688 -0.0225604 -0.00805115 0.0297584 -0.000206676 0.019202 -0.00888176 0.00233426 -0.010024 0.0287947 0.0140769 0.032255 0.0297579 0.0253677 -0.0170728 0.00225944 -0.00409355 0.0319629 -0.0235088 -0.0207305 -0.015784 0.0197998 0.0235081 -0.0271909 0.0233058 0.0270351 0.0267756 0.0320196 0.0172656 -0.00135032 0.0337543 -0.00929758 0.00500313 0.0352725 -0.0174137 -0.0328039 -0.0298498 0.0219149 0.0186353 -0.0236881 -0.0100547
internal_weight=1914.42 1557.94 356.481 316.649 39.832 697.108 587.993 860.834 235.812 488.57 379.937 198.286 99.423 61.1717 89.4427 625.021 52.1865 611.79 185.378 193.022 124.61 54.8119 69.7981 137.115 40.8572 27.9811 39.2271 181.651 93.7632 33.6769 97.8876 19.7209 69.7218 44.763 26.3813 108.633 99.2628 87.8876 306.721 23.2455 74.7618 60.3176 28.3499 154.32 68.4117 54.6474 41.9891 24.1881 14.0175 31.0578 60.0862 28.8817 18.3817 33.3358 31.9678 8.26329 426.413 32.853 393.56 315.872 224.868 77.6882 52.9034 166.553 127.344 47.1541 80.1896 39.209 25.9291 25.7034 15.5396 24.9828 14.4442 27.9206 283.476 16.4977 56.6817 19.9113 36.7705 24.7848 18.7471 42.7906 12.4978 83.8701 63.9267 26.6235 53.557 27.2493 31.2045 13.8055 109.115 20.5891 13.1258 13.231 91.004 18.9069 58.3149 23.7045 23.5079 11.0581 22.5413 270.863 52.9566 22.1635 94.6934 61.6219 16.6172 33.0715 21.6031 45.0048 31.8384 20.4331 11.4609 53.6248 26.3077 16.7844 104.384 54.7673 25.5595 13.3927 29.2078 25.5647 9.37017 82.2367 74.5123 17.4466 69.8829 66.067 11.2233 15.8521 10.9291 36.1822 10.0388 49.6172 26.7971 263.853 13.1983 5.66899 10.3798 17.2298 29.2462 40.2102 33.4394 7.72037 14.9038 13.2799 12.4541 111.557 136.777 82.543 10.1638 6.50048 69.1134 8.63714 9.59553 21.5346 12.2037 10.3697 48.603 12.6541 19.9433 18.6075 11.8933 12.1668 4.7526 6.52934 22.3786 9.98029 8.69158 8.19842 7.81805 14.7952 17.7887 8.98514 7.97352 22.8201 30.7931 6.03442 5.79076 21.4376 5.19388 6.08423 17.2199 4.91274 19.19 28.6911 7.8192 24.812 9.3895 5.13383
internal_count=9020 7869 1151 1055 96 4715 4101 3154 579 3516 2772 1432 585 419 528 2575 351 2501 434 471 318 142 176 1013 115 80 275 1340 723 277 738 176 352 212 136 744 687 617 1013 59 519 441 224 359 153 126 104 62 103 75 446 240 76 247 217 90 2067 147 1920 1571 1107 349 258 789 640 190 450 149 93 208 121 138 78 120 954 159 320 94 226 91 139 108 99 635 435 204 376 204 206 56 614 146 98 74 464 91 318 127 130 48 208 928 139 62 649 386 113 263 172 273 192 116 64 282 172 130 590 342 147 69 195 175 57 438 406 101 388 353 83 125 82 143 57 248 131 898 49 74 89 48 110 244 212 55 75 56 94 379 320 191 87 58 157 72 55 54 68 59 250 87 200 59 56 78 51 49 155 57 75 57 57 110 157 68 69 117 77 58 52 120 56 48 174 52 108 181 66 61 83 55
is_linear=0
shrinkage=0.0253636


Tree=2
num_leaves=192
num_cat=0
split_feature=0 19 0 6 3 0 18 6 3 3 4 4 0 0 11 0 4 15 17 17 5 5 9 19 14 15 9 6 17 9 10 9 8 12 4 6 14 16 11 9 15 10 4 8 7 17 4 5 8 8 6 11 9 9 16 6 15 8 9 6 15 0 15 12 0 5 14 8 15 18 14 6 7 3 9 8 6 19 12 0 0 6 4 6 12 18 14 16 16 14 7 11 12 5 5 10 7 5 8 7 16 14 10 3 17 0 8 0 0 12 8 8 6 16 6 11 5 11 7 4 11 12 12 16 12 5 18 10 7 17 11 12 6 5 9 11 10 14 8 12 12 3 12 16 6 10 5 9 9 6 16 10 15 3 0 11 4 9 16 14 16 5 14 14 16 10 9 8 8 9 11 15 18 0 0 7 14 12 5 5 14 14 17 6 9 0 19 10 17 6 8
split_gain=576.674 79.031 51.4875 34.9257 24.2112 24.207 23.8439 15.0512 18.8828 14.8012 14.0168 14.6214 13.7651 14.63 13.4194 13.1599 11.9707 14.9696 11.6942 18.6298 11.5347 13.7386 19.1811 14.8268 11.3704 11.3412 11.3106 14.3612 9.29576 10.5094 17.5143 9.22074 8.63433 12.651 14.5281 8.48685 9.15423 7.73945 9.03675 7.55372 7.61177 7.40972 7.27694 11.1461 10.414 12.9683 8.73572 11.8382 8.63221 13.0417 8.4903 7.9055 7.29578 7.21062 7.06662 7.03118 6.93239 6.88918 6.79299 6.78419 6.73248 6.67124 10.2546 10.1763 8.00575 7.59801 12.0103 15.47 9.26779 8.98798 7.93644 6.707 8.40652 6.52666 6.52325 8.37341 6.33065 6.32465 6.24935 7.04267 9.8526 6.12414 6.0711 6.13917 10.8335 6.06338 5.91585 5.85555 7.0483 5.78354 5.72159 7.36452 6.15323 5.4259 5.93746 5.34591 7.29354 5.19316 5.11626 5.08659 4.88396 5.86173 4.84035 4.8231 4.75575 4.73869 4.6269 4.41992 4.39902 4.37617 4.1939 8.63523 4.15927 4.08892 8.7823 4.04265 3.95225 3.85492 3.84921 3.79541 3.76065 6.21828 3.55112 3.4967 8.80262 5.4575 3.42 3.35977 4.83817 12.239 4.0088 3.27767 3.26363 3.20473 3.11757 3.65655 3.56714 3.05216 2.85333 2.78179 3.28166 2.73337 8.54755 2.66525 2.66408 2.61637 2.60117 2.55209 2.47584 2.42272 2.41607 2.35072 2.06106 1.84488 1.8199 1.79233 1.72588 1.64791 1.56282 1.50857 1.3734 1.36942 1.87561 2.14895 1.32762 1.24189 2.62959 1.22771 1.17638 1.11222 1.09038 1.0787 1.06391 1.05929 0.983225 0.97488 0.925999 0.925639 0.794814 0.77192 0.764232 0.733238 0.71801 0.573175 0.470513 0.364943 0.345576 0.269808 0.108627 0.0307466 0.0232684
threshold=-0.40793841542426396 2.0999999999999965 -0.16696104178400642 2.2218891394209472 0.36432284193605924 -0.044519035407925338 0.87555260831122927 -1.3791544339161694 0.38913951281724052 1.5889091447331565 0.42912951886914458 -0.36837759359633171 -0.27747726852272542 -0.3971822282355757 1.0822259703438502 -0.14257254533922573 -0.36837759359633171 0.49007936507936511 0.93055555555555569 0.94642857142857151 -1.409999999999999 -0.91499999999999992 -0.053497662332076194 0.15000000000000011 0.0077077126451162723 0.93055555555555569 0.08487076175866505 2.91250841564317 0.94642857142857151 -0.025326904670794178 201.51124346327745 0.12106351793642701 0.028365617980046002 13.500000000000002 0.10036010883445858 -1.285385195628937 -0.0031356730354218372 0.1888194463098157 1.2209517830236065 0.075718935943542523 0.92658730158730174 557.81644580062721 -0.082613393542776956 -0.015743631837950186 -329.1021989233825 0.35119047619047622 -0.30497679797584831 -0.96999999999999964 0.018393434310707103 0.021698918077447952 -0.68761259657655904 0.92797271984157625 -0.047825562295004224 0.074045644583391038 0.1018064156010209 1.4600626233983982 0.29960317460317465 0.022742396966515453 -0.022417980978464255 -0.46570388033538396 0.51388888888888895 -0.13197910395200549 0.01785714285714286 1.5000000000000002 -0.14513607083490129 -0.38999999999999962 -0.0086176774756431245 -0.014958103067027327 0.81547619047619058 0.87555260831122927 -0.00063883924590057972 -0.86202724758242166 -334.45530044233288 0.61795045776238122 -0.032816235218752147 0.025685632213473007 -1.1994600934083584 0.4000000000000003 4.5000000000000009 -0.095862598594318157 -0.050450472373283366 2.2676506540753061 -0.38824226353122676 -0.20565004940784634 2.5000000000000004 -0.96673582295988925 0.0034484729595363199 0.13558557340890601 0.16136077537103713 -0.012513345702151844 -561.48444383029812 0.94028566855608642 18.500000000000004 -1.1850000000000003 1.2950000000000002 289.52488434560183 -228.35995701436721 -1.0100000000000005 0.033102281364631052 -370.07878139422877 0.33528707118215034 -0.0079591717177744364 295.96513451908879 0.63153940408803222 0.38293650793650796 -0.29292733796354142 -0.050049103494008089 -0.2635552647286154 -0.10195463689144939 7.5000000000000009 0.013009109789528088 0.014436342169113965 -0.81666952688231187 0.16160599542179235 0.65431983477106137 1.0531167324418307 -1.0849999999999989 1.1149327790884922 -768.09366980416769 -0.038877745915376176 1.2333294683661336 17.500000000000004 7.5000000000000009 0.12370578364094127 13.500000000000002 -1.6200000000000025 0.11488328970331597 454.32252350472078 -155.89518866526296 0.39087301587301593 1.2544847032285353 11.500000000000002 0.056715522784357784 -0.19499999999999937 0.051105643959899257 1.0156970303074775 349.01239543499224 -0.0015835964183938398 0.0044407084887229812 1.5000000000000002 19.500000000000004 0.54009111836777823 7.5000000000000009 0.12459074531971963 -0.43391437757741597 113.00061021990322 -0.65500000000000103 0.001349830410455666 0.0022977381917599353 -1.251029783015088 0.15968504394300606 174.03913690948241 0.75595238095238104 1.388506635768872 -0.15506839336831066 0.84503007521637075 0.41252219386339678 -0.067321945442544259 0.13189544832687131 -0.021328950114377406 0.16621220040314746 1.5199999999999989 0.0065774241082169347 0.010507802727662276 0.12493073558985192 379.83046410146858 -0.01987748551886109 0.02258502672388835 -0.009182016676914732 -0.0065300720257627223 0.82649418671968322 0.049603174603174607 -0.11977573904179405 -0.24647809010380548 -0.09158390695542977 -1634.7823283332032 0.0033243913710799826 13.500000000000002 -0.53500000000000003 -0.049999999999999815 0.0016741541342832902 0.0015324485320316052 0.82738095238095244 0.97072620203055215 0.14771733429093284 -0.21579258100718754 0.49999999999999989 107.54964695133262 0.073412698412698416 -0.36822767684391589 0.029585769216772601
decision_type=10 8 10 2 2 10 2 2 2 2 2 2 10 10 2 10 2 2 2 2 2 2 10 10 2 2 10 2 2 8 10 8 10 2 2 2 2 2 2 10 2 10 2 10 10 2 2 2 8 10 2 2 10 10 2 2 2 10 10 2 2 10 2 2 10 2 2 10 2 2 2 2 10 2 10 10 2 10 2 10 10 2 2 2 2 2 2 2 2 2 10 2 2 2 2 8 10 2 8 10 2 2 10 2 2 8 10 10 10 2 10 8 2 2 2 2 2 2 10 2 2 2 2 2 2 2 2 10 8 2 2 2 2 2 10 2 10 2 8 2 2 2 2 2 2 10 2 10 8 2 2 10 2 2 10 2 2 10 2 2 2 2 2 2 2 10 8 10 8 10 2 2 2 10 10 10 2 2 2 2 2 2 2 2 10 10 10 10 2 2 8
left_child=1 9 4 18 24 7 31 103 14 16 11 57 13 87 115 -16 -1 32 82 -20 55 22 112 86 35 61 90 -28 29 30 60 -5 33 34 37 107 -37 38 149 40 120 -38 46 51 77 50 47 -14 93 117 98 53 -51 148 -19 183 -36 131 -34 95 73 63 -63 -23 100 70 118 -68 69 74 -64 -66 -73 -15 75 -69 -32 123 -17 167 147 175 -3 -84 -85 -56 -24 164 -89 184 92 -92 170 -48 186 96 -35 -79 188 160 101 -65 104 181 -49 143 -29 -2 -72 -7 113 -112 -22 -87 -115 -9 -25 -50 -67 -90 139 176 -53 124 182 157 -111 128 129 -76 151 -10 -86 178 136 -136 179 -52 -61 -31 161 142 -54 -78 -47 -99 -139 -81 155 -18 -55 -130 190 -124 -102 -44 -11 -125 -62 -83 -91 162 165 -164 -6 166 -141 -80 -127 -144 -12 -60 -143 -147 -120 -30 -122 187 -103 -131 -74 -4 -45 -13 -41 -179 -95 -170 -46 -145 -113
right_child=2 3 5 6 12 109 -8 8 10 156 26 20 42 28 15 78 17 54 19 -21 21 25 23 116 -26 -27 27 106 81 39 76 -33 58 59 56 36 41 -39 -40 89 -42 -43 43 44 45 144 48 102 49 52 137 122 141 150 85 -57 -58 -59 171 138 158 62 65 64 71 66 67 68 -70 -71 108 72 180 -75 127 -77 105 97 79 80 -82 159 83 84 132 110 -88 88 119 99 91 -93 -94 94 -96 -97 -98 145 -100 -101 154 133 -104 -105 -106 -107 -108 -109 -110 126 111 152 -114 114 -116 -117 -118 -119 174 -121 121 -123 153 125 -126 168 -128 -129 130 134 -132 -133 -134 -135 135 -137 -138 146 -140 140 -142 172 169 189 -146 173 -148 -149 -150 -151 -152 -153 -154 -155 -156 -157 -158 -159 -160 -161 -162 -163 163 -165 -166 -167 -168 -169 177 -171 -172 -173 -174 -175 -176 -177 -178 185 -180 -181 -182 -183 -184 -185 -186 -187 -188 -189 -190 -191 -192
leaf_value=0.013710148887748779 -0.012491877398390539 -0.013158503052970243 0.015861082037871458 -0.033448925628164497 0.007460455092971394 -0.025419391314399832 0.022499485237711836 0.0030648225040600329 0.016468168180678353 0.00033437236136191125 0.007646778902614843 0.031059965692502849 0.020700184302912705 -0.015557975521486456 0.022407925773921755 -0.027223763572088992 -0.0056836130441897123 0.0060143030193324579 0.013794826884595971 -0.031922159528157128 0.0040719448731667525 -0.014207302736641902 0.0022366097030043154 0.02177129950656876 -0.013743719260438093 -0.0083676636139486203 -0.028616727707942498 -0.0077027609158342196 0.027506185911227728 -0.0032684477712661059 -0.010617700337603368 0.00084352321139626778 0.0022238593429752367 0.021056141023092514 -0.0087134757371318886 -0.005584457006371296 0.03831449387490584 0.0049711720756230584 0.0072354883186227679 -0.02037752186260032 0.011395219298494828 0.0023700628327131953 0.010701855071991237 0.022449165390737644 0.0061998693689330068 0.0024107784622069079 -0.0018168887070329155 0.015559076615215045 0.0021140093701012865 -0.012915876935806019 0.0030365622115651591 0.002670336797853085 -0.013777145427675446 -0.018638971121852626 0.0026588492339970657 0.0020540683370389068 0.025511540916415856 -0.022027164427993687 -0.0079680741356989437 -0.020453894678593681 -0.0024700175647424539 -0.0072760977133426068 0.0034718038609125872 -0.00071543468202657306 0.02166778875310528 0.0065141179759492327 -0.013166775671981995 -0.0083458464387557267 -0.0094590824561632172 -0.0068016923499412104 0.011576970834135145 0.014742289623188593 -0.0066259160009332777 0.018029741532384919 -0.011153596951795554 0.020667514724392808 0.0011511646283824247 -0.01165033662775598 -0.023999948114484821 0.02719370148455505 -0.016985900256930843 0.004230754645778074 -0.043869085261651598 -0.0078740832567409363 -0.018085794169730971 -0.035383976830489244 -0.024829745575833746 -0.019291885574130741 0.019549835473557025 0.0035114804648133458 0.014326090148303279 -0.013756216461191227 -0.0051902185306976776 0.032009872073351715 -0.0013080714035912364 0.031363359199415089 -0.012955791791047834 -0.0048822889617077371 -0.010781821081885197 -0.01040739301989981 -0.009526784934949158 0.01472150316726124 -0.02829679132982672 0.0073565146840735424 -0.013634256724078074 -0.0040034544210953617 0.018943615436866585 0.014947270053908919 0.036806025367860089 0.011134450867468493 0.015575350255646008 -0.029271571182038797 0.030663403846704285 -0.024397467015791961 0.015839370516944645 0.029765769240415022 -0.0027907577513652539 -0.027581694026540936 0.017438943378858339 -0.0038503383772448621 0.018758949994037072 -0.021583326270632114 0.031926043320679748 -0.0070883280266674214 -0.021345563475233153 -0.0053486895306204324 -0.011973107469150366 0.0030127759518158801 0.01307537754597359 0.013099450063139196 0.0076673081908374659 -0.0054159762359189288 -0.037733004572205027 0.033518524017362335 0.019168020963132908 -0.0038571086672415061 0.0042827816541369541 -0.0016418458495690907 0.0059783588843119644 -0.0030260182464600994 0.0017791824535241625 0.030531486179147981 0.0054914003255700115 0.031819116441560991 0.03143439127465724 0.0020651881382587004 -0.025797546113398948 0.0032829551798997728 0.022662370784269453 -0.032640895603965506 0.0031963148128377789 0.03542601688109797 -0.0021560746322554147 0.0063345419720474078 0.009345625359686395 -0.0086728990538226178 0.023356274350876803 0.012814240992564228 -0.028599376362617605 -0.014790054014626818 0.026296595437078209 -0.0067281394987168527 0.0022028147007959772 -0.019015201258774029 0.031043899316716458 -0.0077317873723350217 -0.034279845542385834 -0.0054098282107377894 -0.0074766676551835214 0.026315991903738234 0.028730483855916793 -0.030594662899462319 0.0064671810079112088 0.022288232133679722 0.037326838794572922 0.0054815434655990586 -0.001240657337145617 0.00011243502687117278 0.00031511977369897445 0.030654325868891569 -0.02397019524603845 0.037536169807150514 0.0024819864782856106 0.014747730987341306 -0.002688298382876065 -0.011024809999620388 0.0083029977044476611 -0.027085509868231803 0.026633769240088211 0.010175404440516846 -0.0093018734483083163
leaf_weight=8.2020896635949594 4.6319953259080648 10.178138544782994 7.9615201875567427 11.178629238158466 4.9076299034059065 7.0378425382077721 9.6764651164412481 6.9209523191675526 5.8930455781519431 2.893060587346552 4.8233316987752977 58.145639859139919 5.7998702861368683 4.3733493685722369 5.576243892312049 9.8327219821512681 3.9866000618785611 4.0049054678529492 7.6294482387602356 10.564889725297688 6.4962482526898411 7.0707740746438494 6.3544309418648508 7.7873929627239704 3.9161455258727065 8.9250772148370725 10.062439858913423 5.0672032423317432 4.4871237799525252 5.3331329338252536 3.5452200043946531 7.5977255888283279 6.4396535474807051 4.9405252709984815 4.3427551835775358 3.4975559636950448 25.270824670791633 6.5611185096204272 4.0315621495246878 3.0166254267096546 3.2468877807259551 4.7221231609582892 2.961838975548746 2.9368373006582242 2.5653764158487302 3.1011102311313143 4.5740943960845462 3.3163915127515775 3.6658683046698552 3.695497918874028 4.5647478420287397 5.6449855268001583 5.0978842452168491 7.3438939526677114 4.2747469134628764 7.1403583958744994 6.5797238126397133 5.9181011505424967 4.4206924270838526 2.5931759662926188 2.3369400650262824 7.1202369406819335 7.3439235314726821 5.1388968750834456 4.1278790049254921 5.6994570344686499 9.9691574275493604 11.533750109374525 6.6088076680898658 7.5210441164672366 8.9282068088650686 5.0919633172452494 6.0792519636452163 4.5245757717639208 7.1842477694153777 8.6918960735201818 2.96381997317076 6.8228912092745331 6.2357257008552498 5.1286753714084607 5.4743293691426613 2.875408336520195 115.81805530609563 13.260090734809635 15.466500353068112 33.974130468443036 17.241809327155352 4.3100151736289289 7.9376013390719917 3.6554382136091599 9.1189945004880446 8.8995711058378202 4.3172770738601676 23.553705407306559 4.0640687048435202 7.7518196776509276 5.439494591206314 2.9994904212653628 2.0495326295495033 3.2436414938420031 3.142937958240509 4.1963846422731876 6.0838934462517491 7.2157320007681838 5.318190760910511 3.6847932841628817 6.832819536328314 4.4821830596774799 40.701791759580374 4.6772154644131643 3.1495072226971388 6.4601601250469693 11.713650170713661 6.8761797584593278 2.8814605800434947 7.0944439508020878 5.9023806005716306 5.1901483330875635 10.952232010662554 6.1000726185738996 2.7022118265740565 2.6151771731674671 11.30874879658222 2.2682851366698742 3.7847779542207718 5.1198249571025372 5.926091518253088 6.871308183297514 8.623853847384451 9.1109734922647352 7.3067301884293547 6.5154892690479755 65.045369660481811 19.495489247143272 5.391613230109213 7.668708648532629 6.3823768049478522 4.5318725965917119 2.9808835219591856 2.4888893663883209 2.4955734461545935 8.1965978965163213 4.5885258913040161 9.5497902221977764 8.8689432516694051 2.8805970400571823 7.5894591994583616 5.907057099044323 5.029059074819088 18.821245865896351 3.6217531636357307 33.649155840277672 3.7297544851899138 4.1022723205387583 4.0667618103325358 3.3404886908829212 5.5886121727526188 2.9579871557652941 10.566815902478991 3.1903588436543933 4.0502164512872696 4.582930974662303 4.0658729709684831 4.9808946847915649 5.5403042137622833 3.7378830015659323 28.326281431131068 6.0436952523887157 3.3946414068341317 5.0615288875997049 13.227522011846302 12.469633825123308 3.5203832704573861 5.8561563640832883 25.420802898705006 3.8106493875384322 1.5315026249736545 2.7149378247559071 3.960026625543831 23.448215056210767 5.2010792419314384 24.472277101129293 2.4872932992875576 10.050755292177199 2.4081263728439808 2.7537279464304438 3.0066023766994467 18.269822226837277 3.8556843958795071 3.9245439358055512 4.0015726462006578
leaf_count=42 36 26 28 45 31 32 19 25 26 39 34 287 42 33 38 46 27 32 18 49 33 44 23 33 27 44 50 38 35 41 34 22 47 34 25 21 190 35 30 30 24 23 29 24 26 36 43 28 36 29 46 44 38 58 31 25 37 28 33 27 18 26 19 37 31 33 31 44 25 36 42 46 40 46 28 29 21 46 28 28 29 20 512 44 54 235 59 50 43 40 25 27 21 200 31 29 20 31 20 33 20 29 33 41 44 33 17 36 131 23 16 69 51 58 30 27 22 37 43 36 47 18 73 22 17 36 39 41 24 32 34 27 268 115 19 39 18 39 43 26 26 60 33 67 81 24 54 30 30 131 19 138 23 42 38 27 29 37 119 30 21 40 45 59 26 29 262 35 30 32 74 74 22 46 92 26 20 30 24 86 16 114 26 30 25 22 17 127 52 38 36
internal_value=0.000110156 -0.0242849 0.00974978 -0.0329715 0.00316742 0.0142183 -0.00572396 0.0150239 0.0139104 -0.0109066 0.0153466 0.0167783 0.0011425 -0.00431212 0.000156148 -0.00681229 -0.0126247 -0.0141963 -0.0361171 -0.0135118 0.017637 0.0156818 0.0037345 -0.00674144 0.0199234 0.0175674 0.0038004 -0.0100044 -0.00765912 -0.00984974 1.02169e-06 -0.0213699 -0.00708162 -0.00220299 -0.00999715 0.0237215 0.0291925 -0.0179553 -0.0234978 -0.0150898 -0.0187596 0.0333889 0.00502952 0.00140658 -0.00318218 0.00718056 0.0103873 -0.00382605 0.0143135 0.00542959 -0.00354656 0.011747 0.0132714 0.000759198 -0.0228838 0.0269702 0.0129568 -0.00476283 -0.0194289 0.0118525 -0.0153375 0.0183298 0.0201891 0.0104576 0.0138775 0.0210192 0.0181635 0.0144983 0.0165601 0.0179295 0.029726 0.00072287 -0.00709869 0.00175692 0.0194167 0.00518181 0.0142683 -0.00913613 -0.0123467 -0.00516914 0.00545423 0.0101783 -0.0377806 -0.0387729 -0.0313102 -0.0248423 -0.0181101 0.0113877 0.00176196 0.000335685 0.0114819 0.000469659 0.0192434 0.0229568 0.0264902 0.0187036 0.00432239 0.00305145 0.0141858 0.0103132 0.0200958 0.0239329 -0.0153665 0.0300256 -0.00129395 0.0194656 0.00832881 0.00135835 0.0331895 -0.013403 -0.0268026 -0.0128276 0.0231019 -0.0311606 -0.0115787 0.0194553 0.0125831 -0.0178656 0.0302003 0.0104931 -0.0207673 -0.00201704 0.0218308 -0.0138734 0.000171977 -0.0170821 -0.00156811 0.0217114 0.0227794 0.0163387 0.0290925 0.00615911 -0.0347467 0.0281362 0.0205401 0.00745384 0.0240784 -0.0133429 -0.00917139 -0.0228394 -0.0245994 0.017875 0.00801983 0.0245347 0.0259131 0.0122352 -0.018892 0.0178436 0.0133179 -0.0291424 -0.0122877 0.0320392 -0.0207558 0.0272639 0.000730614 0.000942482 0.0176518 0.00473579 -0.0252322 -0.00735412 0.0195136 -0.025991 -0.0274497 -0.0113047 0.0241146 -0.0304314 -0.0322508 -0.0177187 -0.0207214 0.0200765 0.0249964 -0.0267752 0.0261032 0.0178618 0.0331294 0.0215461 0.0140067 -0.0227971 0.0097014 0.0272669 -0.0179896 0.034015 0.0174513 0.0293813 -0.0162916 -0.00741156 0.0304459 -0.0253014 0.0230581 0.0285261 -0.0254205
internal_weight=1571.54 443.81 1127.73 266.415 458.091 669.638 28.4528 651.997 612.347 177.395 554.133 491.784 411.571 171.11 58.2138 44.1984 168.913 160.711 237.962 18.1943 473.458 398.121 55.4959 37.286 46.5208 342.625 62.3492 21.9625 142.315 127.951 45.4698 18.7764 91.3589 68.0289 44.323 42.6047 33.4905 33.4005 26.8394 82.4813 66.1072 29.9929 240.46 145.727 102.374 37.1267 94.7333 20.5183 74.2149 39.0164 25.1567 43.353 30.1604 22.297 69.3524 75.3368 10.9225 18.3266 23.33 23.7059 21.8017 333.7 266.128 67.5714 60.5007 259.008 202.034 159.962 149.993 143.384 56.9739 20.5002 16.3723 8.89793 135.863 20.2256 23.6682 65.2473 38.6222 28.7895 16.5101 14.3635 219.768 209.59 93.772 65.3475 23.5962 28.7956 18.3477 16.374 40.3867 18.0186 22.3681 35.1985 30.6244 18.1318 10.38 18.5591 8.47059 10.9493 40.0005 32.7908 14.7185 39.6495 8.63458 20.1229 11.9 9.11418 49.63 17.6411 61.0728 17.341 18.2099 43.7318 9.75764 14.0154 13.6898 8.85602 42.0725 14.0377 62.8604 6.84889 21.056 46.6881 9.20891 37.4792 10.6033 115.637 108.766 59.1861 49.5797 12.4085 80.5119 27.6519 52.0019 13.0603 38.9416 16.6861 5.57406 56.0115 50.6783 26.4649 14.7479 16.4382 11.9701 11.7362 12.1213 11.0357 11.3314 22.8078 10.9656 42.273 14.1915 15.411 7.2097 6.30233 8.48167 5.22627 12.9038 6.06577 7.70565 48.1828 43.5998 9.04677 10.4479 34.5531 30.8152 12.2794 32.253 9.65005 18.0509 16.8903 11.717 8.73675 36.373 8.29777 4.23371 27.1331 8.15641 32.5592 11.2803 32.4338 5.42413 68.1964 5.42475 5.46867 26.5603 21.6645 6.42106 13.4743 10.4617
internal_count=9020 2289 6731 1057 3744 2987 86 2893 2710 1232 2424 2138 3411 1492 286 234 1164 1122 971 67 2057 1715 221 137 333 1494 286 105 1306 1195 409 67 592 438 285 306 234 223 188 786 637 213 1919 1194 872 354 725 147 578 287 237 322 214 163 530 342 62 81 154 153 216 1450 1010 440 396 984 792 624 593 568 192 133 102 79 532 73 193 518 196 150 87 111 904 878 366 498 82 186 129 149 181 52 129 291 248 83 54 147 98 94 263 205 105 183 72 159 55 72 173 94 467 144 84 323 88 52 55 73 168 79 613 85 159 371 67 304 62 459 418 222 196 53 322 168 194 58 136 139 70 528 487 185 103 126 117 101 93 58 86 158 77 162 128 115 58 56 68 59 137 50 61 461 421 104 57 317 288 63 245 65 108 107 82 70 135 61 67 209 53 118 56 142 50 317 55 52 217 157 78 105 105
is_linear=0
shrinkage=0.0253636


Tree=3
num_leaves=177
num_cat=0
split_feature=0 0 0 6 15 7 0 2 15 5 16 15 14 5 16 15 18 4 18 6 6 4 13 14 13 4 11 2 7 16 18 0 17 10 10 10 15 0 9 4 15 15 4 9 17 17 2 17 15 15 8 6 5 14 19 17 4 10 16 10 14 2 14 9 7 14 10 4 4 5 18 16 2 5 13 17 11 17 11 5 18 7 4 19 5 14 8 4 6 17 16 7 2 8 16 9 2 16 13 2 0 11 16 2 10 10 18 8 2 4 9 19 11 11 4 9 4 4 4 2 8 4 15 6 11 7 5 15 14 4 15 13 5 8 15 5 6 16 17 0 14 4 16 6 4 18 17 6 13 5 7 7 18 5 0 17 9 10 16 6 15 8 2 6 6 8 16 17 4 10 6 13 0 8 8 9
split_gain=435.07 62.7725 42.8126 32.1186 19.5581 17.254 16.0042 16.9778 14.3377 14.0041 12.5624 11.2123 11.035 11.0147 10.7285 10.4773 16.3963 8.96318 11.5426 8.2866 17.5241 9.32922 15.9282 9.05585 8.09856 9.07961 9.21765 8.98161 7.98044 7.71507 7.35621 7.25215 10.9049 11.2056 11.7273 9.38954 11.4517 7.51678 7.4894 9.67919 7.44016 7.24239 7.19893 7.17187 7.11657 8.49773 10.8262 6.92625 8.44789 7.87832 9.32478 6.88925 6.664 8.68302 7.3503 6.51166 6.45264 6.11838 6.26925 8.05759 5.73339 8.51964 7.54269 9.3352 7.45872 7.98838 6.9812 5.74184 9.01365 7.15832 6.96421 6.97289 6.53575 5.69548 6.86428 6.07536 5.55191 5.5518 5.54222 6.36515 5.52809 5.52685 6.13975 6.63725 13.3399 6.54025 5.47363 12.9048 5.75128 5.35597 5.2316 5.18181 5.17186 5.11148 5.0912 5.02091 4.9374 4.89232 4.84017 4.69684 4.67111 4.67003 4.61187 4.61046 8.33495 7.60783 7.91358 4.6006 4.51355 4.32259 4.07108 3.96066 3.92166 3.92025 3.91233 3.38849 3.38441 3.83644 18.1747 3.22794 3.98863 3.22071 3.19334 3.04563 2.78566 2.77842 2.77227 2.71705 2.67745 2.65627 4.98879 2.60755 2.43341 2.36257 2.28872 2.28567 2.27244 4.17978 2.21664 2.12633 2.09598 2.05374 2.04667 2.01395 2.01314 1.9717 1.81891 1.76639 1.71619 1.66501 1.55367 1.54611 1.49353 1.28774 1.21322 1.14617 1.14216 1.11125 1.05483 1.01106 1.00113 0.87262 0.799219 0.732366 0.719613 0.682811 0.648437 0.57008 0.566916 0.491164 0.242868 0.241498 0.178873 0.0519856 0.181935 0.0214846
threshold=-0.40793841542426396 -0.41937640457503833 -0.23430687253537311 1.599387177311463 0.79166666666666674 -3.5700382643230024 -0.047501790536802084 0.0026375449132810783 0.01785714285714286 3.1050000000000009 0.11782426897077299 0.8670634920634922 -0.0084829417005526913 4.2250000000000005 0.13830403904578156 0.49007936507936511 -0.96863455713710445 0.037514069012348779 0.11488328970331597 -1.3791544339161694 -1.251029783015088 0.028775443353563749 0.0072122742717396016 0.0081636435957949133 0.0090194554425805807 -0.37799628727230533 1.3425275410595752 0.0096254353817461172 -2136.9309183978626 0.1018064156010209 0.87555260831122927 -0.39905724056525649 0.95039682539682546 398.70954956046575 430.41528165829692 341.94031682410792 0.56944444444444453 -0.26689833809417174 0.022285131261852945 1.0000000180025095e-35 0.025793650793650796 0.43055555555555564 -0.025904854501674898 -0.033438832760056818 0.36706349206349215 0.28373015873015878 0.0021984627633711271 0.94642857142857151 0.89484126984126999 0.57341269841269848 0.0249634324282107 0.6822538752606303 1.2950000000000002 0.0071463900875229367 0.59999999999999887 0.93452380952380965 -0.082613393542776956 573.86764384403648 0.15342405126831618 273.46541183227913 0.0033243913710799826 0.011158343542104763 0.014946440567593202 0.010556435625058371 -1234.4893384949885 -0.01309537567094393 239.55624175543269 0.035808767951625138 0.2548647447316576 1.4449999999999987 -0.29384599418845991 0.12496675061385186 0.0070402496408233572 0.87499999999999922 0.024510566714138499 0.92658730158730174 1.1395150634560136 0.51785714285714302 1.1548645982601358 1.6650000000000003 -0.11977573904179405 -41.927579755275957 0.18191319850135249 0.24999999999999986 -2.5600000000000001 0.011681061346973222 0.018870103631333696 -0.11637350551912111 0.44431297244560103 0.4781746031746032 0.17651210077551052 -926.20078029136039 0.0034722904175842674 0.025877447344302935 0.14309024639326409 -0.027260392350475112 0.0089270893186487437 0.17579533723586857 0.021104066545046821 0.0031234892697105054 -0.095862598594318157 0.94028566855608642 0.15093848355490774 0.004291932386525363 208.27243636966031 273.46541183227913 -0.012980354058721886 0.016736594867639901 0.0035885581752081218 0.16742399087806573 -0.019245548382930574 0.20000000000000015 1.2385396026348205 1.0349487417699395 0.078702789978334589 -0.097236047116974686 -0.38824226353122676 0.18191319850135249 0.20594128426264882 0.0070402496408233572 0.011574854347917609 0.20769900726699 0.69246031746031755 1.745618757557964 1.1372808064730073 -784.54539748840523 -0.2399999999999993 0.28373015873015878 -0.0011128515649779234 0.05701007905735956 0.60119047619047628 0.01160665897806599 -1.0549999999999995 0.029482470963768413 0.28373015873015878 4.2250000000000005 0.93978954024699368 0.15349485436309354 0.21626984126984131 -0.05014988258771879 -0.030477431186679445 0.29248274526721402 0.15589512299988273 -0.17286468448546577 -0.32699126328296202 -0.94984276729559736 0.54166666666666674 -1.0890213386652223 0.0070151619442213814 1.2250000000000016 -279.52333883033793 -344.09483810606258 -0.11977573904179405 1.005000000000001 -0.19783543430078268 0.60119047619047628 -0.0052399008902267443 118.11298400696346 0.14619050536534642 2.4395902982930115 0.89484126984126999 -0.0076677800670693621 0.0046598477124341594 -0.36822767684391589 0.327453883654161 0.026736776116616328 0.17831454145156639 0.93452380952380965 0.26828337776820271 102.53693594117802 -0.86202724758242166 0.015193774699603294 -0.087063354761323972 0.015941106102509348 0.0032559274688972882 0.0079539184184750384
decision_type=10 8 10 2 2 8 10 10 2 2 2 2 2 2 2 2 2 2 2 2 2 2 10 2 10 2 2 10 10 2 2 10 2 10 10 10 2 10 10 2 2 2 2 10 2 2 10 2 2 2 10 2 2 2 10 2 2 10 2 10 2 10 2 10 10 2 8 2 2 2 2 2 10 2 8 2 2 2 2 2 2 10 2 10 2 2 10 2 2 2 2 8 10 10 2 10 10 2 10 8 10 2 2 10 10 10 2 8 10 2 10 10 2 2 2 10 2 2 2 10 10 2 2 2 2 10 2 2 2 2 2 10 2 8 2 2 2 2 2 8 2 2 2 2 2 2 2 2 10 2 10 8 2 2 10 2 10 10 2 2 2 10 8 2 2 8 2 2 2 10 2 10 10 8 10 8
left_child=1 13 5 10 14 11 7 8 -4 24 51 31 28 15 -5 19 -17 44 168 -1 -21 22 -22 94 27 100 60 57 140 -18 97 56 33 35 -35 36 37 52 93 89 -36 -42 133 109 45 46 -8 48 49 50 86 -3 53 54 112 116 -2 58 132 -60 61 64 81 66 123 158 108 69 70 72 114 -72 103 75 -75 161 171 -54 79 95 126 82 92 84 -84 -85 88 -88 90 -40 -10 135 99 115 -23 -73 169 -24 110 -62 152 -34 -93 105 128 113 -107 125 -64 -14 -82 -29 148 -67 -69 -38 -12 -118 -119 120 -31 -116 -20 -27 -108 -55 -74 -52 -105 -58 -131 -106 -9 147 -83 -11 166 -138 -109 163 -13 150 -7 -46 -117 -99 -71 -39 -33 -91 173 -146 -26 -150 -98 -63 -114 -110 -66 -6 -121 -70 -61 -129 -96 -115 -41 -30 -19 -94 -127 -51 -171 174 -44 -149
right_child=2 3 6 4 159 142 17 9 47 91 55 12 43 -15 -16 16 29 18 122 20 21 23 30 -25 25 26 -28 111 167 119 -32 32 101 34 40 -37 38 42 39 136 41 -43 141 -45 143 -47 -48 -49 -50 76 127 -53 77 107 -56 -57 129 -59 59 162 62 155 63 -65 65 67 -68 68 73 146 71 78 80 74 -76 -77 -78 -79 -80 -81 98 134 83 85 -86 -87 87 -89 -90 149 -92 102 96 -95 164 -97 154 145 -100 -101 -102 -103 -104 104 131 106 124 138 157 -111 -112 -113 156 165 121 144 117 118 -120 160 -122 -123 -124 -125 -126 170 -128 139 -130 130 -132 -133 -134 -135 -136 -137 137 -139 -140 -141 -142 -143 -144 -145 151 -147 -148 175 153 -151 -152 -153 -154 -155 -156 -157 -158 -159 -160 -161 -162 -163 -164 -165 -166 -167 -168 -169 -170 172 -172 -173 -174 -175 -176 -177
leaf_value=-0.027984072064706857 0.022430472082029328 0.0046626129384703873 -0.010193441715847804 0.020295637350891522 -0.012824639791479579 0.03057097487597776 -0.02474882519613518 0.0061794414975566078 0.027516231383094815 -0.00028945043168698847 -0.014036100810844544 0.017681677858078684 0.013452716603822744 0.017463878924402671 -0.012405871173012959 0.013367536790549091 0.0057473824641368311 0.027954938412047822 -0.017692875249245114 0.023343073132585865 0.015898539885204208 -0.0057913623770824195 -0.034284207265179785 -0.017907787361072968 -0.0018267158507206808 -0.017456069938116457 -0.018104289882640179 0.0095919254954911076 -0.0053447246167358745 -0.0207852176407054 0.006821839287317868 -0.00031469998763486483 -0.005304328074740656 0.028058962559960834 0.015586943299911319 -0.028199002470074886 -0.00050496449205323561 0.0036238607180989436 -0.011360897583008468 -0.027594355755504674 -0.027593547835756144 0.0093574223011248566 -0.0082136965680611306 0.027419256230442658 -0.026222919497469521 0.021140262941799819 0.010859848568681637 0.0014136360884301562 -0.0020562613507101105 0.017639656761096103 0.033784887471709039 -0.025251570820826148 -0.0082080602276725662 -0.0040832390963932864 0.0086433899801348513 -0.00871785684445954 -0.013945867979155502 -0.0012657193450950242 -0.0090557467785977418 0.025980887926989892 0.018818742799279666 0.033856085050685485 -0.0035099960147048658 -0.016278048077407348 0.0069830287383587653 0.00086953441035335886 -0.012196559190904642 -0.0065153314666955104 0.033425031931955715 0.0017119965973189375 0.008654342586908571 -0.0023575264945094143 -0.0021106293530438937 0.015967055845760133 -0.017416423758614206 -0.0023358666812477412 0.0069569321839840995 0.026045200488193702 0.0069189725684532825 0.0027149086702164984 0.0026081684465872374 0.0081069082578448057 0.020973872458740994 0.030294070372925534 -0.021036634625830448 -0.0062068885113848796 -0.02191757070563408 0.017737537436192472 -0.003306379381182222 0.026606363959682713 5.1444974087090754e-06 0.013652021175594806 0.003939919555264979 0.0069278954951355002 0.027463181438309177 -0.034319411705163068 0.011239322986029554 -0.016513624411762781 0.0098316206828639764 -0.0064060500606241324 0.00969856316089426 0.026569106669466106 -0.010231708564892136 -0.0063116412122604009 0.0066115967976175085 -0.018627063122452506 0.018974511058908246 0.0045239287782467223 0.0064906549953981313 -0.018541882478096045 -0.02352516963940306 -0.019217493419751208 -0.0069693200631687066 0.028666146013534396 0.023017430169356021 -0.0021803857746933455 -0.03975825565833379 0.010273057779631653 -0.033924012891101779 -0.031517602410040528 0.0069327167253182146 -0.0014654456360841252 0.0052136679733475111 0.0046526861725245724 -0.0029146897630371572 0.0057368156923583748 0.02318309533087539 0.026500219679281182 0.012534737175102784 0.019526692265908918 -0.012310248898844431 0.029633343929343005 0.034538846220144831 -0.0008639836334040945 -0.013530222835446476 -0.022487714783469639 0.010632275573742668 -0.018050942885937622 -0.017259896475648216 0.0056197224924539142 -0.0030744191657074392 0.0090339439818136434 0.0061323164313938664 -0.0039339780415232339 -0.032158030164666937 0.0031940912041753208 -0.01889756457282445 0.029910314274630322 -0.026499421564038988 0.0027929780188394155 0.0036312403132691398 -0.0026133121179606985 -0.024920218517939689 -0.0024025024239820456 -0.0042446639814516128 0.0082846069721483409 0.0096472077649252374 0.029558440837096498 0.027761656191807205 -0.034029407353282665 -0.0097694801598953475 0.011264091790184172 0.0072786729214554327 0.0084311655567245666 0.0077287858729024215 0.0062317574313768059 -0.0039503651383368905 -0.026324506534299935 0.010374377902873232 0.030415072546809096 0.023978841517215983 0.035033827492808749 0.011864773077962909 -0.018662884792166951 0.00026537460132070869 0.007693076393219268
leaf_weight=5.1663715466856948 9.3550333213061112 9.0897562596946937 8.1165483556687814 13.209136139601471 8.5417316555976885 9.4505352284759265 8.5153281614184433 3.6524014752358189 14.973786387592559 4.1489042975008479 8.7799585424363595 4.6683838255703449 2.3370774090290096 7.081529038026928 8.1404152736067754 7.1256423238664857 4.2628467716276637 8.3851977363228816 5.9809829853475076 12.25963474716991 6.5674499291926614 4.3916922155767706 16.493564289063222 4.8316184580326071 3.0021444857120514 7.870437875390051 4.3941172491759053 3.4899887163192025 3.1265390347689381 3.7577526513487083 3.6009383341297498 2.0348688978701786 3.0068679675459844 8.6344878450036067 4.6893462985754004 12.303848614916204 3.1776543185114923 3.7274116799235371 2.7493385002017048 5.6791269835084659 6.8180248010903579 3.3786134608089924 2.2547278441488743 18.042386349290609 9.0020216070115548 6.1726575754582873 8.0337431915104371 11.056153729557989 8.07060509175062 10.592079814523457 18.71245438605547 6.164800025522708 3.3187091052532187 2.9877678165212282 5.1046856679022303 7.6935467645525923 4.6585993058979493 5.7576948776841155 6.385565189644697 8.3285673260688746 6.7406667582690689 6.9717931207269412 3.7397113814950087 7.9859269727021447 4.572409829124811 6.2186058424413231 3.8159305192530146 6.7803597636520889 7.3763344101607826 3.9735124967992297 6.9538429453968993 4.5307061895728173 3.5467173345386982 4.2493800967931721 5.8060054481029519 5.6043783947825423 7.7405116744339457 4.2360371919348836 3.9180085621774188 5.0425435416400424 5.1434384305030134 3.7349027357995501 5.4213667772710314 7.3776714745908958 8.6093054451048392 3.2650191597640514 8.0654668025672418 7.1507995296269646 7.7440223768353453 4.9189723324961943 5.9143050685524932 8.8564912080764788 1.5281210653483857 2.1358876414597026 6.4447317682206613 12.957496576011183 5.4560819528996944 3.8545199884101748 5.3825285211205474 7.0436508394777784 3.2123925387859327 6.6746548712253571 6.4349505342543116 7.5979588329792023 5.7917408198118201 8.3924563303589839 5.5959056299179775 3.5358081832528141 3.8698464073240748 2.6687387228012085 7.5987505279481402 3.1518898718059063 2.7953820452094078 8.9273785110563004 6.8752937465906125 2.234993504360328 150.49290435388684 6.4301621876657036 20.782798705622554 32.04798349738121 4.3985538333654404 4.7854168079793453 5.0281854569911957 4.697612639516592 5.3788644038140774 3.1067810878157625 5.0507723949849623 9.9942458122968691 6.1215849667787534 3.9384538307785988 3.0942498650401831 28.829872455447912 29.5803736532107 3.1183611489832428 3.0149812623858452 8.4477801509201509 3.9780423007905483 3.2784003540873528 3.9312403574585915 10.459341257810594 3.986264303326605 2.4288159999996415 4.8964335937052956 4.8941410258412352 22.372692178934813 4.6833581719547492 3.5082315988838673 7.0324599612504208 23.522997833788398 3.5123024880886078 2.7253505885601106 1.7837427835911466 4.8742998875677586 2.1847901232540599 3.2423805594444257 4.0851211808621883 1.9282958917319764 8.6081050392240268 12.457212567329405 7.6824452579021445 5.0126468632370225 6.3957400023937252 5.2975061535835275 6.0425695329904547 5.042986486107111 3.1313156336545953 2.0678309686481953 3.8102408573031425 7.5421406850218764 49.682133015245192 4.4694344531744683 51.645094461739063 5.661759037524468 2.7684752177447072 2.0754864178597927 2.6917567979544419
leaf_count=49 52 40 35 28 38 46 50 24 68 29 25 28 23 32 35 46 30 33 36 45 34 41 157 37 33 56 38 37 30 41 21 21 39 73 25 157 32 36 27 51 51 29 32 114 53 18 26 47 46 26 95 30 24 41 46 32 30 28 43 38 36 39 22 43 33 31 23 30 39 22 43 21 27 18 41 28 42 49 30 33 35 32 20 62 46 28 30 29 26 44 28 36 20 38 37 79 39 25 45 42 18 45 35 45 45 38 28 34 34 28 47 16 29 63 58 33 822 17 118 313 38 23 21 39 22 22 38 44 33 22 31 159 252 36 27 65 37 32 47 27 28 27 39 29 240 40 33 48 270 30 31 43 32 23 31 37 29 59 81 42 47 36 46 19 29 33 40 28 18 329 43 166 21 21 29 24
internal_value=0.000184132 -0.0226879 0.0089295 -0.0302715 -0.00791343 0.000264862 0.0120711 0.0132099 0.0197616 0.0106134 -0.0341135 -0.00138412 0.0107012 -0.00866032 0.00783237 -0.0104474 -0.018372 -9.47576e-05 0.0103813 -0.00384709 -0.000911695 -0.00715127 -0.0146548 0.00584043 0.011668 0.0101565 0.0108254 0.0199493 -0.00527452 -0.023448 -0.0225098 -0.0036592 -0.00521139 -0.00667303 0.00887121 -0.0090483 -0.00695178 -0.00125962 -0.0154861 -0.00463341 -0.00510149 -0.0160034 0.00891089 0.0208716 -0.00800547 0.00111955 -0.00844832 0.0212732 0.0225386 0.023802 0.0176765 -0.00959171 -0.00609606 -0.00921498 -0.0157686 -0.035864 0.00959743 0.02299 0.0255413 0.0117258 0.0112985 0.00874361 0.015475 0.0032879 0.0074616 0.00858043 0.0121967 0.00693587 0.00163576 0.010392 -0.00469195 -0.0112495 0.0120249 0.0121851 -0.00287637 0.0193397 0.0305471 0.0129407 -0.0168338 -0.0212949 0.000915638 0.0183886 0.0197989 0.00751573 -0.00396378 0.020192 0.00846796 -0.00342717 0.014516 0.0115383 0.0207102 -0.00629161 0.0232034 -0.0232692 0.0147705 -0.0276029 0.026131 -0.0270105 -0.0068929 0.00708738 -0.0104336 0.0177549 0.00356856 0.0153291 0.0204326 0.00774702 -0.00328699 0.00474036 0.0189494 -0.00415505 -0.0144895 -0.0058028 -0.0200159 0.0182537 0.00709526 -0.0258905 -0.0368274 -0.0377008 -0.0234958 -0.0263884 -0.00799221 0.0147262 -0.00835332 -0.00988631 0.00992345 0.0139921 0.0149016 0.0255213 0.00283621 -0.00315642 0.00602222 0.02662 0.0321952 0.0185584 -0.00274392 -0.0166451 -0.0166019 -0.00381363 -0.00860271 0.0168338 0.00978982 -0.00521872 0.0247421 -0.0204731 -0.0285807 -0.00768287 -0.0105947 0.0223992 -0.023324 0.0200341 -0.0100384 -0.0305094 -0.0190605 -0.0249196 0.0058554 0.0282048 0.000921181 0.0250583 0.0240713 -0.0266205 -0.0295317 0.027001 0.0213444 0.0221019 0.0222054 0.0252515 -0.0241584 -0.021351 0.0226035 0.0287813 0.02026 0.0330242 0.0292278 -0.0148106 -0.00569947 0.0270352
internal_weight=1393.2 384.031 1009.17 247.008 37.5737 269.407 739.765 676.21 186.278 489.932 209.434 255.06 38.6396 137.024 21.3496 129.942 56.6054 63.5544 26.9365 73.3369 68.1705 55.9109 35.1998 20.711 462.044 396.4 385.311 65.644 15.5914 49.4798 28.6324 216.421 195.374 185.693 23.5205 162.172 149.869 91.9796 57.889 26.184 14.886 10.1966 28.8228 23.0482 36.6179 22.7217 16.5491 178.161 167.105 159.035 89.057 15.2546 63.1568 55.6021 37.571 194.179 21.0463 59.0021 53.2444 20.0116 380.917 242.12 138.798 28.0195 231.063 218.495 20.0336 201.465 81.2755 120.19 51.8437 33.4026 112.708 29.4318 10.0554 19.3765 69.9777 7.55475 26.4488 22.5307 26.7222 110.778 104.028 24.6734 14.0307 10.6427 43.8484 15.2163 28.6321 11.1806 20.8881 27.8881 79.3548 31.705 15.8794 17.4882 65.5705 25.0314 18.1247 13.7843 11.0888 9.68152 15.2914 85.9857 48.3412 37.6445 19.3672 18.031 16.2177 5.00582 12.7422 6.64188 32.4663 18.2773 18.4411 29.5691 186.486 177.706 27.213 45.2169 8.15631 11.6607 11.0092 12.5681 10.9748 10.564 8.59749 45.2086 13.7195 11.6913 7.0327 34.6216 33.2328 16.57 6.74988 12.5967 15.0034 7.25644 7.46705 26.4962 8.65465 12.2529 14.347 13.8962 26.3914 8.53788 7.48174 13.4516 27.7427 8.43127 9.82404 24.1564 7.87644 25.7078 8.69846 11.0569 4.72368 12.478 17.0296 16.2242 37.0606 13.7721 13.6261 16.0368 11.4877 12.0587 7.74696 6.93678 15.9273 56.872 7.57622 62.2372 55.3439 7.09869 4.33021 9.72422
internal_count=9020 2289 6731 1227 143 2527 4204 3920 728 3192 1084 2442 279 1062 63 1030 515 284 108 515 466 421 277 144 3027 2543 2460 484 114 469 243 2163 2028 1944 178 1766 1609 962 647 261 105 80 284 165 176 94 76 693 646 600 366 70 678 605 418 1014 135 431 403 127 2422 1508 914 181 1432 1337 138 1223 479 744 317 206 689 162 59 103 234 73 163 133 192 733 674 156 66 90 181 59 122 101 96 165 518 386 107 100 440 222 127 78 83 84 71 497 282 215 88 187 115 51 82 53 372 127 111 348 982 957 135 439 79 81 57 95 50 106 65 185 78 83 53 204 276 144 59 94 160 69 81 90 56 140 85 82 316 65 55 108 314 74 113 283 65 293 70 76 58 93 114 80 360 75 84 63 66 96 91 58 51 370 65 192 350 82 61 72
is_linear=0
shrinkage=0.0253636


Tree=4
num_leaves=187
num_cat=0
split_feature=0 0 1 6 8 0 12 5 17 17 17 7 9 15 7 19 4 3 10 3 19 1 5 11 8 19 15 10 1 1 5 5 10 6 7 0 4 16 8 6 12 14 4 7 5 9 14 4 1 3 19 15 4 12 8 3 9 10 15 1 0 1 0 3 14 4 7 7 9 15 0 7 8 10 0 6 16 12 15 19 9 16 9 1 8 0 0 3 14 6 17 11 19 1 4 7 1 9 6 10 1 1 5 4 17 5 6 9 3 4 12 16 9 16 6 17 3 4 7 6 5 17 7 19 1 15 10 9 9 5 11 0 1 1 0 10 9 9 4 1 5 0 9 6 16 15 5 8 16 12 16 14 12 0 14 17 12 3 14 10 3 4 1 0 4 9 17 6 4 6 1 1 1 11 3 15 0 6 0 11 8 15 4 14 14 6
split_gain=346.12 53.6508 36.3836 30.5639 21.087 16.5706 14.7884 12.1872 12.1573 15.1245 11.3187 11.8097 11.9515 11.0838 10.7367 14.7707 10.9596 10.5506 9.80426 9.71819 11.8072 10.6802 10.2089 8.99151 9.14135 8.91955 8.89375 8.41694 14.4434 9.35064 10.0262 12.1571 8.75229 8.08073 12.7817 8.67161 7.02488 7.00549 7.1073 6.53347 6.29644 6.2491 8.47945 8.79273 9.08005 6.18848 6.1769 6 5.99388 6.86143 5.97753 5.95098 5.88414 25.088 5.87093 5.71548 5.53521 7.08795 6.75758 6.26823 5.82696 5.52753 8.82701 8.3622 5.50709 6.60487 5.12433 5.1163 5.1077 5.09863 4.83353 4.78893 4.92604 4.75009 4.73199 4.65381 4.64303 4.63325 4.59641 4.58568 4.53334 4.49397 4.40343 4.24886 4.14239 4.10847 4.0933 4.05987 4.0102 3.98969 4.20696 3.93119 3.76664 10.2692 3.7016 3.62843 4.22259 3.89447 3.50377 3.47568 10.3508 7.32344 6.74358 5.37227 4.45008 4.27696 4.85093 3.45489 3.43202 6.50052 3.34754 3.32781 3.32305 3.31813 3.07703 4.65546 3.00298 2.98993 2.98348 2.89336 3.83399 3.07668 2.87028 6.45798 6.04739 5.96585 4.33458 2.79065 2.72986 2.67677 2.66055 2.54538 6.1874 2.48173 2.33197 2.33046 2.30112 2.39581 2.21401 2.17435 2.05314 2.03046 2.01047 1.99972 1.95481 1.90488 1.8725 1.84218 1.80083 1.72102 1.63535 1.54709 1.50225 1.47991 1.47345 1.44852 1.40443 1.37005 1.31884 1.26335 1.18348 1.00696 0.915418 0.913879 0.884475 0.839676 0.807546 0.788918 0.781783 0.736816 0.677282 1.89185 3.1152 0.661748 0.789216 0.613543 0.536431 0.501106 0.447196 0.443909 0.437341 0.291305 0.264834 0.151931 0.147207 0.0827334
threshold=-0.40793841542426396 -0.41937640457503833 55.9312653465851 1.9489049254228086 -0.020153455907003372 -0.044519035407925338 19.500000000000004 0.37500000000000006 0.93055555555555569 0.94642857142857151 0.89087301587301593 -446.85071786439369 0.10415280419856245 0.92658730158730174 -745.80924203243717 0.34999999999999998 0.41252219386339678 1.4319480466866084 168.22283745875356 0.42161260181649346 0.37499999999999939 103.46475140965968 1.0599999999999998 1.1526070643032738 0.0075500080376492288 0.29999999999999993 1.0000000180025095e-35 200.30298711773938 52.484692179533049 24.78411292633352 -0.91499999999999992 -0.38999999999999962 208.27243636966031 -0.28127324920393121 -374.99725300453105 -0.18112161591709117 -0.24239469218173518 0.34393390000157903 0.019415462827407946 -0.68761259657655904 5.5000000000000009 -0.02590077425697301 -0.27954321770398266 -547.34026272815515 0.51000000000000079 -0.046899267761921763 0.0031056149468833287 -0.38824226353122676 29.556269394230217 1.137181139207843 0.39999999999999908 0.51785714285714302 0.18954820936639119 5.5000000000000009 0.045927405561073893 0.64939862755012756 0.10224532110914321 71.579928966909463 0.49404761904761912 128.50331780296639 -0.24647809010380548 26.20253181652269 -0.050450472373283366 0.53493148132378299 -0.0018333854248792079 0.22638253241800158 -1634.7823283332032 -313.70217261551312 0.02513080630381959 0.2678571428571429 -0.21777547844918052 -1318.2620116526321 0.013386380888758516 150.87651822737149 -0.15974895217634807 -0.37675502597209037 0.13268839398925744 8.5000000000000018 0.57341269841269848 0.4000000000000003 -0.050682084837827872 0.13268839398925744 0.022915028251150774 68.421630691200463 0.023023405604862355 -0.45889678746182178 -0.16404640728006134 0.53180295995758575 0.0025867901802530961 2.2676506540753061 0.97817460317460325 0.99975357318876312 0.29999999999999943 46.224846432457163 -0.096348447266125889 -805.69524602574063 42.580581974514367 0.15516360909158047 1.103676660602013 385.8686719132715 35.494554451136487 53.181385413108465 -0.49000000000000105 -0.27954321770398266 0.68055555555555569 0.37500000000000006 -0.85360084304007999 0.065995640240340783 0.85803950012073649 -0.30266596067998558 14.500000000000002 0.34690466723999996 0.024114959274404216 0.12530416377758827 -1.4053348089127793 0.14484126984126985 1.6228051107676478 0.054178526249209387 -101.30512620471193 1.4600626233983982 1.6650000000000003 0.053571428571428575 -91.531799006237293 0.10000000000000099 51.149051623030253 0.1408730158730159 597.12526393816268 0.036957122282635264 0.0026461852463931517 2.305000000000001 1.1265942396786144 -0.051996105859887447 28.307807760479687 87.917827430728707 -0.24533844371377708 185.65647562997279 0.074991305485444651 -0.027013212391863491 0.012406036213182594 69.54826491527821 0.2800000000000003 -0.20084505751247131 -0.038280007256771824 0.58036414546087189 0.1659016615362526 0.3353174603174604 1.2250000000000016 0.022742396966515453 0.12286347771481496 1.5000000000000002 0.11782426897077299 0.00088237129771562295 10.500000000000002 -0.050450472373283366 0.0088351608545571576 0.68055555555555569 17.500000000000004 0.43011182684515753 -0.0018333854248792079 191.23888411389962 0.54009111836777823 -0.038877745915376176 66.794745309672564 -0.19783543430078268 -0.34766500840568648 -0.013051245279659783 0.48611111111111116 -0.66734081865641681 -0.088965177605814502 0.63481908099012296 40.519010107380929 47.58273349847466 44.840851249204022 0.97737036154467349 2.3110540006674869 0.84325396825396837 -0.18736541555832656 -1.074652721563802 -0.37124664232088811 1.1485120816003171 0.023023405604862355 0.43452380952380959 0.31858393977296434 0.012272845554197611 -0.024434970562637045 -1.2929120888179493
decision_type=10 8 10 2 10 10 2 2 2 2 2 10 10 2 10 10 2 2 10 2 10 10 2 2 8 10 2 10 10 10 2 2 10 2 10 10 2 2 8 2 2 2 2 10 2 10 2 2 10 2 10 2 2 2 8 2 10 10 2 10 10 10 10 2 2 2 10 10 8 2 10 10 10 8 10 2 2 2 2 10 10 2 8 10 10 10 10 2 2 2 2 2 10 10 2 8 8 10 2 10 10 10 2 2 2 2 2 10 2 2 2 2 10 2 2 2 2 2 10 2 2 2 10 10 8 2 10 10 10 2 2 10 8 10 10 10 10 8 2 10 2 10 8 2 2 2 2 10 2 2 2 2 2 8 2 2 2 2 2 10 2 2 10 10 2 8 2 2 2 2 10 10 10 2 2 2 8 2 8 2 10 2 2 2 2 2
left_child=1 19 5 8 -5 10 7 14 47 -10 13 12 48 26 16 25 18 33 71 21 22 23 54 24 -1 37 110 28 36 30 51 -32 117 34 73 87 131 38 64 45 158 -22 85 55 46 152 -45 -3 81 78 164 -29 150 -54 162 -44 57 -35 -58 60 -59 167 92 -64 -16 69 -52 166 114 113 151 72 98 -9 176 -68 -51 -7 -50 -57 145 -12 153 86 -37 -43 -62 138 -30 146 -91 139 99 169 -20 96 -14 -98 -4 101 102 103 -101 104 154 106 -104 -24 109 -71 -2 -39 163 -66 135 140 149 -31 -79 120 121 -105 123 125 179 -102 -124 -18 -103 173 -69 132 -28 168 159 -47 137 142 161 -60 178 -80 -123 -93 -115 -17 -19 -48 -82 -81 -49 -27 -40 -42 -63 -95 -83 -132 -33 -96 -117 180 -21 -73 -8 -134 -41 -34 -113 -94 -76 172 -172 174 -78 -141 -38 -166 -116 -125 -36 -147 -13 -151 -148 -25
right_child=2 3 6 4 -6 77 50 17 9 -11 11 182 95 -15 15 80 127 89 94 20 41 -23 107 185 -26 70 27 29 88 32 31 40 61 56 35 84 74 111 39 67 82 42 43 44 -46 68 147 52 49 76 66 -53 53 -55 -56 79 58 59 91 -61 83 62 63 -65 65 -67 75 130 -70 108 -72 112 -74 -75 170 -77 129 118 141 116 148 156 -84 -85 -86 -87 -88 -89 -90 90 -92 143 93 155 134 -97 97 -99 -100 100 122 128 105 119 -106 -107 -108 -109 -110 -111 -112 133 -114 144 115 160 -118 -119 -120 -121 -122 136 126 124 -126 -127 -128 -129 -130 -131 157 -133 165 -135 -136 -137 -138 -139 -140 175 -142 -143 -144 -145 -146 181 184 -149 -150 183 -152 -153 -154 -155 -156 -157 -158 -159 -160 -161 -162 -163 -164 -165 177 -167 -168 -169 -170 -171 171 -173 -174 -175 -176 -177 -178 -179 -180 -181 -182 -183 -184 -185 -186 -187
leaf_value=-0.016443758862206202 0.0068709955709717208 -0.010019259251002867 -0.021747447335701997 -0.028834193478196476 0.011985250543545246 -0.026504043993383231 0.0050846112707912151 0.028921968768720233 0.012802314909332663 -0.0290620634273847 0.0017679237779875338 -0.0063733781004179238 -0.026165316813679861 -0.014168962382845618 -0.010978298614270299 -0.0058424026061662335 0.020685422053925824 -0.00056720727973581092 0.01925308082210762 -0.0062593389722946594 0.014200051445658503 0.025066992564969165 0.016238510034789256 -0.0059342258558802872 0.025846998368958481 -0.00088294807665527299 0.029261324850733402 -0.023597358829299763 -0.016261643598789229 0.0059600669924190081 0.025845624847916575 0.020873084867253342 0.035050994911900168 0.013576827347600875 0.005449434647401912 -0.0074088371163289991 0.0071295178899414618 -0.020336100601008444 0.00059958449731713258 0.015080534951110461 -0.0045781222407706547 -0.0072171811215768315 0.0080863075514765528 0.020863480222161883 -0.021562241196169046 0.010427266530821098 0.0045807823889061341 -0.014458200785249295 -0.0024211960325788602 0.014833189893500041 0.01989063181257188 0.0052301516426549672 0.00917305880905484 -0.036926498404302052 0.0044878987931007055 0.004371120700909557 0.020942471766520809 -0.034771585536966326 -0.00010240574778453784 0.0044785205050811711 0.015254628018718011 -0.013115608257435137 -0.018800333200799026 0.012553325465466978 -0.010947772198545192 -0.0083432765240750387 0.011064735003658392 0.0019755386347057122 -0.012519210004610804 -0.0076145848200864221 0.0069541055828413493 -0.032586294290662503 0.015101946522224569 0.0018937734102061389 0.030046379602324664 -0.01920936180128293 -0.025136375878986403 0.011001322582973379 0.0045973982705646782 -0.005151767030513987 0.0073976515657910771 0.032549278487801842 0.0052133367527779197 -0.021192400482511042 0.019523383700802959 0.018650023738427543 -0.01132417195472625 -0.027161362547242336 0.0083583292399691932 -0.015460418523240274 0.01078274539614592 -0.0069705435570062242 -0.0031202827169327196 0.023170399581645105 -0.019025610408327773 0.0044513247581539784 -0.013994765877978405 0.015219043647997038 0.007527462058253628 0.014566185318713351 -0.0044390191439979227 -0.013879137183916064 0.002131457745452787 0.0023775048601160178 0.018371491221702393 0.0072515097238935091 -0.029426821895736914 -0.010857495950199185 -0.00085516797028886379 0.029535140385951092 -0.018460327240098356 -0.0010161564112636636 -0.0014030572638647121 0.020836891832841715 0.0061548729097490587 -0.010206099172730096 -0.0029066546853775384 -0.01685837951454271 -0.011225461104224723 0.0026210043085161355 0.00028236031075201689 0.023179443258777341 0.029855061124584515 -0.02145353806472346 0.014862597097106241 0.029694810403818675 -0.0010316401024270149 -0.0045585345844295156 0.0092520746274585824 0.0051245885767906216 -0.0047259703905240631 -0.0050967466983235891 -0.0085197258257897479 -0.011849662373763893 0.0076464681831178915 -0.011356592997594046 0.0056142400575354429 0.034223324852636981 0.011935659315349373 -0.025872898542051007 0.0025198227493134526 0.028524266877983366 0.0051601180270900967 0.013386184636716853 -0.003104871899028543 0.0028174472574941677 0.0059073784507325975 -0.015307929012172473 0.029337964096086883 -0.033673975639274344 -0.038915141984260576 -0.025132426839495525 -0.020978628774234533 -0.023767270495383262 0.0045832218203078895 0.0018879832225212568 0.011370642749869672 -0.025033211123121114 0.0018215090115365771 0.0019806022830655455 0.0071258824244527421 -0.016929632929844941 -0.035297245112558398 -0.0064625794482832842 0.00942630548686107 0.0039634923638141618 -0.00085205990268114062 0.014744507020621054 0.016266735935857563 -0.021191071246821208 0.017012245767590976 0.028096638595902047 -0.0034376496982976147 -0.0035797882220257502 -0.0035695260901959978 -0.0052784592333636714 -0.0039292823015785244 0.031655133666633931 0.027833575008022759 -0.0039635162489961026 -0.0053884625684729858 0.015369047166003054 -0.022499913695879867 -0.0083810824910191938 0.026804215445932669 -0.026206979480471397
leaf_weight=2.9013115689158457 3.8535219207406026 9.0935319066047651 5.2115305047482234 10.186925783753397 18.420046664774418 5.042713386937975 2.711468473076823 6.9310444444417927 8.2520393803715724 8.4890510402619821 6.1423101555556086 4.281718082726 6.255855526775119 6.0752766598016015 3.0663834530860177 4.2160732094198448 7.9915489591658098 2.2897989843040722 4.5377756506204596 2.236707083880904 6.7582858093082896 8.302280589938162 3.278194047510623 2.3776224665343753 5.150689110159874 2.2608895488083354 4.7878385335206994 8.4361881613731367 5.738391947001217 4.8975453265011293 15.643840346485375 4.7123698368668556 11.818010304123165 2.0771510973572722 1.9623894803226001 4.4804898612201232 3.4115797784179449 6.3391473982483131 3.1030235067009917 2.5089996121823814 6.3061766028404236 4.2121585384011269 2.8014126680791369 9.5696505457162946 5.381845496594905 3.2736508976668039 3.6504298001527777 6.5354803539812556 6.0357154458761242 2.8385906815528896 3.7819661516696206 6.1780367996543637 10.285449966788294 18.127137655392289 2.1709343865513864 2.6955379042774466 3.0892197303473976 17.231974286958572 4.0293001104146269 4.4576021023094645 3.8448761235922575 4.2709223516285402 7.4884169846773174 8.5117070972919446 4.100831884890793 4.4651636444032183 2.9392577409744254 4.0275633772835162 2.8090747371315947 2.1543717104941598 3.7732855249196282 12.823336273431776 3.1830635294318199 8.0123282019048929 71.999824751168489 5.142730049788951 4.3638115972280485 4.6845320351421824 4.5541039612144241 3.0732494853437009 5.4500454608351019 12.778135776519777 8.1479627694934589 10.474431442096828 5.1162425726652145 7.7179417144507152 5.1799057051539474 10.814665013924239 5.6528043486177921 4.1878307610750181 5.6801047250628471 3.1309711374342433 3.4456000402569797 6.9831507783383113 2.7333739772438994 7.7483866736292866 2.8107996210455903 2.9264747984707355 2.062351806089282 6.7478448059409883 3.6212424337863949 3.5626824684441081 4.1840207427740097 3.6687866002321234 5.8472247701138258 3.8072746116667977 6.1251165941357595 3.0109406337141991 3.0572018921375266 27.770445313304666 4.5574662163853645 1.9516739808022974 3.4655917994678012 2.8636486530303955 2.7439182735979557 2.7980483174324027 3.9321073628962031 4.6571140047162771 4.8418520539998999 4.3173399046063414 3.6372229084372512 16.829212222248316 16.991837073117498 3.2198192514479134 3.6758163236081609 8.548784811049698 3.189160354435443 2.5205294638872147 3.6896525025367737 3.2090451791882506 4.7533166743814927 5.3262580297887316 3.0222610458731651 2.0900852996855974 3.8844279665499917 3.3566048163920641 4.354516800493001 41.14551318436861 1.7330158278346059 5.7292303889989835 3.5582141689956179 8.2287864740937913 7.6247868873178986 3.8384304903447628 2.4066920131444931 3.5176568701863289 2.3760584052652121 3.362635163590312 21.040778301656246 16.711731990799311 130.4241628088057 8.2871731258928758 2.3839479461312294 5.4926523156464118 3.1440121605992317 3.3189372234046459 7.6902394890785208 7.9179582465440035 4.2637611255049723 1.9435975793749092 1.7465491369366644 2.1268735714256786 20.672517579048872 2.7565069869160714 4.1890221573412481 5.3576597049832344 2.7601473983377218 9.2832046374678594 2.4028625227510929 3.4994566440582275 12.573486719280487 8.7787457108497602 5.6451838798820964 3.494316091760993 2.6283946856856346 3.1529803685843945 2.4704282209277144 12.174770357087253 14.633108405396358 3.071626253426075 1.6205748729407785 3.3510152064263821 5.1119397040456533 2.5968026220798484 5.59152309037745 4.6584108211100101
leaf_count=21 32 31 69 74 37 37 10 42 24 48 25 26 49 46 30 29 84 18 45 25 31 44 21 29 41 29 12 51 44 32 53 27 37 9 32 30 37 53 41 29 31 21 25 44 48 25 36 34 37 26 20 34 40 114 13 25 32 172 40 30 33 38 34 25 38 33 28 35 33 23 28 111 11 45 267 47 40 29 25 20 41 47 46 92 35 45 36 90 40 26 44 33 35 52 37 36 23 33 29 42 20 35 31 21 32 24 34 28 24 279 33 17 37 48 19 32 45 24 28 26 37 104 126 32 33 55 23 17 33 21 34 24 17 19 39 44 34 294 27 49 20 41 46 29 16 19 22 34 192 162 825 83 19 34 19 24 28 74 22 27 39 21 222 23 25 46 21 34 36 18 70 52 31 28 24 31 18 109 132 28 26 31 27 33 75 49
internal_value=0.000212294 -0.021306 0.00825534 -0.0288303 -0.00390934 0.0124819 0.00231937 0.000800139 -0.0324402 -0.0096167 0.0132319 0.00488961 0.00813826 0.0149231 0.00428315 0.00726136 -0.00549475 -0.00535954 -0.0111973 -0.00793968 -0.0112156 0.00622158 -0.0235247 -0.00658843 0.010276 0.00326235 0.0154281 0.0159497 0.0213548 0.0132291 0.00398768 0.0098792 0.0155327 -0.00848032 0.000170702 -0.00973722 0.0238322 0.00551262 0.00757828 0.00169034 -0.000376358 -0.00516105 -0.00768775 -0.0119081 0.000577931 0.00756855 0.00997376 -0.0344298 0.0134682 0.00581913 0.0183225 -0.0125952 -0.0355688 -0.0209561 -0.0300997 -0.0198361 -0.0138354 -0.0189126 -0.00318754 -0.0213648 -0.024604 0.0165681 0.0148244 -0.00277104 0.0144245 0.0166517 0.00297831 -0.00872875 0.0115494 0.0196666 -0.0139284 -0.0187439 -0.00348912 0.0171789 0.0263657 -0.00817958 -0.00563474 -0.0123382 0.0152747 -0.0230406 0.0207507 0.0220052 -0.00812565 -0.0121699 0.00817777 0.00989927 0.000977624 -0.0189812 -0.00484663 0.0104498 -0.00136035 -0.00919898 0.016387 0.00421386 0.00612218 -0.00815737 -0.0155661 0.00100973 -0.013668 0.017559 0.0118475 0.020653 -0.00258632 0.0224824 0.00586431 -0.0119071 -0.0190264 0.00394467 0.0240189 0.0264077 -0.00809724 -0.0106114 -0.0254986 0.00222973 0.0145486 0.0181726 -0.0260108 -0.00653133 -0.00027414 0.0248788 0.0259771 0.0271849 0.0186643 0.010152 -0.00449841 0.0206678 0.0254711 0.0149611 -0.00284344 -0.0117876 -0.0150352 0.00778387 0.0129762 0.00237595 -0.0040293 -0.000697828 0.0283335 0.0295285 -0.00269318 -0.0162951 0.0226817 0.0225031 0.0187437 0.00489125 0.0127419 0.00524479 0.0195477 -0.00668266 0.0260406 -0.0292424 -0.0380843 -0.0212881 -0.0128781 -0.0165286 -0.00644904 0.0182944 0.0270711 -0.0197871 0.0145567 -0.0129308 -0.00335284 -0.00972584 -0.0335198 -0.0297611 0.0261577 -0.00159517 0.00945152 0.0290741 0.011263 -0.0158839 0.0276483 0.01888 0.011084 -0.0169557 -0.0205472 -0.0217519 0.00272085 0.0283149 0.0258265 -0.0169646 0.000317231 0.0117624 -0.0184826 -0.031863 0.0239045 -0.0231908
internal_weight=1280.47 347.037 933.428 219.814 28.607 543.277 390.151 359.212 191.207 16.7411 528.708 91.0986 81.705 437.609 230.053 176.94 53.1136 129.159 42.6016 127.223 103.833 23.3903 31.3693 15.088 8.052 139.364 431.534 423.123 134.764 288.359 59.181 44.5668 229.178 109.034 42.7976 27.8543 123.373 125.043 112.259 62.3741 28.9229 72.4638 65.7055 53.7754 21.9646 40.4061 16.5827 174.466 61.9634 35.3528 30.9392 14.6142 165.372 28.4126 25.0802 31.8108 66.2361 43.2659 22.9701 41.1888 36.7312 219.623 198.522 16.0001 49.8847 46.8184 11.864 21.968 34.9192 42.3532 14.3213 29.5024 10.4569 14.9434 104.879 8.08199 16.5342 14.5691 18.8186 29.0094 37.5756 26.6107 19.9468 19.4992 9.59673 11.9301 9.02478 18.2575 11.3912 20.1253 9.86794 19.8809 182.522 17.2471 13.0992 19.7415 11.9931 5.73727 7.27388 165.274 63.1825 102.092 20.8643 94.8395 13.2622 14.1164 10.3091 6.28913 32.982 29.9248 8.41099 12.7838 19.0454 9.37117 32.1101 25.4798 26.3139 9.55466 9.52638 81.5774 77.26 73.6228 42.3183 22.1373 9.96726 12.17 20.181 10.5121 7.25233 13.6956 16.6988 18.494 13.1678 6.44462 8.5614 6.63026 69.954 65.5995 7.44285 12.9115 20.9352 12.7829 24.454 6.9694 5.27034 11.0847 10.2574 7.01306 26.4908 22.3818 136.96 10.5481 5.48697 11.7988 7.41493 10.3021 20.4684 12.6713 8.97613 4.67697 4.5446 5.70984 22.9092 15.5798 19.0753 8.37992 5.26915 21.1012 4.35454 6.94506 98.9972 26.9974 18.2187 10.4865 6.99221 8.88221 5.88201 16.3638 17.377 6.29145 3.58296 6.86867 9.39366 19.3085 7.96758 7.03603
internal_count=9020 2289 6731 1227 111 3179 3552 3313 1116 72 3085 536 483 2549 2194 1665 529 1119 428 1062 878 184 309 140 62 1353 2503 2438 658 1780 298 213 1482 934 348 261 574 1213 1088 597 160 569 538 472 162 404 114 1044 342 242 239 85 1013 154 260 310 586 372 214 363 333 1426 1355 59 491 461 95 193 344 428 140 280 109 87 475 75 139 94 103 285 312 100 111 161 65 66 69 196 84 185 70 182 1296 129 148 141 105 56 98 1167 448 719 131 651 89 89 65 49 326 302 65 125 171 102 311 242 260 56 57 562 536 499 317 168 93 75 149 101 68 113 143 99 75 72 103 69 478 444 106 120 171 66 150 62 64 79 115 70 233 215 859 112 60 65 57 76 75 108 49 64 71 79 247 134 144 63 50 71 53 53 420 153 101 92 64 80 55 134 151 60 58 50 53 195 97 78
is_linear=0
shrinkage=0.0253636


end of trees

feature_importances:
VIX_21d_pct_change=74
vix_z_60d=66
atmf_iv_30dte_intraday_pct_change=60
leverage=50
delta=49
morning_vix_change=49
atmf_iv_1dte_percentile_252d=49
spx_1d_returns=47
vega=44
iv_term_slope_5d_30d=44
days_until_next_pce=44
atmf_iv_5dte_percentile_252d=43
theta_x_atmf_iv_5dte_percentile_252d=41
gamma_x_morning_spx_rv_annualized=40
VIX_VIX9D_ratio=36
spx_252d_rv=36
morning_spx_rv_annualized=33
effr_rate_1y_pct_change=22
entry_bid_ask_spread=17
atmf_iv_10dte_intraday_range=7

parameters:
[boosting: gbdt]
[objective: lambdarank]
[metric: ndcg]
[tree_learner: serial]
[device_type: cpu]
[data_sample_strategy: bagging]
[data: ]
[valid: ]
[num_iterations: 2000]
[learning_rate: 0.0253636]
[num_leaves: 231]
[num_threads: 4]
[seed: 20260827]
[deterministic: 1]
[force_col_wise: 0]
[force_row_wise: 0]
[histogram_pool_size: -1]
[max_depth: -1]
[min_data_in_leaf: 24]
[min_sum_hessian_in_leaf: 0.001]
[bagging_fraction: 0.966665]
[pos_bagging_fraction: 1]
[neg_bagging_fraction: 1]
[bagging_freq: 6]
[bagging_seed: 4042]
[bagging_by_query: 0]
[feature_fraction: 0.871722]
[feature_fraction_bynode: 1]
[feature_fraction_seed: 18928]
[extra_trees: 0]
[extra_seed: 2987]
[early_stopping_round: 0]
[early_stopping_min_delta: 0]
[first_metric_only: 0]
[max_delta_step: 0]
[lambda_l1: 0.00212876]
[lambda_l2: 3.00824]
[linear_lambda: 0]
[min_gain_to_split: 0]
[drop_rate: 0.1]
[max_drop: 50]
[skip_drop: 0.5]
[xgboost_dart_mode: 0]
[uniform_drop: 0]
[drop_seed: 32588]
[top_rate: 0.2]
[other_rate: 0.1]
[min_data_per_group: 100]
[max_cat_threshold: 32]
[cat_l2: 10]
[cat_smooth: 10]
[max_cat_to_onehot: 4]
[top_k: 20]
[monotone_constraints: ]
[monotone_constraints_method: basic]
[monotone_penalty: 0]
[feature_contri: ]
[forcedsplits_filename: ]
[refit_decay_rate: 0.9]
[cegb_tradeoff: 1]
[cegb_penalty_split: 0]
[cegb_penalty_feature_lazy: ]
[cegb_penalty_feature_coupled: ]
[path_smooth: 0]
[interaction_constraints: ]
[verbosity: -1]
[saved_feature_importance_type: 0]
[use_quantized_grad: 0]
[num_grad_quant_bins: 4]
[quant_train_renew_leaf: 0]
[stochastic_rounding: 1]
[linear_tree: 0]
[max_bin: 255]
[max_bin_by_feature: ]
[min_data_in_bin: 3]
[bin_construct_sample_cnt: 200000]
[data_random_seed: 4782]
[is_enable_sparse: 1]
[enable_bundle: 1]
[use_missing: 1]
[zero_as_missing: 0]
[feature_pre_filter: 1]
[pre_partition: 0]
[two_round: 0]
[header: 0]
[label_column: ]
[weight_column: ]
[group_column: ]
[ignore_column: ]
[categorical_feature: ]
[forcedbins_filename: ]
[precise_float_parser: 0]
[parser_config_file: ]
[objective_seed: 30075]
[num_class: 1]
[is_unbalance: 0]
[scale_pos_weight: 1]
[sigmoid: 1]
[boost_from_average: 1]
[reg_sqrt: 0]
[alpha: 0.9]
[fair_c: 1]
[poisson_max_delta_step: 0.7]
[tweedie_variance_power: 1.5]
[lambdarank_truncation_level: 5]
[lambdarank_norm: 1]
[label_gain: 0,1,3,7,15]
[lambdarank_position_bias_regularization: 0]
[eval_at: 1,3]
[multi_error_top_k: 1]
[auc_mu_weights: ]
[num_machines: 1]
[local_listen_port: 12400]
[time_out: 120]
[machine_list_filename: ]
[machines: ]
[gpu_platform_id: -1]
[gpu_device_id: -1]
[gpu_device_id_list: ]
[gpu_use_dp: 0]
[num_gpu: 1]

end of parameters

pandas_categorical:[]
