tree
version=v4
num_class=1
num_tree_per_iteration=1
label_index=0
max_feature_idx=31
objective=lambdarank
feature_names=VIX_21d_pct_change VIX_5d_pct_change VIX_VIX9D_ratio atmf_iv_10dte_intraday_range atmf_iv_1dte_percentile_252d atmf_iv_30dte_intraday_pct_change atmf_iv_5dte_percentile_252d days_until_next_pce delta distance_from_max_63d effr_rate_1y_pct_change effr_rate_1y_percentile entry_bid_ask_spread front_roll_yield gamma_x_dte gamma_x_morning_spx_rv_annualized iv_term_slope_5d_30d jobless_claims leverage morning_spx_range_pct morning_spx_rv_annualized morning_vix_change prior_day_strategy_drawdown_max_5d rom_roll_std_30d spx_1d_returns spx_252d_rv spx_5d_returns theta_x_atmf_iv_5dte_percentile_252d vega vix_front_curvature vix_z_60d win_rate_30d
feature_infos=[-0.52839210998206809:4.8438162544169607] [-0.42827256425582794:1.6965317919075145] [0.62891809908998986:1.5167853509664293] [0.0036813882916645474:0.2613707868372882] [0:0.99206349206349209] [-0.24318986529363051:0.74536575348065082] [0:0.99603174603174605] [0:44] [-0.55212954179776252:-0.032473547468818587] [-46490.999999999971:0] [-0.98367346938775513:4.5000000000000009] [0:1] [0.049999999999999822:29.899999999999999] [-6.7375000000000007:4.8832999999999984] [0:0.033556061189271305] [0.00050198565975699322:0.029708705204148592] [-0.50666580450779986:0.067287322754047196] [160342:6161268] [12.51586456957032:1073.1554712918908] [0.00081068192656181268:0.047613469070574892] [0.17917490989228085:8.150433863579746] [-17.640000000000001:24.859999999999999] [0:24355.000000000087] [7.1417041269969607e-17:19.770253581632318] [-0.11984050283657066:0.093827657101993367] [0.067700138624190859:0.34896258123526319] [-0.1796662632195084:0.17397425583266291] [-7575.2480668325461:0] [10.153572579096968:166.46298008069991] [-5.3499999999999979:11.264999999999986] [-1.9485290699982638:6.9859947436689716] [0.46666666666666667:1]
tree_sizes=3538 12117 12223 10681 11148

Tree=0
num_leaves=37
num_cat=0
split_feature=28 15 15 15 28 27 20 25 18 20 16 28 28 18 5 25 3 25 0 23 16 7 19 0 15 27 0 22 31 3 5 16 23 5 22 25
split_gain=182.79 24.1238 21.9721 6.61308 6.54944 3.65583 3.3577 3.2371 3.20402 3.1288 2.72353 2.23483 2.22045 1.97746 2.31098 1.94437 1.89276 1.92868 1.65991 1.36375 1.05935 1.00016 0.879447 0.839543 0.642617 0.507771 0.451449 0.358356 0.257721 0.254939 0.309976 0.150906 0.108849 0.103907 0.088165 0.0105412
threshold=70.769754099868678 0.0091872746030530941 0.019052657960474333 0.0049749447438646906 16.983362318362332 -952.35376356956272 1.5889091447331565 0.1018064156010209 573.86764384403648 0.42161260181649346 -0.093805630687298233 68.421630691200463 55.9312653465851 398.70954956046575 0.099987094211535302 0.11695489755959287 0.0090194554425805807 0.1018064156010209 -0.37799628727230533 0.89145428528221693 0.04780381432022681 1.0000000180025095e-35 0.0018739097270830257 -0.37799628727230533 0.015718442559900164 -193.2252012933225 -0.33702051680693124 7925.9999999999682 0.81666666666666676 0.0092034307522384316 -0.054740999642630288 0.021189414813803046 0.55702034201797856 -0.0049609359500872299 13531.500000000042 0.24514156120715544
decision_type=8 10 8 10 10 10 2 2 10 2 10 10 10 10 8 2 10 2 2 10 10 2 2 2 10 8 2 10 10 10 10 8 10 10 10 2
left_child=1 4 3 35 25 -6 9 -7 10 -5 -9 18 28 14 21 -4 -11 -18 -12 -19 23 -14 -23 -17 26 -1 -21 31 -3 -30 -31 32 -24 -27 -28 -2
right_child=2 12 15 6 5 7 -8 8 -10 16 11 -13 13 -15 -16 20 17 19 -20 24 -22 22 27 -25 -26 33 34 -29 29 30 -32 -33 -34 -35 -36 -37
leaf_value=0.0079045805483001878 0.0010667808573398883 0 0 0 0 0 0 0 0 0 0 0 0 0 0 0 0 0 0.031610341326915682 0 0 0 0 -0.05074459437528038 0 0 -0.031242743089437825 0 0 0 0.014028076866576653 0 -0.025627253474564817 -0.0043220762021744822 0 0
leaf_weight=9.0194952897727472 10.400655505713074 5.3823589170351607 3.9244666527956715 8.9369881758466345 10.580377398524432 5.8962438628077498 3.99834842653945 1.9458470912650216 4.1139510273933402 3.3434579400345674 5.0338524170219889 2.9797079041600218 0.74437121814117446 3.3653367208316913 1.8294295892119432 2.0261297412216654 1.1197032299824048 3.498828117735683 143.08338772272691 1.8348585520870901 1.9379335176199664 1.4702158588916088 0.81421387707814119 55.854377938434482 1.2948758034035552 3.7988846562802792 45.010023009381264 0.86458161659538646 1.8900373247452078 1.145415785256773 4.7228201129473746 1.1368024484254551 16.028306684922427 5.9020213447511214 0.82505293400026758 5.2264064190676427
leaf_count=70 382 202 58 311 277 103 167 36 53 160 66 83 18 105 106 24 45 116 2224 63 21 44 34 818 52 27 1280 34 66 36 196 69 483 45 31 155
internal_value=0 0.0192794 -0.0300755 -0.0156348 0.0244546 0.0266048 -0.0203012 0.0279396 0.0288903 -0.0223162 0.0297031 0.0302549 -0.00244513 -0.0102373 -0.0148622 -0.0467789 -0.0253152 -0.026879 0.030853 -0.0279575 -0.0486698 -0.0191703 -0.0209247 -0.0496872 -0.0294921 0 -0.0301511 -0.0229079 0.00265351 0.0069132 0.0103576 -0.0239161 -0.0248812 0 -0.0309284 0
internal_weight=380.98 231.748 149.232 85.4892 192.354 173.633 69.8621 163.053 157.157 65.8638 153.043 151.097 39.3939 26.2533 22.8879 63.7429 56.9268 53.5833 148.117 52.4636 59.8184 21.0585 20.3141 57.8805 48.9648 18.7204 47.6699 18.8439 13.1406 7.75827 5.86824 17.9793 16.8425 9.70091 45.8351 15.6271
internal_count=8060 4377 3683 2762 2984 2842 2225 2565 2462 2058 2409 2373 1393 893 788 921 1747 1587 2290 1542 863 682 664 842 1426 142 1374 620 500 298 232 586 517 72 1311 537
is_linear=0
shrinkage=0.0348674


Tree=1
num_leaves=124
num_cat=0
split_feature=8 8 8 8 30 30 18 15 4 15 20 8 21 16 20 20 27 4 7 0 15 30 30 26 0 8 8 16 3 25 8 3 8 27 27 4 4 0 26 25 30 21 16 3 30 24 0 15 30 12 12 15 20 6 21 7 16 25 20 30 18 15 20 21 27 16 8 26 23 15 22 25 7 25 23 21 0 7 25 21 7 12 8 18 23 20 16 3 0 30 15 16 15 15 16 25 24 3 25 0 23 3 15 20 4 18 29 7 27 16 21 0 23 20 21 16 8 0 20 0 3 3 23
split_gain=696.578 69.2122 64.2226 23.9285 17.0856 16.6469 11.8907 14.867 11.5192 12.1053 35.6428 21.213 21.0047 19.8717 11.4226 14.0194 10.4504 10.8057 10.3514 12.0367 11.2341 12.6227 11.3255 9.44983 9.16643 8.51043 8.38177 8.29137 7.71517 7.32847 7.15296 6.58746 6.89496 6.45167 9.11512 13.2952 7.70579 6.25013 6.22524 6.17121 6.03539 7.27627 5.21947 5.09481 5.01633 8.01009 4.99473 4.97773 4.95309 4.91853 6.0777 4.81475 4.65511 4.93914 4.6413 4.51486 4.43699 4.39897 5.1365 4.27306 4.15909 4.3464 7.05657 4.1401 4.0851 4.04158 3.97771 3.46634 3.91744 3.20888 3.17164 3.13023 3.03179 2.87981 2.8674 2.86371 2.81832 3.47829 3.25794 2.89313 2.56524 3.57972 3.21148 2.99274 2.29081 2.23903 2.75382 2.19454 2.11284 2.08112 2.06813 1.97895 1.95897 2.27422 1.93503 1.92751 2.14097 1.85313 1.62069 1.61799 1.75449 1.58743 1.55021 1.18277 1.12271 1.09039 1.08411 0.844293 0.84275 0.73939 0.683299 0.649882 0.901675 0.522681 2.72513 0.520334 0.492233 0.294536 0.0805559 0.0782289 0.0293758 2.96674 0.0095998
threshold=-0.40793841542426396 -0.2635552647286154 -0.41937640457503833 -0.043513774251172747 1.9489049254228086 1.599387177311463 573.86764384403648 0.0049749447438646906 0.95039682539682546 0.0026375449132810783 0.41315365213891481 -0.051382333755144553 0.10500000000000044 -0.026955760922324847 0.42161260181649346 1.5889091447331565 -62.728158020449357 0.89087301587301593 5.5000000000000009 0.15832611142328692 0.0033945582511244179 -0.35076120832377705 0.73669998640910883 -0.024976606668740294 -0.38824226353122676 -0.09714808957850872 -0.3971822282355757 0.011299826429564426 0.01095082900578063 0.15589512299988273 -0.087063354761323972 0.036987012118003627 -0.17337587686187536 -255.87903498027541 -745.80924203243717 0.60119047619047628 0.93452380952380965 -0.11637350551912111 0.023919721300463163 0.34717640174542935 -1.266482880980933 2.9349999999999992 0.01193114483724367 0.01843870050181529 0.327453883654161 0.00082563946278613198 -0.14826718571066536 0.012055742501233578 1.1487371715291899 0.79999999999999949 1.6500000000000006 0.0052579806052889255 0.38913951281724052 0.95039682539682546 1.7100000000000002 1.5000000000000002 0.015559271814678576 0.34647729628556079 0.36743220966867052 0.61739381990514086 86.091044229386782 0.0028423083019770835 1.0267183360874896 -0.080000000000000945 -349.55112044781873 -0.003128291595229898 -0.47141245988609248 0.026668537684674701 0.50476638393899753 0.0029286648739801076 11583.750000000002 0.32821155058795465 16.500000000000004 0.15377723908890636 2.5579061180673475 -0.20999999999999994 0.20371873496873497 16.500000000000004 0.15675334594514087 0.87499999999999922 19.500000000000004 1.5999999999999992 -0.27042427342741482 398.70954956046575 4.7132517949208497 0.43424151895326446 0.0091014997084423472 0.019335528137760519 0.42912951886914458 -0.97615777823985839 0.0043763295165564703 0.048595828295451109 0.0086232543224893012 0.0089986226202363514 0.026736776116616328 0.34717640174542935 0.012521610125758921 0.007584545650092569 0.14202890678235838 -0.096348447266125889 2.2736152168454429 0.016644046341353271 0.0043763295165564703 2.1117432766420272 0.85119047619047628 321.24052363048162 0.64999999999999958 7.5000000000000009 -1391.1004475547602 0.016736594867639901 -1.9800000000000011 0.28012009112784014 2.9954732704383544 0.40087882274001668 -1.2599999999999996 0.021189414813803046 -0.18939671188776683 0.1040606683183274 1.347664768869802 -0.10067706398473135 0.0086237517298901421 0.0076839711738652264 0.30033453569865426
decision_type=10 10 8 10 2 2 10 10 2 10 2 10 2 10 2 2 10 2 2 2 10 2 2 2 2 10 10 8 10 2 10 10 10 10 10 2 2 2 2 2 2 2 8 10 2 2 2 10 2 10 10 10 2 2 2 2 10 2 2 2 10 10 2 2 10 8 10 2 10 10 10 2 2 2 8 2 2 2 2 2 2 10 10 10 8 2 10 10 2 2 10 10 10 10 10 2 2 10 2 2 8 10 10 2 2 10 2 2 10 10 2 2 10 2 2 8 10 2 2 2 10 10 10
left_child=2 16 14 5 24 6 8 -8 9 10 11 56 18 -12 42 38 17 26 19 31 21 27 47 -6 -4 98 99 -20 -13 37 40 32 85 34 36 74 60 -18 51 43 116 44 -1 101 45 57 -32 91 76 -38 -51 -16 106 55 103 -54 -3 58 122 -48 104 -62 -63 113 71 -24 -44 68 -57 -29 95 -40 -37 -17 -36 -68 77 78 -46 -78 81 82 83 88 -21 115 -87 -23 90 -47 -70 92 -22 -94 109 96 97 -53 -10 -2 -101 120 -43 -19 -7 -31 -28 -58 -64 -91 -67 112 -81 -34 -115 -11 -14 -104 -50 -82 121 -15 -42
right_child=1 3 4 -5 23 33 7 -9 25 12 13 28 30 39 15 73 29 54 20 84 22 87 65 -25 -26 -27 52 69 -30 105 46 -33 63 -35 35 72 49 -39 64 -41 41 102 66 -45 48 89 59 -49 118 50 -52 70 53 -55 -56 67 107 -59 -60 -61 61 62 108 -65 -66 110 75 -69 80 -71 -72 -73 -74 -75 -76 -77 79 -79 -80 111 119 -83 -84 -85 -86 86 -88 -89 -90 94 -92 -93 93 -95 -96 -97 -98 -99 -100 100 -102 -103 117 -105 -106 -107 -108 -109 -110 -111 -112 -113 -114 114 -116 -117 -118 -119 -120 -121 -122 -123 -124
leaf_value=-0.021399541181661635 0.017668744989145165 0 0 -0.025586320818024824 -0.03797137166834786 0 -0.027571947185039997 0.021889042702591406 0 0 0 0 0 0.022221112829425217 0 0.027841169189936 0 0.030644718334150972 -0.026970480492705579 -0.025789022628353506 0.037965251186668943 0 0.018407327856334869 0 -0.053959089290520644 -0.027422768802230567 0.013068309443317223 0 -0.030156743820658673 0 0.011443604085321236 -0.0055039230474437269 0 -0.022936032293687313 -0.021360064460165265 0.035443793838530913 0.033628573549499691 0.042136398987572821 -0.030028244571658497 0 0 0 0 0.045902920877104798 -0.031756451219826891 0.02062062802128763 -0.023373185259041016 0 0.033238666247736852 -0.019962932275386799 0.022081514262807904 0 0 0 0 0 0 0 0.032329358838100786 0 -0.028712039211199879 -0.012838881272871444 0 0 0.01299545729576331 0 0.038649264349137777 0 0 0.02175766919916082 0 0 0 0 0 0 0.019565142231099151 0 0 0 0 0 0 0 0 0.0074484871965044561 -0.014856131999591182 0.034550948938830213 0 0 -0.040728323349101848 0 0 0.021004890594371925 -0.017873240982971675 0 0 -0.038040622051277256 0.027379491283527058 -0.016359828065004505 0.0034022818270974305 0.0019492169524772229 0 0 -0.032956366282518766 -0.015401292393900513 -0.0065590157494113555 0.042519725825092565 0.027834129500012451 0.012931967388869803 -0.0098403036576457104 -0.0097223801230984872 0.014119923621278171 0.0013045055206910333 0.045402561802903037 0.025428609031262248 -0.010213756295085257 -0.018843893119276044 0 -0.0045506508946607281 0.033656915018493841 0 0.001203651801987298
leaf_weight=5.3591936621814966 5.465510975103828 10.047675281763079 6.8875431530177584 12.472220823168753 9.1566224135458487 4.8845165632665148 14.024730481207373 13.245413061231373 3.8984037935733813 3.555106662213805 12.812668800354002 13.632644534111021 5.4060933180153361 11.114530205726625 3.452393449842929 3.9492094814777357 3.3846035264432421 8.9625965189188737 12.553962185978888 8.6258748508989775 144.63188145309687 6.4185942262411144 14.269383031874893 13.464010294526814 233.30250543914735 10.053896635770796 5.3421202637255174 8.7425477728247696 18.383636243641376 4.2257412262260896 8.6325421966612321 5.2390960194170466 4.700273133814334 7.0021034963428965 6.9845137372612927 28.175253653433174 8.4793848246336001 10.474365014582874 7.5597400553524512 10.232809923589228 4.7562789320945722 4.1288184411823741 6.0564407147467199 104.4276249781251 9.6769617907702941 4.2732605673372772 18.557493284344677 6.0458917655050746 5.2050564344972363 7.4291938692331296 7.5182454288005829 4.4706685543060294 10.616777647286652 4.1431373469531527 4.6038426086306563 3.8934893086552611 6.873278513550761 7.5025550201535216 59.031117313541472 10.134080164134501 4.9875093847513225 7.2743651159107712 4.649929642677308 6.405490279197692 6.1243633255362502 5.7792384624481192 7.0489868782460734 9.0163045055232924 2.592004343168802 8.8403235971927625 3.9306838735938063 4.4072822108864784 8.3927496466785652 7.60748540610075 7.1435584053397188 3.3402704969048438 10.912321232259275 4.7313444986939421 5.8824204802513114 4.0401834212243575 2.025304451584816 2.5183007530868045 3.9701107125729385 4.5908736549317828 5.4548688754439363 3.9706161394715336 13.373590420931576 16.477310290560126 2.4687310867011538 4.9857997074723261 49.700616740621626 4.2808864898979655 7.3986204229295245 26.733228633180261 7.5907617956399909 4.0727517306804648 3.7130101574584833 71.30782724916935 4.6369760185480118 6.7827082425355885 6.6888364441692838 14.352914672344921 3.779539665207265 2.9671937227249137 9.4580083750188333 4.7283115088939667 5.153712248429656 12.513131996616719 10.402561796829101 4.514730516821146 8.7768808901309985 7.2651758044958106 4.7483767755329609 9.7767220046371168 20.028147891163833 4.2324345149099827 8.6927894689142686 6.3077956736087799 2.7861149460077286 3.73227853514254 65.676698718219995 9.7745602093636972 7.1952941231429577
leaf_count=38 35 24 30 52 56 19 34 50 23 20 24 31 26 28 17 18 44 77 21 47 757 23 72 45 971 21 52 26 26 46 26 27 21 18 22 85 36 69 45 28 17 16 39 251 47 39 46 45 53 21 27 23 86 51 45 34 23 48 376 28 7 37 43 22 24 21 42 113 18 51 21 31 26 51 26 37 51 34 30 24 33 21 48 36 32 30 84 47 26 23 591 19 35 190 33 20 46 502 27 53 39 33 33 19 48 44 56 44 63 27 41 32 28 33 104 28 30 27 21 41 156 23 40
internal_value=0.00025378 0.0135358 -0.0392004 0.0169044 -0.0497584 0.017574 0.0192455 0 0.0199523 0.0205608 0.0272915 0.00119945 0.0168988 0.0336615 -0.0185419 -0.0228005 -0.00661054 -0.0106175 0.0223499 0.00886757 0.0260336 0.00752526 0.0298415 -0.0112166 -0.0527462 -0.000779273 -0.014559 -0.00344868 -0.0157171 0.0123599 0.00740631 0.0157473 0.0196046 0.00395223 0.0069529 0.0180086 0 0.0291717 -0.0269731 0.0362187 0.0104874 0.0126442 0 0.0375935 0.0151403 0.0202426 -0.00391097 0.0331131 0.00321933 0.013736 0 -0.0308765 -0.018447 -0.0207962 0.0111027 -0.0226652 0.0242109 0.025354 0.028007 -0.0135342 -0.0106094 0 0.00446962 0.0285702 0 0.00325946 0.0142157 -0.0253356 -0.0278008 0.00612147 -0.0325093 -0.0171818 0.0295988 0.00427502 -0.00249408 0.0272168 0 -0.0107342 -0.0201485 0.00596238 -0.0296672 -0.0316682 -0.0333171 -0.0353279 -0.0153577 0 -0.00183948 0.0275486 -0.0376362 0 -0.0391229 0.0341384 0.0347362 0.0163983 -0.00439808 -0.0339372 -0.0352033 -0.0365141 0.0151293 0.000627115 0 0.0272848 -0.00448026 0.0246741 -0.0254437 0 0 0.0338154 0.0219992 0 -0.00257821 0 0.00151078 0.0332629 0.0360101 0.0175398 -0.00515913 -0.0141348 0.0273129 0 0.0298009 0.0102972 0
internal_weight=1621.26 1216.05 405.211 1048 262.811 1035.53 912.749 27.2701 885.479 866.89 289.842 61.4504 577.048 228.392 142.4 120.595 168.047 145.234 356.311 85.3622 270.949 53.0327 217.916 22.6206 240.19 18.5893 128.701 30.1368 32.0163 22.813 220.737 71.2815 66.0424 122.782 115.78 50.6961 65.0837 13.859 109.039 215.579 183.413 169.314 21.8049 205.346 155.098 99.8498 37.3241 189.091 55.248 23.4268 14.9474 90.9473 109.764 99.2679 16.5336 95.1248 29.4341 78.4852 70.9827 28.6916 41.6569 27.3144 22.3269 40.9106 18.0914 28.8255 16.4457 84.508 75.4917 17.5829 87.4949 11.967 36.568 11.5567 14.1281 10.3893 47.2568 20.2907 15.5594 26.9661 71.5982 65.8406 63.3223 59.3522 14.0807 25.1317 17.3442 22.8959 54.7614 21.3646 52.2926 183.045 178.764 34.1318 17.0913 83.5643 79.4915 75.7785 8.53538 18.9371 13.4715 100.919 14.2162 11.9298 14.3425 8.95405 10.4958 19.3864 15.0525 9.50053 14.5561 16.0537 8.78856 34.5051 29.8049 7.78754 14.0989 10.0873 7.99117 5.75758 86.5658 20.8891 11.9516
internal_count=8060 6004 2056 4327 1102 4275 3797 84 3713 3642 691 148 2951 543 954 798 1677 1474 1796 448 1348 168 1180 101 1001 71 1333 98 57 203 1155 369 342 478 460 159 301 113 729 519 1055 999 156 491 923 603 100 1046 320 84 48 629 1206 1098 141 1047 91 481 433 74 217 150 143 180 100 134 118 961 848 77 612 76 111 69 48 79 246 111 77 135 814 740 719 671 79 162 114 70 635 122 609 1001 982 225 83 591 571 525 50 127 92 240 76 96 67 90 108 67 106 50 62 84 52 158 137 48 56 60 74 74 207 51 57
is_linear=0
shrinkage=0.0348674


Tree=2
num_leaves=126
num_cat=0
split_feature=8 8 8 8 8 7 5 28 18 10 28 28 28 20 12 29 10 21 15 21 2 21 7 0 2 0 24 14 5 28 5 19 24 8 16 27 15 18 2 19 5 28 2 8 0 19 27 12 27 31 27 19 28 4 21 16 0 0 29 29 2 31 14 0 15 10 2 21 28 27 28 10 7 15 16 10 5 22 10 8 21 2 4 10 24 5 5 16 15 0 28 16 29 23 23 23 29 7 28 29 0 21 5 16 25 5 19 21 5 15 0 31 0 15 5 29 27 5 21 23 29 29 2 7 27
split_gain=435.677 59.1943 59.1101 23.5844 20.0794 22.992 20.7162 18.4296 16.3716 12.9247 12.5413 13.667 10.9996 10.86 15.5213 12.3944 10.2047 10.6757 9.88909 9.41718 9.12071 9.04303 8.76827 8.44278 8.38445 7.26467 7.20159 8.0263 6.92038 6.75497 7.74909 7.74315 6.74856 6.38937 6.85555 6.20372 8.80649 6.18865 5.87607 6.27525 5.79145 5.72719 7.55818 5.58083 9.26161 4.73423 5.45167 4.59887 4.29489 4.27164 4.13371 4.0099 3.91442 3.90131 4.37442 4.87219 3.83431 3.76432 3.69056 5.64195 3.48606 3.26675 3.14873 3.13654 3.12919 3.10325 3.01103 3.33543 3.00315 2.96688 2.32619 2.21869 2.15937 2.1504 2.13335 2.02407 1.98897 1.83925 2.09657 1.96184 1.80504 1.72145 1.70619 1.68766 1.5123 1.46044 1.99539 1.38619 4.0726 3.29571 1.38417 1.34828 1.49781 1.27019 1.49789 3.25266 1.25993 1.14007 1.10292 1.08643 1.02557 0.952851 0.796553 0.699034 0.623985 0.613897 0.503697 0.494342 0.450475 0.448458 0.428465 0.411972 0.408982 0.393187 0.276481 0.228826 0.215295 0.204307 0.151797 0.0951925 0.0490175 0.33143 0.0490013 0.00809677 0.00144637
threshold=-0.40793841542426396 -0.41937640457503833 -0.19976194871563482 -0.047501790536802084 -0.053124594713079114 2.5000000000000004 0.039940583705966544 17.337078147025576 398.70954956046575 0.89224137931034508 23.7955763622696 41.167567394294714 43.347917193383395 0.42161260181649346 0.60000000000000042 0.74999999999999833 0.8699633699633702 0.25499999999999995 0.0016307400570486814 4.2250000000000005 1.0400103702003192 0.17000000000000084 19.500000000000004 -0.25738057150190735 1.0822259703438502 -0.099019519923474617 0.0071463900875229367 0.0081509260456014664 -0.049054350226673531 86.802698310525699 -0.0016735985678502094 0.0044012977322951874 0.01084563513789283 -0.3971822282355757 -0.20956496476261957 -46.52372542316396 0.0084964406511097833 383.66331821234201 0.98531282426590561 0.0051355602064504348 0.032747624732582754 58.610745089170926 1.2385396026348205 -0.046796350079888353 0.037514069012348779 0.0041846422822757632 -117.46885318883768 1.0999999999999992 -426.59697725893665 0.65000000000000002 -926.20078029136039 0.007700545239695154 24.78411292633352 0.89087301587301593 1.0599999999999998 -0.026955760922324847 0.028775443353563749 -0.11791835528537652 -0.19999999999999749 -0.76345000000000407 0.9810915264839265 0.71666666666666667 0.0027146441144288631 -0.154555998600545 0.01108538810121998 -0.95784520205344215 1.0260695316039603 -0.53999999999999992 103.46475140965968 -432.13724694911053 70.066364260212453 0.65948275862068972 8.5000000000000018 0.0034353949532290062 -0.0043006341992568855 1.0256480467323841 -0.068443649419472216 5257.9999999999536 -0.96631564018012261 -0.42258004960974183 1.8000000000000009 1.0421301716575588 0.59722222222222232 0.64224137931034497 0.0035056311207861683 -0.029253921205690533 -0.00097762004309892548 -0.030865303133908586 0.0046993032511099741 0.37475130396804807 53.181385413108465 0.03498052178851891 -0.62499999999999989 0.50051677791770766 3.6139181096811988 3.9767647738183793 1.3000000000000018 1.0000000180025095e-35 40.828497174791849 0.6919500000000004 -0.29123813351357603 2.180000000000001 -0.01987748551886109 -0.0010645465733872537 0.34054155381698165 -0.0093427330173459482 0.0018739097270830257 0.084999999999999978 0.05802430881961896 0.0069324847574253334 -0.12219312732698799 0.78333333333333355 0.81137108584978046 0.0027935526698886297 0.0020116662281791657 -0.2499999999999982 -805.69524602574063 0.031520883835064024 -0.72999999999999854 1.9643879320899458 -1.0000000180025095e-35 -0.20000000000000104 1.1006841918774362 11.500000000000002 -69.061409857344898
decision_type=10 8 10 10 10 2 10 10 10 2 10 10 10 2 10 2 2 2 10 2 2 2 2 2 2 2 2 10 8 10 10 2 2 10 10 10 10 10 2 2 8 10 2 10 2 2 8 10 10 10 10 2 10 2 2 10 2 2 2 2 2 10 10 2 10 2 2 2 10 10 10 2 2 10 8 2 10 10 2 10 2 2 2 2 2 10 8 10 10 2 10 10 2 10 10 10 2 2 10 2 2 2 8 8 2 8 2 2 10 10 2 10 2 10 8 2 10 10 2 8 2 2 2 2 10
left_child=1 13 8 4 5 25 10 32 22 50 45 18 83 28 53 47 19 103 -12 -3 48 24 26 102 -10 52 27 33 -1 30 31 76 -5 61 -35 36 40 51 116 113 120 58 49 -9 107 46 -7 74 75 -43 -6 65 -4 54 55 -15 104 72 59 -36 -59 -2 -52 -26 101 -22 117 -68 70 -54 -30 84 -29 -51 -16 87 -28 78 -57 -80 -50 -58 122 105 96 -37 -87 88 -8 115 -71 92 -20 -75 97 -96 -62 -95 -90 -23 -78 -24 -14 -18 -31 -13 -99 -45 -39 -44 -85 -32 -49 -40 -104 -89 -27 -60 -113 -74 121 -25 -56 -33 -64
right_child=2 16 3 7 9 6 20 43 21 -11 11 12 23 14 15 -17 17 -19 91 -21 37 99 64 35 63 38 29 57 68 56 111 123 -34 34 41 85 -38 108 39 -41 -42 42 109 44 -46 -47 -48 112 80 73 62 -53 69 -55 82 77 81 60 66 -61 71 -63 124 -65 -66 -67 67 -69 -70 90 -72 -73 119 93 -76 -77 100 -79 79 -81 -82 -83 -84 110 -86 86 -88 89 98 -91 -92 -93 -94 94 95 -97 -98 106 -100 -101 -102 -103 114 -105 -106 -107 -108 -109 -110 -111 -112 118 -114 -115 -116 -117 -118 -119 -120 -121 -122 -123 -124 -125 -126
leaf_value=0.037158562199056805 0.020993064137449131 -0.050697182558415474 -0.0023761364273003471 -0.03670187916384942 0 -0.031550496999972269 0.025574742097581864 0 0 0 0 -0.017698272842742013 -0.01204538974681448 0 0 -0.030458296608529958 -0.044127511232076491 0 0 0 0 0 0.030649749861041176 0.0080218894638230103 0 0 0 -0.019689972339351314 0 0.010876977049099193 0 -0.0014033575015790906 0 0.0067928602045466335 0 -0.0056210478948626758 0 -0.0095263891129437547 0 0 0 0 0.011077226819077086 -0.0038730846515496078 0.042091724378328657 0.019869645731175084 0 -0.0085697644895838532 -0.028082953176366075 0 0.036341757336184666 0 0 0 0 0 0 0 0 -0.032725309619924571 0.030664182789041504 -0.0043536300700827077 0.0005916639687202559 0.041024910494322359 0 0.038216426935218636 0 0.031371163227345247 0.010519625640053041 0.033813408901822543 -0.026158405393864787 0 0.005308317501056997 0 0.035611195740350973 0.019180723769423334 0 0 -0.044857565803067385 0 0 -0.03295396985101462 -0.018350578908580037 0 0 0.02024453678461036 0 -0.0038400134728882301 -0.01610092444742826 -0.026611756346207098 0 0 0.038820886928878376 0 0.0044439241518328728 -0.020595021012454841 0 0 0 -0.015737705099098491 0.047471971062367634 0 0.0086714598571506953 0 0 0 -0.034440949431513081 0.0075544638568272194 0 0 0.010244020699768397 0 0 -0.035586803089518608 0 0.004731743806987208 0.0059320898591385752 -0.0065768720083561579 -0.011950068562612663 0 0.03315574696944102 0 0.0057325190695428872 0 0
leaf_weight=5.593181136995554 7.9710386451333743 177.44670076854527 3.7901072017848518 18.248001158237461 6.7133387066423884 8.5584155768156034 6.2671249136328724 12.416099205613135 4.6504299715161315 9.2782272100448591 9.4523030146956426 8.3024598807096464 5.7973949871957302 2.6394930798560372 5.7331534186378121 10.025100072845815 10.721173357218502 11.319230504333971 6.1769868172705165 6.5225186422467223 5.0232086181640652 3.325842171907424 9.8642595838755387 7.2899556383490562 5.1077003218233612 5.7267037630081177 2.1991318408399847 9.0272934325039405 4.2807776350528055 5.551715889945628 3.079677449539302 4.1378781758248797 5.1359984427690497 5.3901218585669985 5.0144665800034991 6.4708015285432365 9.2578522898256761 5.1743268109858018 4.8552230000495973 5.5982224494218817 3.3573198802769175 2.8018748704344025 3.5829044319689265 7.8185979463160056 12.108008787967263 6.7576649934053412 7.3185653332620886 5.9099269136786443 10.254243239760401 3.4533284157514563 135.28168412391096 4.071785230189561 4.7784708179533508 2.9167182184755793 2.767470069229601 2.0400934889912596 4.8389916978776437 4.0596043020486858 3.8563419226557034 9.3786861430853588 13.687963985838005 4.7386696636676788 5.6189367324113846 23.092209883034229 7.4846732746809712 17.147267602384094 1.9278009235858897 7.3807036504149437 5.1840897053480139 9.7837197408080119 7.630809223279357 3.7714894972741595 3.2467031320556972 2.9400240071117869 9.5124658234417456 5.5061810761690131 2.0891059394925859 2.582444066181778 35.25806431565433 2.9855142533779206 6.2328670136630526 6.8503498882055283 5.1511314362287521 4.0665762275457382 2.8236317820847026 8.8257017247378808 7.6127051301300552 3.8609257936477652 5.4281469099223596 7.3443452566862097 6.4200787730514994 7.6895041018724433 110.83339259214699 3.9784044213592997 4.3350374996662131 8.3213398586958629 2.5179073251783839 2.2881497163325539 4.4866402391344309 4.4752063658088446 12.242655904963611 2.8125780895352355 3.6419720165431499 7.3634802326560083 4.2820356301963329 5.9182235673069981 60.988313236273825 7.3891690596938133 5.214498158544302 3.4866284970194101 4.1034603677690011 2.3422468323260546 3.1169236041605473 16.761009342968464 6.8463861085474509 8.4553831927478331 6.5777047760784608 4.8819285035133362 3.9560804683715105 4.9687383640557536 81.385502602905035 3.8766748905181867 2.4725188985466957 3.0043788086622953 5.5843352079391462
leaf_count=21 41 933 10 90 24 27 28 43 32 33 12 33 35 16 54 78 55 50 43 36 25 25 95 50 54 31 35 69 43 89 38 45 17 33 30 32 75 23 20 35 22 29 33 42 40 17 27 48 32 24 388 24 26 29 37 15 49 40 25 64 121 41 26 147 82 109 28 100 29 56 63 40 43 24 37 20 17 33 334 37 26 51 44 26 26 50 47 13 22 26 37 28 449 33 33 88 31 33 31 44 114 21 19 28 23 21 604 18 29 53 22 40 18 76 47 60 33 30 31 58 507 21 18 53 22
internal_value=0.00035369 -0.0343378 0.0117739 0.0173136 0.019323 0.015105 0.0181385 -0.000978481 -0.000583053 0.030829 0.0223886 0.024277 0.015758 -0.0124035 -0.018061 0 -0.0454814 -0.0169776 0.0336466 -0.0491687 0.00202225 0.0192066 -0.00419769 0.0194471 0.0279351 -0.00241768 -0.00644919 -0.00983978 0.00459581 0.00281334 0.0143999 0.0258944 -0.0268935 -0.0138506 -0.0163498 0.0224847 0.0261903 0.0164364 -0.0132277 -0.0224969 0.0293631 -0.018455 -0.0229359 0.0110224 0.020392 0 -0.0128133 0.014062 -0.00479518 -0.0258752 0.0333116 0.0255209 0.00915308 -0.0288079 -0.0309211 -0.0358481 -0.00850521 0.000354546 -0.000657144 -0.0164075 0.0110322 0.0014024 0.034559 0.0354402 0.0155942 0.0312752 0.00456956 0.0199702 0 0.0177478 -0.0152804 0.0179362 -0.00816934 -0.0273976 0.0256067 0 0.0385639 -0.0387056 -0.0405771 -0.0423979 -0.0194626 -0.0223711 0 -0.00175938 0.0227667 0 0.00944709 -0.00179677 0 -0.00937532 0.0247905 0.0362363 0.037585 -0.02851 -0.0293518 -0.00177691 0.0266798 -0.0323684 -0.00518218 -0.000279185 0.0431465 0.0256643 0 -0.0338457 0 -0.0118668 -0.0336796 0 0 0 0 -0.000485126 0 -0.0311703 0.000461686 0 0 0 -0.00838455 0 0.0311216 0.003179 0.0028615 0 0.000205565
internal_weight=1343.27 329.173 1014.1 707.89 644.775 482.298 418.007 63.1159 306.206 162.477 323.54 300.905 166.753 115.8 93.111 34.2976 213.373 29.4039 134.152 183.969 94.4669 40.6514 265.555 144.362 32.8503 64.2912 245.393 190.819 22.6889 54.5742 33.0512 23.6732 23.384 146.716 134.006 128.077 105.167 36.6311 39.5189 27.2145 95.9095 128.616 96.176 39.7319 27.3158 22.6346 15.877 24.2725 57.8359 89.1065 153.198 26.2423 24.7724 58.8134 55.8967 45.5056 21.5231 44.1033 32.4399 14.3932 26.8606 12.7097 146.485 28.1999 20.1615 22.1705 18.0468 9.3085 17.0957 20.9823 11.9116 22.801 17.2427 86.3046 15.2456 41.3487 16.5309 42.8661 40.2837 38.2436 16.4871 11.6893 10.3911 22.3907 19.0295 22.9092 16.4384 35.8426 16.1819 19.6607 16.2038 124.7 117.01 82.8513 79.9112 12.6564 16.2059 67.2549 9.91479 7.80105 14.3318 12.6768 16.2858 18.0847 9.83375 14.2207 63.2765 15.2078 10.3888 7.06953 8.17004 9.378 9.02685 21.6162 10.4884 12.3163 12.3044 8.73827 6.29833 8.21544 92.5521 11.1666 5.23999 7.14226 11.2033
internal_count=8060 2056 6004 3145 2895 2402 2078 250 2859 493 1610 1539 1007 954 798 235 1102 133 532 969 468 302 2557 905 233 324 2359 1774 156 585 373 264 107 1346 1264 804 675 210 195 131 600 1231 954 143 100 71 54 157 258 868 460 158 129 563 534 435 212 428 277 94 258 82 436 201 198 134 183 128 135 119 106 218 170 839 91 200 166 419 386 371 58 100 99 102 178 129 97 180 81 99 93 520 492 815 791 121 152 670 53 69 131 116 101 83 112 54 637 60 52 86 48 109 66 96 66 73 64 55 71 101 578 71 55 98 48
is_linear=0
shrinkage=0.0348674


Tree=3
num_leaves=110
num_cat=0
split_feature=8 28 8 18 15 8 20 20 16 1 18 0 24 3 28 8 22 2 8 1 11 16 6 15 28 2 27 24 14 27 23 28 6 2 28 8 28 31 8 27 6 5 24 18 26 28 9 3 8 20 22 9 0 24 8 20 0 8 0 23 18 14 21 0 27 12 27 6 2 27 3 22 6 28 0 21 27 16 5 23 27 3 24 26 8 6 0 3 27 8 23 3 15 27 20 2 15 8 2 3 15 15 15 23 23 15 15 20 20
split_gain=321.25 70.6026 18.7271 15.5837 13.4371 12.953 12.8026 14.2579 10.8783 9.55387 7.27495 8.46257 6.84626 10.8641 6.72493 8.3084 6.14481 7.31988 5.29628 5.12112 9.01151 8.99558 11.4246 8.31145 5.09665 4.82959 4.82395 5.39938 5.75366 6.92106 4.44166 8.87793 4.80555 7.37614 5.05971 7.75586 5.61284 5.31291 4.84104 4.6713 4.10545 3.8268 5.81731 3.8266 4.52162 6.08972 4.17061 3.82246 3.76301 3.75216 3.54836 3.34053 3.2846 3.21985 3.15386 2.76035 2.72407 2.72174 2.66184 2.60887 2.43871 2.38148 2.35405 3.96822 2.31904 2.22598 3.04399 2.1484 9.58287 2.98122 2.11146 2.08424 1.98999 1.95662 1.91926 1.72076 1.6763 1.52107 1.37516 1.33353 1.25163 1.14864 1.12788 1.11676 1.05218 0.966706 1.1881 0.912527 0.735509 0.636579 0.611394 0.541854 0.490854 0.487349 0.452937 0.361808 0.317829 0.295739 0.258009 0.231177 0.16802 0.165984 0.419161 0.131997 0.0963657 0.0644682 0.031262 0.00285839 0.0151752
threshold=-0.45695332275418293 59.316739907621781 -0.047501790536802084 291.52960423800465 0.0046993032511099741 -0.23430687253537311 0.48202885615935509 1.5889091447331565 -0.15449739277179855 -0.15560308081687077 463.57843033332432 -0.16328994958724238 0.00017667299477130974 0.0098093898770144367 17.337078147025576 -0.046796350079888353 3244.4999999999877 0.99975357318876312 -0.23021316154406155 0.089173189146862911 0.93452380952380965 0.041118445155317589 0.91865079365079372 0.0096254353817461172 35.970986698528009 1.1434426229508199 -98.509937806132925 0.015716783748657485 0.0080589523357198715 -386.38295028839445 1.9229309278605605e-16 32.571205731987639 0.89087301587301593 1.0091802267409935 24.323108857802207 -0.052280013656807782 53.444266255404663 0.78333333333333355 -0.16127613169998031 -474.16382369784748 0.93452380952380965 0.0035020734937154523 0.0023343865695018011 131.88940041073207 0.022764839317136357 97.780145673740421 -2905.2500000000205 0.066363997563734609 -0.39520789335164352 0.67056460569662824 3031.0000000000032 -6587.7500000000136 0.037514069012348779 0.01084563513789283 -0.28153113869625951 0.97084064269883175 0.054178526249209387 -0.10485926086666168 -0.020802288131519461 4.7730874988745926 253.13866544567921 0.0088238156057243236 2.7749999999999999 -0.38824226353122676 -852.4776295959864 0.17499999999999985 -117.46885318883768 0.9742063492063493 0.96903400568869758 -320.5300499004918 0.017329061123420992 4377.5000000000146 0.95436507936507942 21.044391992520001 -0.020802288131519461 -0.71999999999999964 -2231.3229884187431 -0.003128291595229898 0.10624481155719624 0.86889092274270963 -35.935106484001565 0.0059759898283329111 0.011550753028072626 -0.0077031464471181135 -0.25483687723136939 0.041666666666666671 -0.043200129196648056 0.0059759898283329111 -1096.3717492870226 -0.11499433107903655 0.89145428528221693 0.026883925546145524 0.010621991629387173 -172.51297844625887 0.39326945158237225 1.1721333577919391 0.011854710334562058 -0.29778234430334516 1.1176832118762918 0.011272785701517985 0.0097508803764522149 0.016706417536683889 0.012957470944948543 2.7299227130847412 2.9954732704383544 0.0074256608848538852 0.0081405682545815736 1.0827800483717844 0.85803950012073649
decision_type=10 10 10 10 10 10 2 2 10 2 10 2 2 10 10 10 10 2 8 2 2 8 2 8 10 2 10 2 10 10 10 10 2 2 10 10 10 10 10 10 2 10 2 10 2 10 8 10 8 2 10 10 2 2 10 2 2 10 2 8 10 10 2 2 10 10 10 2 2 8 10 10 2 10 2 2 10 8 8 10 8 10 2 2 8 2 2 10 10 10 10 10 10 10 2 2 10 10 2 10 10 8 10 8 8 10 8 2 2
left_child=3 2 5 19 43 67 12 9 78 41 30 -12 65 54 53 -16 26 47 -15 23 21 22 -21 106 25 -13 27 28 76 56 31 60 34 38 35 93 37 -36 -34 40 -40 42 100 51 45 46 -45 84 50 94 -9 59 98 -4 58 -35 -30 80 87 75 -10 -31 63 -25 92 -6 -67 68 -2 83 -37 -66 -24 -72 81 -3 -11 -22 -7 -63 -26 -56 104 -70 -18 -28 -87 -14 -44 -33 -71 -43 -19 -32 -38 -46 105 -47 -17 -99 -8 102 -5 -81 -53 -50 -1 108 -51
right_child=1 4 14 101 6 8 7 48 10 16 11 24 13 18 15 52 17 64 -20 20 77 -23 72 62 57 -27 85 -29 29 61 32 89 33 55 36 70 49 -39 39 -41 -42 91 88 44 95 97 -48 -49 96 107 -52 82 -54 -55 74 -57 -58 -59 -60 -61 -62 79 -64 -65 71 66 -68 -69 69 90 73 -73 -74 -75 -76 -77 -78 -79 -80 103 -82 -83 -84 -85 -86 86 -88 -89 -90 -91 -92 -93 -94 -95 -96 -97 -98 99 -100 -101 -102 -103 -104 -105 -106 -107 -108 -109 -110
leaf_value=-0.0025122110849586017 0.032342193591547073 0 -0.030623600267006421 0 0 0 -0.0070588578353369255 0 0.03055872711529925 0 0.028471865199827407 0 0 0.040930089990165418 -0.014403342478706536 0.0070584055359031615 -0.032858858096200615 0 0 -0.047635175654664394 -0.0063913048555346921 0 0.0075033112104111914 0 0.029148656385877224 -0.030320300816667943 -0.011564546357537628 0 0.020085728841132265 0 -0.014421081807451504 0 0 0 0 0 0 0.030629140509682566 0 0 0.032696711579254814 -0.01864171139664593 0 0 -0.0085923636348372301 0.0063013259375734407 0.033249824143669518 0 0 0 0.037980641506226508 -0.020455873282823653 0.03149617321235814 0 0 -0.024065316360449087 0 0 0 0 0 0 0 -0.051540752600349432 0.028405505016251463 0 -0.029565937387824766 -0.020808621688416597 0 0 0.035152416985911504 0 -0.020097451060309825 0 0 0.028077641467644337 -0.031363205802474939 0.016743900112715187 -0.014523469921547542 -0.033531889746968739 0 0.028235543261240097 0 -0.022167587900190015 0 0.017679897853196555 0 -0.025588288891401901 0.030339684171499286 -0.019434084728229998 0.011961207470210088 0 -0.010951317636058564 0 0.021526583976056543 0 -0.0094681068262127376 0 0 -0.0080171439444219842 0 0.003587920215861868 -0.010650231451863251 0 0 0.0037858619593727711 0 0 -0.0018999006870689963
leaf_weight=5.1617035102099154 9.6784390266984719 3.5964156202971926 11.559423884376882 3.3164772251620853 3.1377744674682644 7.7037243451923114 3.2391763087362113 3.2921017650514823 11.671051755547529 1.9071056395769108 12.901641890406607 12.334075685590507 2.3684043753892174 16.76385709643364 10.535694638267154 5.4356144070625358 11.753367320634423 6.006195396184923 3.1130782347172525 29.277332697063684 5.8428419083356857 3.8944117575883856 6.1201949864625913 6.758100412786006 6.7236712388694286 10.551244623959063 5.6619875226169816 5.3213393539190283 8.1260646432638151 2.6604882981628206 6.5856995731592178 3.9644401520490646 7.4165804609656325 3.2119575925171358 6.7946593668311825 6.755763744935396 4.3817830011248615 253.47503592632711 15.734740819782017 7.3337324783205977 30.423503391444683 4.3624190725386134 2.5684344284236458 7.7535794712603092 5.0975488070398551 4.2796110101044169 26.007298542186618 5.6036066859960547 3.5216511301696327 4.8872536160051805 7.5792213771492243 8.4892726838588679 11.521153211593626 3.7370808087289324 2.3078773729503137 6.3108188509941101 6.9090004544705144 3.7358142435550681 3.8239939548075226 6.9718669988214961 7.5681621078401795 2.7107508685439852 4.9688789285719386 120.92203160002828 7.4088689610362035 7.8371362648904332 7.5458885431289646 4.8630342558026305 4.4582661408931044 2.6595910806208876 11.846894081681969 7.2618327364325523 4.1564156301319599 8.4300766438245756 2.8937101401388636 7.8933064751327064 77.765279528684914 4.7588963732123357 7.260290265083313 11.806147611699995 3.0749040916562063 6.3465269431471825 3.3511631898581973 10.825051806867117 2.3135046400129822 4.7298897188156834 3.9881524778902522 8.5535797607153636 11.640930345281953 7.5493593197315914 4.3349649887531996 2.6318916007876396 4.1154189482331276 4.5663888789713365 13.645560497418044 3.3308731243014336 2.8317495584487906 3.7935537211596948 5.9448968861252069 5.9308375753462315 2.6887311227619648 4.5289081763476142 4.7997153624892235 2.1900723744183788 3.102618135511876 8.4746530298143607 3.378073789179326 4.051429044455289 5.2134479135274887
leaf_count=48 77 30 90 33 35 48 35 37 51 12 76 37 27 182 43 20 118 73 32 181 37 11 16 25 43 56 67 44 75 24 30 31 49 32 72 32 21 1234 55 27 122 51 34 58 34 32 175 44 51 37 55 55 40 17 18 33 61 18 29 44 42 36 21 753 56 99 63 30 57 20 45 61 43 25 13 62 842 13 28 132 27 65 29 119 28 59 38 102 106 34 64 23 50 32 88 27 30 34 40 50 14 23 50 22 32 68 28 34 29
internal_value=0.000372107 0.00895215 0.0166433 -0.038732 -0.00230034 0.0185671 -0.00617193 -0.01025 0.020049 -0.0136482 0.0210189 0.00424491 0.00617147 0.0144928 -0.00148791 0.00401435 -0.0167061 -0.00157716 0.0333659 -0.0411523 -0.0243675 -0.0313545 -0.0367212 -0.0463918 -0.000987697 -0.0139476 -0.0206376 -0.0229261 -0.0246385 -0.00644472 0.0225944 0.00331077 0.0237095 0.0110589 0.0259403 0.00764744 0.0278153 0.0298161 0.0165356 0.0204699 0.0245999 0.00126404 0.0129859 0.00884724 0.0143402 0.0188238 0.0266741 -0.0193571 0.0111224 0.00697989 0.0258847 0 0.0186775 -0.0218771 0 -0.00876257 0.00444244 0.0105861 -0.0107942 0.00920527 0.0208497 -0.0217456 -0.0486369 -0.0497921 0.00717053 -0.00696931 -0.0149852 0 0.00201829 -0.00573175 0.0196376 0.0163234 0 0.0251064 0.012746 0.0197329 -0.0305786 0 -0.00161076 -0.0266325 0.021489 0.0213799 -0.0123846 -0.0164801 -0.0287519 0 0.00562412 -0.020712 0.0265381 -0.0139333 0 -0.0121327 0 -0.00892121 0.0180758 0 0 0 0 -0.00383226 0 0 -0.00384075 -0.0307869 -0.0174578 0.0020762 0 0 -0.00056306
internal_weight=1174.9 967.017 581.657 207.884 385.36 532.923 295.762 231.07 496.104 205.371 481.14 49.3214 64.6918 46.171 48.7339 33.4374 178.239 44.4628 19.8769 195.239 54.0501 43.4484 39.5539 141.189 36.4197 22.8853 133.776 119.396 114.075 34.4025 431.818 30.753 401.065 70.4313 330.634 38.1848 292.449 260.27 60.9086 53.492 46.1582 27.1316 20.1373 89.5979 56.1933 47.7649 33.7609 19.6705 25.6994 32.1795 10.8713 33.4046 22.9017 15.2965 26.2941 9.52278 15.0351 13.5344 14.746 18.4616 19.2392 19.3675 132.649 127.68 24.7923 18.5208 15.383 36.8193 31.9563 22.2779 27.0327 14.6707 10.2766 20.277 11.5481 11.4897 79.6724 10.6017 14.964 16.707 9.79858 8.6544 14.9431 15.2833 14.0669 14.38 8.71804 10.922 14.2094 11.5138 6.99456 6.99431 10.1216 11.1521 18.0273 8.42842 14.8281 14.004 11.3805 9.72439 5.92791 12.6451 8.11619 13.9962 11.5919 11.9963 8.53978 14.1521 10.1007
internal_count=8060 6778 3105 1282 3673 2855 3011 2346 2488 2105 2412 257 665 468 250 143 1842 430 214 1176 301 251 240 875 181 93 1412 1248 1204 350 2155 158 1997 318 1679 164 1515 1306 253 204 177 263 189 662 410 349 233 190 241 209 92 252 100 107 254 65 136 88 158 136 93 214 799 778 240 197 162 367 337 260 102 117 59 70 96 92 854 50 76 190 70 83 116 176 146 164 97 129 140 65 84 74 123 62 109 61 149 116 60 84 49 106 83 154 87 119 76 100 66
is_linear=0
shrinkage=0.0348674


Tree=4
num_leaves=116
num_cat=0
split_feature=8 8 8 30 7 15 8 21 20 5 16 17 27 0 15 20 6 15 0 25 1 17 3 15 3 27 5 30 0 8 31 5 2 20 1 14 0 24 10 0 0 5 0 3 30 2 27 20 21 16 0 20 3 15 16 31 15 3 17 24 0 0 7 30 21 5 8 17 21 5 21 0 25 8 21 6 24 3 22 21 27 21 30 6 5 5 6 16 22 3 4 25 27 20 21 21 0 24 3 0 10 5 7 8 27 24 10 25 15 21 21 21 3 3 7
split_gain=248.635 33.9116 29.1677 18.7923 12.0717 13.2192 13.0395 12.9335 10.8656 10.0279 7.89611 7.53977 8.12126 9.80486 7.12349 14.7343 8.47805 7.4904 7.08204 6.65006 6.56603 6.37666 5.22366 5.7703 5.19635 4.90141 6.25417 5.96465 6.7346 4.58224 4.72215 4.61232 4.76862 4.93349 4.86159 4.46002 4.41419 4.1821 4.12416 3.95529 7.73466 3.71447 3.64609 3.47584 4.79418 3.24528 3.07805 3.1715 2.96158 2.89989 2.87743 2.78916 2.68375 2.42154 2.91091 2.24457 2.09558 2.09223 2.04863 2.04402 1.99181 1.86183 1.89722 2.09889 1.79547 1.76826 1.4711 1.46901 1.36043 1.28853 1.28732 1.16194 1.15584 1.24574 1.06886 0.991135 0.98221 0.943563 0.926638 0.89798 2.96383 2.28436 0.875702 0.826074 0.820451 2.53362 1.27195 0.804295 0.745962 0.721143 0.647645 0.601999 0.600814 0.600335 0.599118 1.831 0.545118 0.535905 0.529982 1.60417 0.434507 0.325014 0.30192 0.216815 0.203068 0.200471 0.174825 0.156787 0.127871 0.104813 0.0866935 0.0797585 0.0527846 0.00469605 0.00358418
threshold=-0.40793841542426396 -0.41937640457503833 -0.23628884605021536 2.0167164608774266 1.5000000000000002 0.0029286648739801076 -0.047501790536802084 4.2250000000000005 1.5889091447331565 -0.031915562363303777 -0.019132053960436293 400432.50000000006 -62.728158020449357 -0.11987795575896264 0.0026375449132810783 0.43011182684515753 0.93055555555555569 0.0030244567410571757 -0.082613393542776956 0.11695489755959287 -0.20083755993377991 858607.50000000012 0.0068215776615733409 0.0050623370024272226 0.012855374804439422 -35.935106484001565 0.03920566561878281 2.7861819477674201 -0.21923875405341173 -0.3971822282355757 0.71666666666666667 -0.025326904670794178 0.97134638979558774 0.47988989689149764 0.087394186639469643 0.011826878749850099 -0.14826718571066536 -0.01309537567094393 0.39705882352941163 0.16475496620848309 0.26273289246693515 0.041444834100835 0.037514069012348779 0.018540476345895406 -1.1994600934083584 1.1571937798491108 -719.87517517291133 0.46630727733856886 1.0599999999999998 -0.06540507095579999 0.26828337776820271 0.35922229568976377 0.0083768378343616768 0.014822380731963727 0.030564900438311508 0.88333333333333341 0.0079001498213123258 0.0096919703713860984 194135.50000000003 -0.0066305904472254143 -0.38824226353122676 -0.11987795575896264 12.500000000000002 0.033005764500382569 -1.3750000000000016 0.074045644583391038 -0.42258004960974183 202947.50000000003 -0.94000000000000028 -0.014958132235347808 0.26500000000000062 0.20371873496873497 0.16319871595993271 -0.39172942261892718 -0.7350000000000011 0.93452380952380965 -0.0033820922567018847 0.067404534862431198 2315.5000000000196 -0.9250000000000006 -737.86318726935838 1.0449999999999993 0.11783787623797579 0.0059523809523809529 -0.033438832760056818 0.059326821952419014 0.12500000000000003 -0.016596120198257704 1051.750000000002 0.0059323341695666091 0.88293650793650802 0.12459074531971963 -1577.6995938388443 0.90358550081043287 0.59499999999999986 -0.079999999999999169 -0.13441139729509202 0.014946440567593202 0.056517498530344046 0.55621778092185103 -0.11977573904179405 0.039940583705966544 11.500000000000002 -0.25226371587777413 -181.33119344030482 0.0038636767502207019 0.89224137931034508 0.16160599542179235 0.0020994212426928296 0.11000000000000033 1.8000000000000009 -1.1850000000000003 0.0085331391527359562 0.037471209514044916 1.0000000180025095e-35
decision_type=10 8 10 2 2 10 10 2 2 10 8 2 10 2 10 2 2 10 2 2 2 2 10 10 10 10 10 2 2 10 10 10 2 2 2 8 2 2 2 2 2 10 2 10 2 2 10 2 2 10 2 2 10 10 8 10 10 10 2 2 2 2 2 2 2 8 10 2 2 10 2 2 2 10 2 2 2 8 10 2 10 2 2 2 8 10 2 10 8 10 2 2 10 2 2 2 2 2 10 2 2 10 2 10 8 2 2 2 10 2 2 2 10 10 2
left_child=1 8 11 19 5 45 7 14 9 35 -5 12 29 100 15 24 87 84 61 70 -11 22 -22 -24 51 26 27 28 55 30 -2 43 94 82 72 53 109 -38 42 48 64 -10 74 44 -31 -4 59 104 97 -20 106 -6 89 54 76 68 -39 -51 -49 98 -21 62 63 88 -41 -59 90 -57 -19 -40 -3 -66 73 -35 -8 -62 -1 -9 -60 80 -42 -81 101 -54 -16 86 -86 -17 -13 -27 -25 -46 -52 -88 95 -33 -85 -30 110 -100 -14 112 -32 107 -48 -55 -45 -96 -44 -7 -28 -64 -34 -94 -36
right_child=2 3 4 10 6 36 38 77 41 20 -12 18 13 -15 17 16 -18 25 49 60 21 -23 23 66 -26 52 46 -29 39 31 102 32 33 34 114 -37 37 56 69 40 79 -43 108 50 91 -47 47 58 -50 57 92 -53 83 105 -56 67 -58 65 78 -61 75 -63 111 -65 71 -67 -68 -69 -70 -71 -72 -73 -74 -75 -76 -77 -78 -79 -80 81 -82 -83 -84 96 85 -87 93 -89 -90 -91 -92 -93 113 -95 103 -97 -98 -99 99 -101 -102 -103 -104 -105 -106 -107 -108 -109 -110 -111 -112 -113 -114 -115 -116
leaf_value=0 0.028946367627744361 -0.015318874407272599 0.027667847274222633 -0.031128146770888803 0.022677158002864524 0.0044627867117887242 -0.017394854817084568 0 0 0 0.011128514286213826 -0.024781256890373349 0 0.035605693122464969 -0.010189999782305659 0 0 0.0023977998671171753 0 0 0 0 0 -0.040190759685258634 -0.019724882831018628 0 0 0 0.029193524987390602 0 -0.0096497550830521774 0 0 0 0 0.026424386461352145 0 -0.030028261570547714 0 0 0.017523642482741898 0.030821064347733587 0 -0.022112700106391617 0 0 0 0 0 0 0 0 0 0 0 0.02843997415720232 0 -0.031771240724555297 0.019566633251670185 -0.017000389961801882 -0.048658343408356931 0.021051162324325308 0 0 -0.024149320628778934 0 0 0 -0.011032322329453661 -0.026078305593512582 0 0 0 -0.036008204212651815 0 0 -0.032061997237124044 -0.019760721429929146 0 0.04086203840316964 0 0 0.014108412302046588 0 0 -0.011112112775627974 0.022964133566493173 0.036414758436112339 0 0.018285269025705778 0 0.032022108266684043 0.012783011071055462 0 -0.0083671692754950233 0.023187559788740566 -0.018139500898443805 0 0.021512150116883531 0 -0.010445746410956799 0 0 0 -0.0069330288839920635 0.0073381306220261858 0 0 0.025533119948689915 0 -0.0043473037345080588 0.0041460685461923597 -0.010128414631087232 0 -0.00075713591252944939
leaf_weight=1.9852845370769525 10.484518293291332 6.1538545601069909 16.348946835845712 7.4417376173660159 11.467664552852517 5.5376532226800901 3.7888691555708638 9.8974125534296 3.9735029302537423 6.484353518113493 11.697376769036056 8.7435016222298181 3.4270495306700468 17.008866598829627 8.7377299517393094 6.4948373660445204 10.200846672058104 5.0734570845961597 1.7018705140799308 6.6938033103942862 2.2525042220950118 6.8924702163785687 1.7913181893527497 39.4726457404904 7.7975985854864112 3.0507984347641495 2.9786855224519986 4.1679769717156878 136.87815738841891 2.5588568672537795 3.0815020473673931 4.4376739449799061 3.0446482263505441 1.891119822859763 2.9415478557348234 6.1084198020398608 4.372075796127322 21.143712211400274 3.0113927060738197 3.3798481523990622 12.518898295238612 6.9219207242131233 6.4468918703496438 6.5340991578996199 1.550523623824122 6.2211005426943293 4.4007507376372814 5.2934882044792166 5.7648893482983103 1.7576711215078855 2.6027138233184814 6.5397171415388575 3.2905485704541197 3.3641993142664424 2.8739508762955692 5.3995430320501354 4.1513350401073685 24.237222954630845 34.120803916826844 7.7511647902429095 119.21294233482331 3.947902299463748 2.0210265722125769 2.0124105159193268 5.8791567124426347 3.4678630009293654 2.1828712224960389 18.504758371040225 12.448185332119463 8.6537423338741046 5.5914702424779534 4.9228331726044416 1.7643650881946076 20.431649979669608 9.9998762924224156 5.1284266682341686 7.148879167623817 5.2896042801439771 3.791008945554494 9.6819765120744687 9.2618834301829356 5.0059120859950772 3.6598685681819907 5.5599733330309382 3.3140406161546769 3.7928375676274291 8.2088852245360595 91.86264443397522 2.8046371489763269 8.7426148708909732 2.1119050383567801 10.086323623545466 4.2291810195893031 3.2099950276315203 5.6273670848459005 4.6345244925469178 7.028317365795373 3.5821162275969973 4.7462266460061073 3.049970705062151 3.9809080995619324 1.6281224507838477 2.5949175357818604 2.7332599088549596 4.2757896371185762 3.6657335739582777 1.7450265921652315 2.0260245203971863 6.247983431443572 3.6544054485857487 4.7164786737412214 4.7805032078176728 5.2243039496243 2.6873365975916386 6.740848938934505
leaf_count=11 58 40 63 65 51 46 19 45 37 38 28 95 41 97 45 29 39 35 17 24 37 72 18 419 36 16 33 36 946 45 32 53 50 15 17 49 22 124 35 26 87 32 22 102 30 33 19 48 39 21 27 37 40 27 24 31 24 287 219 37 883 53 27 22 40 53 38 122 99 68 22 39 36 273 62 40 95 50 20 69 46 24 38 28 24 21 58 381 40 69 24 133 35 19 73 37 55 30 44 14 39 27 19 31 27 33 20 19 25 20 33 63 64 33 113
internal_value=0.000501436 -0.0290574 0.0100777 -0.0391748 0.0137831 0 0.0153925 0.0168655 -0.0105652 -0.0156229 0 -0.00102853 0.00248848 0.0206069 0.017929 0.0263314 0.0319463 0.0144645 -0.0122871 -0.0435684 -0.0232265 -0.0273147 -0.0317966 -0.0345962 0 0.0158749 0.0171062 0.0201308 0.0210388 -0.000258768 0.0148724 -0.0042664 -0.0101592 -0.0162849 -0.0232856 0 -0.0131252 -0.0199984 -0.0010533 0.0239582 0.0100189 0.0156435 0.00236822 0.0036566 0.0176015 0.0198461 0.00535822 0.0105944 0.0277343 -0.0231176 -0.000154478 0.0125016 0 -0.00528739 -0.0164925 0.00360141 -0.0257133 -0.0260899 0.0148943 -0.00039977 -0.0461294 0 -0.00250073 -0.0130056 -0.00471898 -0.0284888 -0.037445 0.0115038 0 -0.0197865 -0.00253432 -0.0146932 -0.0314575 -0.0335484 -0.00270646 -0.0475503 -0.0265387 -0.0088411 0.0177866 0.0195306 0.00472387 0.030879 0 -0.00744848 0 0.000206283 0.0126783 0.0350625 -0.0200554 0.0135814 -0.0389407 0.0289764 0.00303349 0.0181674 0 0.00856339 -0.0119888 0.0287411 0 0.00862736 0 -0.00391509 0 0 0 0 -0.0192965 -0.00556422 0.0181771 0 0 0 -0.00783218 0.0103056 0
internal_weight=1075.64 259.15 816.49 161.92 621.658 61.4292 560.229 522.08 97.23 86.3345 19.1391 194.832 139.357 24.4168 506.893 134.363 108.558 372.53 55.4746 142.78 61.1881 54.7037 47.8112 45.5587 25.805 345.266 317.594 242.47 238.302 114.94 16.1609 98.7794 66.7853 47.3265 33.7695 25.1465 38.8592 29.6671 38.1488 196.876 50.6505 10.8954 26.4836 31.9941 14.1957 22.57 75.1244 51.8818 146.225 31.1646 17.7984 18.0074 27.6723 19.038 12.0081 41.4259 25.295 29.4628 43.2053 23.2425 131.035 24.31 20.3621 13.5605 14.1818 27.7051 43.7674 23.9043 17.5216 11.6651 11.7453 10.802 24.0871 22.3228 13.7887 124.341 9.13416 15.187 37.9118 36.4687 21.7808 14.6879 13.5569 15.8788 27.2635 18.5258 14.7329 98.3575 11.5481 11.7934 41.5846 11.6368 9.51923 11.4189 19.4588 9.0722 12.5883 140.46 15.4914 7.7962 7.40796 9.89707 5.67642 10.3867 8.67654 7.02993 8.27913 7.65339 12.6949 9.19206 7.69516 6.80153 8.26895 6.91652 9.6824
internal_count=8060 2056 6004 1102 3769 332 3437 3206 954 885 93 2235 1557 177 3111 573 449 2538 678 1009 646 608 536 499 124 2371 2163 1669 1633 1380 109 1271 846 633 454 239 236 170 231 1346 331 69 128 425 208 96 494 333 1015 378 217 88 208 190 130 287 148 361 287 161 947 300 247 157 105 340 481 153 134 103 62 79 324 288 81 923 106 95 239 226 133 93 179 123 167 122 101 410 135 85 443 163 95 77 213 90 83 976 124 58 80 141 51 123 46 60 122 92 47 66 66 90 114 68 130
is_linear=0
shrinkage=0.0348674


end of trees

feature_importances:
VIX_21d_pct_change=43
delta=41
gamma_x_morning_spx_rv_annualized=38
morning_vix_change=32
theta_x_atmf_iv_5dte_percentile_252d=30
atmf_iv_10dte_intraday_range=27
atmf_iv_30dte_intraday_pct_change=26
iv_term_slope_5d_30d=26
morning_spx_rv_annualized=26
vega=23
rom_roll_std_30d=18
spx_252d_rv=17
VIX_VIX9D_ratio=16
days_until_next_pce=16
spx_1d_returns=15
vix_z_60d=14
leverage=12
atmf_iv_5dte_percentile_252d=11
effr_rate_1y_pct_change=10
vix_front_curvature=10
prior_day_strategy_drawdown_max_5d=9
atmf_iv_1dte_percentile_252d=8
win_rate_30d=7
entry_bid_ask_spread=6
morning_spx_range_pct=6
gamma_x_dte=5
spx_5d_returns=5
VIX_5d_pct_change=4
jobless_claims=4
distance_from_max_63d=2
effr_rate_1y_percentile=1

parameters:
[boosting: gbdt]
[objective: lambdarank]
[metric: ndcg]
[tree_learner: serial]
[device_type: cpu]
[data_sample_strategy: bagging]
[data: ]
[valid: ]
[num_iterations: 2000]
[learning_rate: 0.0348674]
[num_leaves: 213]
[num_threads: 4]
[seed: 20260827]
[deterministic: 1]
[force_col_wise: 0]
[force_row_wise: 0]
[histogram_pool_size: -1]
[max_depth: -1]
[min_data_in_leaf: 23]
[min_sum_hessian_in_leaf: 0.001]
[bagging_fraction: 0.865687]
[pos_bagging_fraction: 1]
[neg_bagging_fraction: 1]
[bagging_freq: 5]
[bagging_seed: 4042]
[bagging_by_query: 0]
[feature_fraction: 0.793665]
[feature_fraction_bynode: 1]
[feature_fraction_seed: 18928]
[extra_trees: 0]
[extra_seed: 2987]
[early_stopping_round: 0]
[early_stopping_min_delta: 0]
[first_metric_only: 0]
[max_delta_step: 0]
[lambda_l1: 4.07231]
[lambda_l2: 0.860322]
[linear_lambda: 0]
[min_gain_to_split: 0]
[drop_rate: 0.1]
[max_drop: 50]
[skip_drop: 0.5]
[xgboost_dart_mode: 0]
[uniform_drop: 0]
[drop_seed: 32588]
[top_rate: 0.2]
[other_rate: 0.1]
[min_data_per_group: 100]
[max_cat_threshold: 32]
[cat_l2: 10]
[cat_smooth: 10]
[max_cat_to_onehot: 4]
[top_k: 20]
[monotone_constraints: ]
[monotone_constraints_method: basic]
[monotone_penalty: 0]
[feature_contri: ]
[forcedsplits_filename: ]
[refit_decay_rate: 0.9]
[cegb_tradeoff: 1]
[cegb_penalty_split: 0]
[cegb_penalty_feature_lazy: ]
[cegb_penalty_feature_coupled: ]
[path_smooth: 0]
[interaction_constraints: ]
[verbosity: -1]
[saved_feature_importance_type: 0]
[use_quantized_grad: 0]
[num_grad_quant_bins: 4]
[quant_train_renew_leaf: 0]
[stochastic_rounding: 1]
[linear_tree: 0]
[max_bin: 255]
[max_bin_by_feature: ]
[min_data_in_bin: 3]
[bin_construct_sample_cnt: 200000]
[data_random_seed: 4782]
[is_enable_sparse: 1]
[enable_bundle: 1]
[use_missing: 1]
[zero_as_missing: 0]
[feature_pre_filter: 1]
[pre_partition: 0]
[two_round: 0]
[header: 0]
[label_column: ]
[weight_column: ]
[group_column: ]
[ignore_column: ]
[categorical_feature: ]
[forcedbins_filename: ]
[precise_float_parser: 0]
[parser_config_file: ]
[objective_seed: 30075]
[num_class: 1]
[is_unbalance: 0]
[scale_pos_weight: 1]
[sigmoid: 1]
[boost_from_average: 1]
[reg_sqrt: 0]
[alpha: 0.9]
[fair_c: 1]
[poisson_max_delta_step: 0.7]
[tweedie_variance_power: 1.5]
[lambdarank_truncation_level: 5]
[lambdarank_norm: 1]
[label_gain: 0,1,3,7,15]
[lambdarank_position_bias_regularization: 0]
[eval_at: 1,3]
[multi_error_top_k: 1]
[auc_mu_weights: ]
[num_machines: 1]
[local_listen_port: 12400]
[time_out: 120]
[machine_list_filename: ]
[machines: ]
[gpu_platform_id: -1]
[gpu_device_id: -1]
[gpu_device_id_list: ]
[gpu_use_dp: 0]
[num_gpu: 1]

end of parameters

pandas_categorical:[]
