tree
version=v4
num_class=1
num_tree_per_iteration=1
label_index=0
max_feature_idx=31
objective=lambdarank
feature_names=VIX_21d_pct_change VIX_5d_pct_change atmf_iv_10dte_intraday_range days_until_next_pce entry_bid_ask_spread entry_bid_ask_spread_pct entry_bid_ask_spread_pct_wd_rank front_roll_yield gamma_x_dte gamma_x_morning_spx_rv_annualized iv_at_strike_minus_atmf_x_VIX_VIX9D_spread iv_term_slope_5d_30d iv_to_spot_change_ratio_1dte_close jobless_claims leverage morning_atmf_iv_pct_change morning_spx_log_return morning_spx_range_pct morning_spx_rv_annualized morning_vix_change prior_day_strategy_drawdown_max_5d rom_roll_skew_30d rom_roll_std_30d spx_10d_returns spx_1d_returns spx_5d_returns theta theta_x_atmf_iv_5dte_percentile_252d vega vega_x_VIX_5d_pct_change vix_z_60d win_rate_30d
feature_infos=[-0.52839210998206809:4.8438162544169607] [-0.42827256425582794:1.6965317919075145] [0.0036709204201514634:0.2613707868372882] [0:44] [0.049999999999999822:29.899999999999999] [0.0067796610169492486:1.9560439560439562] [1:8.5] [-6.7375000000000007:4.8832999999999984] [0:0.033556061189271305] [0.00050198565975699322:0.029708705204148592] [-6.5795764598266988:0.58289359397191487] [-0.50666580450779986:0.067287322754047196] [-414863.02644383919:121344.18546477477] [152144:6161268] [12.51586456957032:1073.1554712918908] [-0.33382759238393778:0.8768424828297523] [-0.029011813819852964:0.026209351931648178] [0.00070837031052892977:0.047613469070574892] [0.17917490989228085:8.150433863579746] [-17.640000000000001:24.859999999999999] [0:30374.000000000073] [-5.4772255750516701:5.0258428426019996] [7.1417041269969607e-17:19.770253581632318] [-0.23386323847009061:0.19052471618843292] [-0.11984050283657066:0.093827657101993367] [-0.1796662632195084:0.17397425583266291] [-7697.42948726533:-96.192032199531141] [-7575.2480668325461:0] [10.153572579096968:166.46298008069991] [-58.122415431031989:156.45242140692821] [-2.0836522372647459:6.9859947436689716] [0.46666666666666667:1]
tree_sizes=6307 6319

Tree=0
num_leaves=57
num_cat=0
split_feature=28 9 9 26 28 9 27 26 1 3 7 28 26 12 25 21 20 13 28 12 24 18 2 27 27 26 18 5 15 25 18 23 16 15 16 1 28 1 16 18 12 18 5 26 26 3 16 4 12 26 28 16 4 12 7 1
split_gain=293.06 30.3739 20.7078 16.7745 7.24691 6.8478 5.45153 5.29795 5.47978 5.0517 4.64912 4.29423 3.99065 5.57849 3.68096 3.57894 3.4501 3.57568 3.92201 3.50119 3.1257 4.18407 3.05013 2.9079 2.57199 2.55536 2.49849 2.76292 3.03477 2.31377 2.15882 2.11157 2.09797 2.05196 1.94859 1.94247 1.91725 1.88068 1.85285 1.84584 2.1249 2.12533 1.76502 1.73906 1.72638 1.68295 1.50783 1.46045 1.43055 1.38414 1.31788 1.28508 1.28398 1.27403 1.2702 1.24383
threshold=75.016418461220937 0.0082175203127836677 0.011257693282744017 -255.78932742456712 53.409290217776743 0.0046133926674363805 -59.445509361310819 -832.26928901300596 0.28265818621033084 19.500000000000004 0.050000000000000031 58.523962718597119 -495.24815804178917 95.850072641574386 -0.003220213840077701 4.2288566569283761 3535.2500000000259 858607.50000000012 88.351590594759202 -84.71604737187478 -0.0087513027709126261 0.60412793914374474 0.13477979240673804 -262.99013670738219 -75.970763298181808 -276.21746125929593 1.2406278138996523 0.093143752259308432 -0.066212028583366431 -0.012695887787842306 1.4900018847833845 0.010294819818728708 0.00057546410925925315 -0.057666006337219348 0.00054336269265958001 -0.20143193785836014 27.309004199518302 0.32410034472637711 -0.0022520074284946424 0.78683656942373703 9.8302671357603106 1.2925642788310092 0.012307808831326173 -922.12223559346751 -515.53683804803109 9.5000000000000018 0.0016032859833214608 0.20000000000000015 -30.615277511474265 -771.09227911527648 19.940971934374428 -0.00032736686495476151 0.29999999999999943 714.1451883947899 -0.27750000000000014 0.037659145850120875
decision_type=8 10 8 10 10 10 10 10 2 2 2 10 10 8 2 8 10 2 10 10 2 2 8 10 8 10 2 10 10 2 2 2 2 8 2 2 8 2 2 2 8 2 10 10 8 2 2 10 10 10 10 2 10 10 2 2
left_child=1 3 5 4 10 32 14 8 55 16 12 43 22 20 -5 25 17 18 44 -18 -14 -22 39 34 26 30 27 28 31 -21 35 -13 -2 -16 -6 -12 -8 -10 -29 48 -41 -42 -20 -3 -7 -31 -11 -30 -1 -32 -37 -9 -52 -25 -28 -4
right_child=2 11 7 6 23 9 36 51 37 46 15 24 13 -15 33 -17 19 -19 42 29 21 -23 -24 53 -26 -27 54 38 47 45 49 -33 -34 -35 -36 50 -38 -39 -40 40 41 -43 -44 -45 -46 -47 -48 -49 -50 -51 52 -53 -54 -55 -56 -57
leaf_value=-0.002731421734662876 0.0059825485583037538 -0.00099978473485518244 -0.018911765022387506 -0.0046244100375067813 -0.0018400994269785224 -0.006848819522396442 -0.0080549816896151281 -0.0050672160526528363 0.0040643164934188276 0.0068314372777469176 0.0037485126665253183 0.0051310376976985636 0.0072625172202282909 0.012484773318954525 -0.00048846963889048473 -0.0021761403703308944 0.0071110893840444448 0.00050372467495610304 0.00023999896416179386 -0.0098588679387291329 0.0058097506137034897 -0.0070937634435843883 -0.0022650868533893526 0.0095239439248393197 0.0058010726003111645 0.0015940879623955687 -0.0041340154579378712 -0.0075169680840129378 -0.0001946399249304723 0.0062153298245991263 0.0070403754844599528 -0.0063801109677789312 -0.0033297972697356663 0.010650063023701877 0.005428231568897178 0.0044204393233211918 0.0021691481170817281 -0.0070575096911827664 0.0030365134464933347 0.015257727736168937 0.0092940637849322147 -0.0015319677738441862 -0.014380745547325146 0.0062513638494026986 0.0032432463864776541 -0.0042371486033562196 -0.0038805882848688875 -0.014228946365549281 0.0070282851053385846 -0.0031870487321999639 0.015145897121779153 0.0053707019847466118 0.0021888878152075174 -0.0014826103557529461 0.0054086806352875664 -0.012320235301451321
leaf_weight=2.4619208630174398 5.4977203176822496 8.0172416917048412 65.415961734484881 3.2731537111103544 11.328901815228166 16.363082804717124 9.00119778141379 1.2087629984598609 1.9673679135739792 2.8539025662466875 4.6757240984588853 2.579620505217469 3.9554379135370317 5.4313645698130157 3.2198885045945644 1.7070561032742251 2.1441679978743187 3.9546639663167289 1.2712628678418685 6.3030792810022822 3.8039816003292755 9.9224461521953327 1.9392013587057579 15.108688899781557 1.8767531281337166 3.4210337214171878 1.4185063643380997 1.4414370441809294 1.391369973309337 2.0419826745055607 2.4012202862650156 2.8460625256411731 5.3470713120186701 8.158737048506735 8.0981291262432915 4.424023672938346 2.7592773549258718 3.9014730621129274 6.1979308924637726 19.775054021738473 5.6194668114185315 3.5678424425423145 36.66637919517234 10.192243428900836 1.7022980223409856 3.1215077135711908 1.5054772105067966 9.0129004139453155 3.1477504204958668 1.8791396878659714 100.50197545392439 1.5633165119215835 2.1173813687637439 1.1894924547523249 3.5221781926229587 27.193078602198511
leaf_count=51 220 293 1121 24 390 609 75 42 22 113 61 74 35 61 37 22 95 133 30 206 47 93 23 513 80 41 52 32 52 88 36 87 185 74 290 37 33 76 196 321 75 40 1127 396 78 66 52 267 69 15 1224 50 44 37 170 427
internal_value=-0.000128443 0.00778699 -0.0122126 0.00958886 0.0107333 -0.00745642 9.62684e-05 -0.016116 -0.0165886 -0.00872971 0.011774 -0.00126327 0.00824384 0.00361455 0.00489048 0.0133196 -0.0095029 -0.0107877 -0.0115736 -0.00307931 -0.000264221 -0.00318639 0.0107738 0.00506114 -0.00405478 0.0135794 -0.00510417 -0.0067073 -0.00937604 -0.00588028 0.0138936 -0.00100721 0.00161532 0.00795572 0.0014495 0.0142389 -0.00569251 -0.00322858 -0.000262018 0.0116047 0.012865 0.00563597 -0.0139048 0.00331028 -0.00562997 0.000548068 0.00306349 -0.0127396 0.00320263 0.00301057 0.0146055 0.000575119 0.0149344 0.00863256 0.00221196 -0.017333
internal_weight=481.408 291.386 190.023 242.889 216.477 88.7726 26.4123 101.25 98.4779 77.9278 180.752 48.4962 59.6245 23.1132 14.6518 121.128 73.5684 59.9577 56.003 13.6107 17.6819 13.7264 36.5112 35.7252 30.2868 119.42 28.41 23.4693 15.83 11.4666 115.999 5.42568 10.8448 11.3786 19.427 111.719 11.7605 5.86884 7.63937 34.572 28.9624 9.18731 37.9376 18.2095 18.0654 5.16349 4.35938 10.4043 5.60967 4.28036 107.043 2.77208 102.619 16.2982 4.94068 92.609
internal_count=10207 5467 4740 3768 3525 3002 243 1738 1646 2597 2295 1699 815 236 135 1480 2432 1977 1844 455 175 140 579 1230 1010 1458 930 708 480 360 1417 161 405 111 680 1366 108 98 228 556 436 115 1157 689 687 154 165 319 120 51 1305 92 1268 550 222 1548
is_linear=0
shrinkage=0.0125965


Tree=1
num_leaves=57
num_cat=0
split_feature=31 31 10 22 26 4 5 1 4 20 1 7 16 29 22 4 14 26 29 2 23 4 14 20 14 7 17 17 13 24 17 27 25 27 26 25 23 29 5 9 14 22 10 26 25 16 7 29 23 27 27 5 10 10 14 10
split_gain=1345.88 222.563 102.587 76.2775 49.8363 40.4011 27.9032 26.656 25.1662 24.8782 27.2124 21.9044 20.4557 18.1255 17.7144 17.921 16.3263 19.3956 16.4491 16.3904 15.4918 14.8782 16.0814 19.0813 14.2993 13.7295 27.4278 35.0534 13.2279 13.0818 12.6723 14.7808 12.3587 13.1903 11.9843 11.7623 20.814 19.2303 16.573 11.7555 11.6628 15.9975 11.3766 11.386 22.1502 24.9059 17.1828 12.9876 12.012 11.81 12.1301 15.7354 14.8372 14.4269 12.8623 13.7528
threshold=0.68333333333333346 0.88333333333333341 -0.00040106096773008477 2.249058670032424 -217.8833632646315 0.14999999999999999 0.072289156626506035 -0.15950111605324466 0.17499999999999985 1436.2500000000136 0.036282066163668032 0.36594047619047604 0.0016032859833214608 -5.7004749502589238 9.2582230631797984 0.59999999999999987 473.75005701491312 -293.04735315135298 0.52065382039249675 0.0094864013396844891 -0.016581731624614179 0.20000000000000001 131.08853199968561 4673.7499999999663 528.32907721917354 0.051210277777777757 0.0045827261798574064 0.0036421797416877747 4559911.5000000009 0.0027724379490983169 0.0014911323174257231 -59.445509361310819 -0.012695887787842306 -1569.0686825577911 -1626.2083300136767 -0.01832463686622798 1.0000000180025095e-35 -0.93015058018521313 0.23999999999999996 0.0036194514820921874 407.8278342088019 1.7187029538450219e-16 0.11551021509854344 -460.35685253028151 -0.0013485729229252839 2.9482521380403556e-05 0.95875833333333371 -4.0309812465874364 0.0018771475508194693 -250.82322710307673 -375.79877865729446 0.060403364751190826 -0.014874084193881384 0.020892388124065554 206.10906196733092 0.011182397886818711
decision_type=10 10 8 10 10 10 10 2 10 10 2 2 2 10 10 10 10 10 10 10 2 10 10 10 10 2 2 2 2 2 2 10 2 10 10 2 2 10 10 10 10 10 10 10 2 2 2 10 2 10 10 10 10 10 10 10
left_child=2 3 20 7 5 16 29 -2 -9 10 -4 25 -11 -10 15 24 40 18 -18 -19 -1 -5 32 -24 35 26 27 -12 -15 39 -6 -32 33 -23 -25 -8 37 -37 -39 -7 41 -3 43 47 45 -45 48 -43 -46 50 51 52 -49 -54 -52 -56
right_child=1 4 9 21 30 6 14 8 13 12 11 -13 -14 28 -16 -17 17 19 -20 -21 -22 22 23 34 -26 -27 -28 -29 -30 -31 31 -33 -34 -35 -36 36 -38 38 -40 -41 -42 42 -44 44 46 -47 -48 49 -50 -51 54 -53 53 -55 55 -57
leaf_value=-0.0038165238919276568 0.0072374187093027691 -0.00058871748528956222 -0.021008369205225794 0.00686520145891765 0.0080061487965579735 0.0062519989735513827 0.016045100969419097 0.0038478739287586107 -0.013224592566752982 -0.014081637002502289 -0.014603357654747885 -0.0015894957894511284 0.0041829905495177899 -0.0058046491167679862 -0.0047378802001550062 -0.00042628008875678737 0.013437295317636827 0.007370589911745145 -0.0025612110288974993 -0.013701338545029232 0.010684795032453207 0.0088483480716824332 -0.0021826421695953094 -0.0021288130282187275 -0.0057125264999032654 -0.020276276346490152 -0.016733185055740264 0.013125811553789012 0.012755119859543926 0.0061389991240677448 -0.00094151325831878829 -0.018691548807449485 0.010696877854753472 -0.0040147233016906755 0.015722812150371215 0.01102338121007135 0.011063447690133284 -0.0071602977664604736 0.011695871481809497 -0.0069840503006409534 0.016718556389086033 0.0058896193287340933 0.017865898053016752 0.010407749844405324 0.00017320965241468075 -0.0075749861521483613 -0.00033470497105113166 0.018162464067371636 0.014635255562900207 0.01743774367778371 -0.00721401042812182 0.0172469499195563 -0.0046377201396458727 0.014992178258610499 0.00030867769129195953 0.015478730262317133
leaf_weight=32.524489611387253 24.896181464195251 17.130500523373485 336.84107080008835 138.71265911869705 6.8398702256381503 12.045637298375366 46.041418395936489 35.320476720109582 60.429671972990036 24.941608252003789 11.684153694659473 20.045189961791039 13.726817063987253 180.2509816326201 15.066928738728164 30.894267115741968 37.518561512231827 8.3428946193307656 12.78617738932371 11.099271997809408 15.230134051293133 19.38435703702271 149.43764434941113 8.4042049720883387 7.8978118151426306 64.557607101276517 47.674903485924006 12.5266723819077 4.1273137331008902 30.798162590712309 16.560426995158195 11.562573924660684 43.074137210845947 27.993086367845535 14.617452841252087 22.348012268543243 165.81636509485543 30.881786961108446 7.2362022567540398 41.262648183852434 85.483446030877531 45.08353989943862 47.283688813447952 19.654837306588888 10.277895510196684 25.077520422637463 17.88092577457428 8.8474052995443326 82.519918525591493 92.392064273357391 8.6109573394060117 63.073934942483902 19.69013657420874 5.7596543505787841 17.757595658302307 18.229481741786003
leaf_count=226 171 50 974 716 19 53 150 251 389 183 38 43 94 1217 38 127 97 36 36 26 96 152 946 58 24 159 125 22 8 206 58 57 227 162 96 78 680 120 28 281 266 189 106 44 23 51 41 30 216 350 21 141 83 25 59 45
internal_value=0.000118598 0.00548004 -0.0165408 -3.80166e-05 0.00901814 0.00950532 0.00634407 -0.00476652 -0.00588534 -0.0181217 -0.0188952 -0.0141005 -0.00773027 -0.00731324 0.00800133 0.00864959 0.0114569 0.00542943 0.00943814 -0.00483961 0.00109476 0.00356001 0.00177022 -0.00049837 0.00964548 -0.0158796 -0.0114086 -0.000364197 -0.0052321 -0.000126005 -0.00547879 -0.00912758 0.00599804 0.00141868 0.00961504 0.0101365 0.00878003 0.00233625 -0.00310391 -0.00385355 0.0121509 0.0112933 0.0117164 0.0109542 0.00798041 0.000452086 0.0109494 0.0125268 0.0130781 0.0137315 0.0110721 0.0135571 0.00609311 0.000704092 0.00523476 0.00847651
internal_weight=2386.15 1806.4 579.753 706.648 1099.75 1064.79 410.289 305.025 280.128 531.998 493.33 156.489 38.6684 244.808 326.183 311.116 654.5 69.7469 50.3047 19.4422 47.7546 401.624 262.911 172.459 280.222 136.443 71.8857 24.2108 184.378 84.1064 34.9629 28.123 90.4516 47.3774 23.0217 272.324 226.282 60.466 38.118 53.3083 584.754 499.27 482.14 434.856 155.411 44.7324 110.679 279.445 92.7978 234.361 141.969 97.3711 34.2972 25.4498 44.598 35.9871
internal_count=10207 8247 1960 4393 3854 3720 1785 2036 1865 1638 1361 387 277 1614 1245 1207 1935 195 133 62 322 2357 1641 1100 1080 344 185 60 1225 540 134 115 541 314 154 1056 906 226 148 334 1740 1474 1424 1318 375 95 280 943 239 754 404 279 138 108 125 104
is_linear=0
shrinkage=0.0125965


end of trees

feature_importances:
theta=11
morning_spx_log_return=7
theta_x_atmf_iv_5dte_percentile_252d=7
VIX_5d_pct_change=6
entry_bid_ask_spread=6
vega=6
entry_bid_ask_spread_pct=5
front_roll_yield=5
iv_at_strike_minus_atmf_x_VIX_VIX9D_spread=5
iv_to_spot_change_ratio_1dte_close=5
leverage=5
morning_spx_rv_annualized=5
spx_5d_returns=5
gamma_x_morning_spx_rv_annualized=4
spx_10d_returns=4
vega_x_VIX_5d_pct_change=4
morning_spx_range_pct=3
prior_day_strategy_drawdown_max_5d=3
rom_roll_std_30d=3
atmf_iv_10dte_intraday_range=2
days_until_next_pce=2
jobless_claims=2
morning_atmf_iv_pct_change=2
spx_1d_returns=2
win_rate_30d=2
rom_roll_skew_30d=1

parameters:
[boosting: gbdt]
[objective: lambdarank]
[metric: ndcg]
[tree_learner: serial]
[device_type: cpu]
[data_sample_strategy: bagging]
[data: ]
[valid: ]
[num_iterations: 2000]
[learning_rate: 0.0125965]
[num_leaves: 57]
[num_threads: 4]
[seed: 20260830]
[deterministic: 1]
[force_col_wise: 0]
[force_row_wise: 0]
[histogram_pool_size: -1]
[max_depth: -1]
[min_data_in_leaf: 24]
[min_sum_hessian_in_leaf: 0.001]
[bagging_fraction: 0.749848]
[pos_bagging_fraction: 1]
[neg_bagging_fraction: 1]
[bagging_freq: 4]
[bagging_seed: 3520]
[bagging_by_query: 0]
[feature_fraction: 0.791161]
[feature_fraction_bynode: 1]
[feature_fraction_seed: 25582]
[extra_trees: 0]
[extra_seed: 14767]
[early_stopping_round: 0]
[early_stopping_min_delta: 0]
[first_metric_only: 0]
[max_delta_step: 0]
[lambda_l1: 0.00251478]
[lambda_l2: 2.37486]
[linear_lambda: 0]
[min_gain_to_split: 0]
[drop_rate: 0.1]
[max_drop: 50]
[skip_drop: 0.5]
[xgboost_dart_mode: 0]
[uniform_drop: 0]
[drop_seed: 20645]
[top_rate: 0.2]
[other_rate: 0.1]
[min_data_per_group: 100]
[max_cat_threshold: 32]
[cat_l2: 10]
[cat_smooth: 10]
[max_cat_to_onehot: 4]
[top_k: 20]
[monotone_constraints: ]
[monotone_constraints_method: basic]
[monotone_penalty: 0]
[feature_contri: ]
[forcedsplits_filename: ]
[refit_decay_rate: 0.9]
[cegb_tradeoff: 1]
[cegb_penalty_split: 0]
[cegb_penalty_feature_lazy: ]
[cegb_penalty_feature_coupled: ]
[path_smooth: 0]
[interaction_constraints: ]
[verbosity: -1]
[saved_feature_importance_type: 0]
[use_quantized_grad: 0]
[num_grad_quant_bins: 4]
[quant_train_renew_leaf: 0]
[stochastic_rounding: 1]
[linear_tree: 0]
[max_bin: 255]
[max_bin_by_feature: ]
[min_data_in_bin: 3]
[bin_construct_sample_cnt: 200000]
[data_random_seed: 4792]
[is_enable_sparse: 1]
[enable_bundle: 1]
[use_missing: 1]
[zero_as_missing: 0]
[feature_pre_filter: 1]
[pre_partition: 0]
[two_round: 0]
[header: 0]
[label_column: ]
[weight_column: ]
[group_column: ]
[ignore_column: ]
[categorical_feature: ]
[forcedbins_filename: ]
[precise_float_parser: 0]
[parser_config_file: ]
[objective_seed: 28250]
[num_class: 1]
[is_unbalance: 0]
[scale_pos_weight: 1]
[sigmoid: 1]
[boost_from_average: 1]
[reg_sqrt: 0]
[alpha: 0.9]
[fair_c: 1]
[poisson_max_delta_step: 0.7]
[tweedie_variance_power: 1.5]
[lambdarank_truncation_level: 5]
[lambdarank_norm: 1]
[label_gain: 0,1,3,7,15]
[lambdarank_position_bias_regularization: 0]
[eval_at: 1,3]
[multi_error_top_k: 1]
[auc_mu_weights: ]
[num_machines: 1]
[local_listen_port: 12400]
[time_out: 120]
[machine_list_filename: ]
[machines: ]
[gpu_platform_id: -1]
[gpu_device_id: -1]
[gpu_device_id_list: ]
[gpu_use_dp: 0]
[num_gpu: 1]

end of parameters

pandas_categorical:[]
