tree
version=v4
num_class=1
num_tree_per_iteration=1
label_index=0
max_feature_idx=26
objective=lambdarank
feature_names=VIX_21d_pct_change VIX_5d_pct_change VVIX_5d_pct_change days_until_next_pce entry_bid_ask_spread entry_bid_ask_spread_pct entry_bid_ask_spread_pct_wd_rank gamma_x_dte gamma_x_morning_spx_rv_annualized iv_at_strike_minus_atmf_x_VIX_VIX9D_spread iv_to_spot_change_ratio_1dte_close jobless_claims leverage morning_atmf_iv_pct_change morning_spx_log_return morning_spx_rv_annualized morning_vix_change prior_day_strategy_drawdown_max_5d rom_roll_skew_30d rom_roll_std_30d spx_10d_returns spx_1d_returns spx_5d_returns theta_x_atmf_iv_5dte_percentile_252d vega_x_VIX_5d_pct_change vix_z_60d win_rate_30d
feature_infos=[-0.52839210998206809:4.8438162544169607] [-0.42827256425582794:1.6965317919075145] [-0.32030341620065339:0.70757303583246678] [0:44] [0.049999999999999822:29.899999999999999] [0.0067796610169492486:1.9560439560439562] [1:8.5] [0:0.033556061189271305] [0.00050198565975699322:0.029708705204148592] [-6.5795764598266988:0.58289359397191487] [-414863.02644383919:121344.18546477477] [152144:6161268] [12.51586456957032:1073.1554712918908] [-0.33382759238393778:0.8768424828297523] [-0.029011813819852964:0.026209351931648178] [0.17917490989228085:8.150433863579746] [-17.640000000000001:24.859999999999999] [0:30374.000000000073] [-5.4772255750516701:5.0258428426019996] [7.1417041269969607e-17:19.770253581632318] [-0.23386323847009061:0.19052471618843292] [-0.11984050283657066:0.093827657101993367] [-0.1796662632195084:0.17397425583266291] [-7575.2480668325461:0] [-58.122415431031989:156.45242140692821] [-2.0836522372647459:6.9859947436689716] [0.46666666666666667:1]
tree_sizes=13361

Tree=0
num_leaves=125
num_cat=0
split_feature=26 5 8 19 5 26 12 1 14 13 3 5 3 23 5 5 19 12 14 5 0 1 24 2 10 15 18 0 10 18 2 10 24 4 10 15 8 0 13 8 24 10 11 0 3 11 19 14 6 15 14 19 10 0 11 10 1 23 23 22 15 13 19 16 22 8 8 16 12 14 12 2 23 14 23 4 15 15 23 12 22 2 8 1 22 24 2 2 6 12 15 13 13 1 24 10 1 16 22 13 10 8 24 12 15 16 1 10 5 14 8 3 14 2 23 4 23 16 8 15 14 23 16 8
split_gain=308.176 61.0109 28.1922 17.5973 10.9925 7.6346 7.5356 5.80378 5.67161 5.46668 5.41725 4.421 4.73378 4.29131 4.24826 4.11542 3.87793 3.84609 3.9974 3.8457 3.7129 3.49152 6.37438 5.92 4.18157 3.79984 3.96732 3.55432 3.45022 3.54257 3.41745 3.61773 3.3598 3.34341 3.32834 3.29335 3.88095 3.21103 3.18965 4.24457 3.76096 3.28356 3.14439 4.23863 5.22493 4.8941 3.12105 3.08934 3.06745 2.96071 2.91786 4.65195 4.15108 3.67194 2.86172 5.26216 6.51687 3.80639 5.24262 3.43575 2.94577 2.84237 3.35081 2.83963 2.81018 4.45314 2.7696 2.74069 4.65195 3.2043 2.73062 2.96373 2.66727 2.66403 2.65592 2.76082 2.55682 2.54944 7.23655 4.24781 4.06795 2.68935 2.49467 2.46034 2.71936 2.5167 2.4584 2.65625 2.41019 2.8589 2.40693 2.37952 2.84798 3.60716 2.53133 2.53115 2.35196 2.41502 2.31277 3.16793 3.49384 3.16162 4.00681 2.72615 2.28044 2.69242 3.39386 2.90854 3.05731 2.39322 2.26329 2.24533 2.23438 2.53067 2.15842 2.53127 2.23485 2.1164 2.10438 2.09111 2.07861 2.06986 2.0596 2.05047
threshold=0.8500000000000002 0.018750183107256981 0.0055459997848099195 3.0239177553147703 0.33249581239530995 0.88333333333333341 400.91418923717453 0.037659145850120875 -0.0010824205043979411 -0.11718967331482143 3.5000000000000004 0.071428571428571383 16.500000000000004 -759.70703565727933 0.19727575982209042 0.082294392283618054 7.0777230178805155 54.38363254775718 -0.0010824205043979411 0.0426669700762317 -0.25417462155828408 -0.15569680228241609 -7.1379241548938372 -0.082388071287912798 -4.5638294036038989 0.50704155684071306 -1.5350137174083727 -0.34711532896189501 1624.8313242561992 -5.3303869029062172 -0.024687411487560592 477.39326731489001 -4.2941197179600952 0.15000000000000011 1624.8313242561992 0.32594312478194803 0.0018033005057667862 0.42912951886914458 -0.026590660076776958 0.010179225212717335 0.17926201017394566 -26.238379585126747 263012.00000000006 0.1527842973626107 6.5000000000000009 257067.00000000003 1.9410504902131076 -0.00021076268891356947 1.7500000000000002 0.43486640894143208 0.00058940599040831567 3.1027377489158859e-16 -91.059203529648229 0.077695306315583537 226991.00000000003 26.246442724929455 0.0071481471504427638 -1156.8905154378433 -681.73147421354622 -0.012409309678419354 0.51769432937591719 -0.0056868919876010829 1.7367116421980282 -0.92000000000000071 0.0054279295986127138 0.0028988244197147967 0.0091258554482115308 0.33000000000000101 151.45387252120096 -8.023059220434174e-05 369.54740235782862 -0.075493484484968718 -22.732594956868962 -0.00021076268891356947 -179.86138599610857 0.14999999999999999 0.42789404816653387 0.85803950012073649 -497.1992761647362 204.72418890608012 -0.0011527896380017497 -0.14449519404976183 0.001859152774002826 0.17801074982704493 0.030471545539022652 8.5685628041259267 0.12422487217967283 0.18103110801731184 7.2500000000000009 213.06185178996336 0.3902068131903495 0.05143119462487012 -0.0065413557651526335 -0.1096709545115586 -1.8884621101132215 114.63246871823087 0.23624539066943076 -0.83999999999999886 0.030471545539022652 0.052885038821470338 -152.21112541968463 0.0017489569454517153 -1.8884621101132215 276.54925454746638 0.68168401384729937 0.4650000000000008 0.077543687458399582 -34.979889338401719 0.12926433047110705 0.00050253498112541074 0.010043095977934888 16.500000000000004 0.00086767417528827654 -0.012440293169286519 -19.241572394348328 0.2999999999999981 -105.51025358170858 -0.38999999999999962 0.0034668601640938331 0.95975338276323918 -0.00068539727158818664 -164.64292671411761 -0.79500000000000159 0.011042365421325575
decision_type=10 10 10 10 10 10 10 2 2 8 2 10 2 10 10 10 10 10 2 10 2 2 10 2 10 2 10 2 8 10 2 8 10 10 8 2 10 2 10 10 8 8 2 2 2 2 10 2 2 2 2 8 10 2 2 10 2 8 10 2 2 10 10 2 2 10 8 2 8 2 10 2 8 2 10 10 2 2 8 8 2 2 10 2 2 10 2 2 2 8 2 10 10 2 10 8 2 2 2 8 10 10 10 10 2 2 2 8 8 2 10 2 2 2 10 10 10 2 8 2 2 10 2 10
left_child=1 7 4 6 8 46 17 42 28 -9 -6 12 114 32 19 16 91 -3 34 117 -16 25 73 24 -24 90 111 -25 29 88 -11 49 -10 -34 -19 -21 63 98 40 41 -13 -40 43 45 -45 66 -4 48 -8 -32 51 -22 -52 -54 55 60 110 -56 59 -59 61 62 -29 -37 121 -66 -1 68 -60 -70 71 -48 -49 120 -42 -76 -71 81 -79 80 -80 -38 -53 84 104 -85 -51 -88 89 -2 -20 92 93 -5 -94 -95 97 -73 99 100 -31 -102 103 -103 105 106 107 108 112 -106 -57 -27 -83 -114 115 116 -7 -15 -81 -117 -23 -12 -17 -61
right_child=2 3 5 15 10 11 47 9 13 30 64 38 -14 14 20 122 -18 18 21 35 50 22 23 27 -26 26 -28 54 -30 37 31 -33 33 -35 -36 36 77 -39 39 -41 74 -43 -44 44 -46 -47 70 72 -50 86 52 82 53 -55 57 56 -58 58 67 123 -62 -63 -64 -65 65 -67 -68 -69 69 76 -72 96 -74 -75 75 -77 -78 78 79 118 -82 83 -84 85 -86 -87 87 -89 -90 -91 -92 -93 94 95 -96 -97 -98 -99 -100 -101 101 102 -104 -105 109 -107 -108 -109 -110 -111 -112 -113 113 -115 -116 119 -118 -119 -120 -121 -122 -123 -124 -125
leaf_value=-0.017861580502508717 0.11788256052030056 0.038656011830687752 -0.061770959133226638 0.11011108928830332 -0.084922698794889243 -0.0080432607843842398 0.066778437435777854 0.0038721449293098072 -0.088613618074284417 -0.011914360979886266 0.013719869703376927 0.091527603779450656 0.091110540626461914 -0.028492951135396904 0.093894123510377014 0.082227461874010491 0.068157151671901228 -0.078328341992819059 0.0088928643513367447 0.010690330037333443 0.12751813410114712 -0.087906557292949147 0.12920793778697887 0.056910699755112287 -0.020222257158974064 0.11631026413965588 -0.072223502186451446 -0.13729846481458988 0 -0.019743602948781084 -0.024717230328724655 0.012680911927844632 0.097377807240204686 -0.012247045989262184 0.03742125075813673 0.052345063952017837 -0.0028592555904011449 0 0.082071345754639688 -0.069024122768521504 0.054236191814425079 0 -0.133215612860452 0.019934304373237219 -0.096626833336371412 -0.018402629613183213 0.068587694098437457 0.13749833693132782 -0.10017208047536669 -0.12252801828554886 -0.059084809471265119 -0.037597809106028078 -0.011133627536367909 0.085585644845998024 -0.12738136615271564 -0.10006770665387676 0.10785843358691677 -0.06341021234787092 0.12250737740317594 0.13615441640556794 -0.065949519570696252 0.10677398958327898 0.044482643396127529 0.1049565601857424 0.039900341309651137 -0.059251486188409405 -0.1221698276863241 -0.11056461332102628 0.049675100558364597 0.002157598893128576 0.078039924637541253 0.016134256256898828 -0.011534547838865516 -0.10819313460284551 0.046064039452372418 -0.1064214121804283 -0.11539023698057227 0.10376725738827845 -0.07094637248064084 0.07406038641312393 0.028295861322597985 0.10723790623574139 0.046378657590037585 -0.056904336060415187 0.0018666387881715119 0.063413837254037972 -0.038699189168800767 -0.12337859191155205 0.12459928067086848 0.035879302178854294 -0.12772474318441326 0.048199172571376986 -0.10086062881234169 -0.0020862857720128944 -0.016702499430368188 -0.1114844086895934 0.055062487654523526 -0.067173868034532833 0.11952548524902959 0.10771477263191193 0.12510858299678682 -0.040932769565937319 0.073614759103444449 0.070304389812387083 0.06649477219368545 0.10992877091539692 -0.032226794878265221 0.08658017787529973 -0.021099700101906739 0.1358598634846723 0.019162096610339702 -0.015895160555722643 -0.026071149952094481 0.10026734600751341 -0.081766783612970115 -0.12235362098962463 0.06829706504901481 0.045363545136230053 0.00072747245899232229 -0.0074892282049161324 0.051068432595714204 0.11543792587725848 0.023629242862256643 0
leaf_weight=1.5238011956680555 4.561345698311924 2.5563725670799604 8.8125186895485985 1.3237541257403833 3.0709847621619728 8.1667671469040233 1.0807254149112853 3.9263773467391729 1.6733499877154825 3.1659073997288933 2.1142748855054379 9.6933382847346365 2.4155561542138448 3.3693606508895755 4.4715897999703911 4.7437361525371662 3.2136920290067783 28.961310126353055 1.2062234720215195 5.4673261367715886 2.9225926510989675 1.1432911939918997 1.890242910012603 1.806514973985023 1.9965642108581949 2.7349101281724875 1.0974035970866678 0.96940591302700418 2.6594037795439354 2.8732261434197417 2.7534554526209858 1.5445948746055389 2.3030179347842923 3.9451760086230934 1.3228137660771633 7.7120163124054697 2.4535058140754691 3.1632736194878808 4.4460481014102697 2.6137710642069569 4.485809703823179 6.2262958982028049 25.931665440090001 3.1754674147814494 5.4426685986109078 2.9514890685677519 1.7509749294258643 2.0222852099686861 1.2269652059767393 17.830982254119593 4.5105038508772877 2.6552554555237293 5.1070331372320599 3.4426414780318737 4.3169414671137929 1.6852042991667979 2.9464830216020346 1.4891263358294962 0.79622089583426525 1.3514469424262707 12.560134049272163 1.1016884166747427 1.145178116392344 23.315607354044914 5.9698254726827127 4.0294994674623013 35.550718898884952 5.6750448364764452 1.0610688459128184 1.207337157800789 1.7645358727313567 2.3759858594275975 0.84740802971646134 10.510130358394232 1.0749497902579652 1.4203911889344452 3.9164936267770827 7.2206206200644374 4.2320485487580299 6.5586632229387734 4.4723372180014902 3.2964540757238838 6.0979196708649397 1.4909239299595349 2.5316940871998659 2.3385213036090136 5.1831098760012519 3.446466114372015 15.169360931962729 4.9432141305878767 1.4136980548501012 2.5132244396954766 4.0086784474551678 8.014200504752802 3.9212519227294278 1.3210131428204519 1.3598486958071578 7.1694328219164181 5.8515110881999126 8.29196176771074 3.8733013868332007 3.4120501275174346 12.294350695330648 1.7714377362281082 4.6873884880915266 8.0385299669578654 1.8685105005279172 16.650963217020042 3.2599954772740611 7.4638157598674297 1.5816540643572805 0.82677455060183991 2.1438857102766637 1.3449022360146043 2.4124591117724785 1.593383382074536 2.6800208736676714 5.1228111251257342 3.2442353386431941 1.9889659686014054 1.0959002268500633 2.4165256582200518 10.915940752252935 1.1631797445006666
leaf_count=59 70 77 276 73 24 340 29 41 29 41 24 316 96 90 35 183 99 961 36 112 25 27 63 49 73 110 41 31 42 49 30 19 29 86 48 51 47 46 138 96 167 202 380 37 108 34 74 72 43 311 41 19 47 33 86 40 121 44 37 54 420 42 31 178 38 37 549 155 62 47 69 73 22 284 36 42 137 92 41 51 43 70 68 18 56 56 85 78 120 76 49 94 115 343 154 39 42 241 52 123 31 56 194 38 50 134 45 317 52 112 45 38 44 26 68 58 113 151 36 65 37 32 317 49
internal_value=-0.000371334 -0.0596831 0.0469985 -0.0286504 0.0585334 0.00682847 -0.0441217 -0.100124 0.0627105 -0.0764288 0.00265764 0.0231475 -0.00389002 0.0552895 0.0579254 0.0125271 -0.00608094 -0.0485207 -0.0508238 0.0636814 0.0324699 -0.0409231 -0.0465935 -0.0343983 0.0513183 0.00625249 0.0463455 -0.0419542 0.0804581 0.0837299 -0.0858635 -0.0933137 0.00227041 0.0274561 -0.0731055 0.067056 0.0697086 0.0703518 0.0406833 0.0135459 0.0620018 0.0342529 -0.112077 -0.10069 -0.0531393 -0.110797 -0.0275309 0.0411611 -0.0199415 -0.0990845 0.0211467 0.0476471 -0.00218928 0.0272886 -0.0462321 -0.027455 0.0288834 -0.0656697 -0.0493407 0.0224567 -0.0499516 0.0110363 -0.0367687 0.0920505 0.021533 0 -0.118017 -0.0724341 -0.0406641 -0.0625688 -0.00625216 -0.0184231 0.0918976 -0.0927144 0.0202626 -0.0388656 -0.0867897 0.0613211 0.0417442 0.017254 -0.0194215 0.0699801 0.0203444 0.0733099 0.077545 0.015295 -0.106632 -0.0731524 0.106025 0.0758008 -0.0631423 -0.0176349 -0.0268103 -0.00171171 -0.0599065 -0.0181583 -0.0328721 -0.0459365 0.0761738 0.068199 0.0544455 0.064658 0.050939 -0.00194392 0.0813751 0.0718686 0.0609638 0.0676739 0.0358152 0.109555 -0.0409573 0.0843017 0.0638628 0.0213615 -0.0178355 -0.00677669 0.0104084 0.015494 0.050301 -0.0600676 -0.0178003 0.0691325 0.041718 0.075253
internal_weight=583.438 259.108 324.33 146.682 251.879 72.4511 106.706 112.427 234.278 37.8509 17.6011 49.2178 19.2572 165.413 157.492 39.9755 24.3158 101.529 98.9724 128.284 29.2075 68.6883 61.4093 48.6599 3.88681 7.27901 4.65909 44.7731 68.8644 66.205 33.9245 30.7586 7.92154 6.24819 30.2841 119.792 114.325 41.5311 29.9606 13.2861 16.6745 10.6723 74.5758 48.6441 8.61814 40.026 23.2333 5.17738 2.30769 29.214 24.7359 11.6758 13.0602 8.54967 42.9666 21.9897 6.21334 20.9769 16.6599 4.00375 15.7764 3.21627 2.11458 31.0276 14.5301 9.99932 37.0745 12.6562 6.98112 6.1849 14.4208 12.6562 2.86969 12.7493 6.98115 2.49534 5.12383 83.297 25.7279 18.5073 8.70439 57.5691 8.75318 55.1156 51.2861 3.82945 26.4606 8.62958 24.6739 9.50456 2.61992 21.1021 18.5889 10.659 7.92993 9.33521 10.9053 9.54542 38.3678 32.5163 24.2244 21.3511 17.4778 5.18349 48.7544 36.6032 28.5647 26.6962 10.0452 12.1512 3.26686 3.56168 6.78524 3.48879 16.8416 14.4291 10.8468 8.49217 9.8029 3.58235 2.23919 4.5308 15.6597 2.51463
internal_count=12497 6649 5848 4877 3336 2512 3460 1772 3181 605 155 1737 740 2284 2140 1417 917 3294 3217 1872 268 2208 1934 1586 136 274 189 1450 897 855 564 523 144 115 1009 1631 1519 589 997 436 561 340 1167 787 145 642 775 166 72 504 233 112 121 80 1401 730 206 671 585 147 524 104 62 229 131 75 608 438 283 246 499 430 94 348 245 78 184 1290 263 171 84 1027 87 980 906 74 474 163 266 146 85 818 724 455 269 382 356 314 543 491 368 319 288 94 850 688 554 509 192 162 85 148 140 70 644 576 453 241 87 123 64 56 500 103
is_linear=0
shrinkage=0.0729345


end of trees

feature_importances:
gamma_x_morning_spx_rv_annualized=10
iv_to_spot_change_ratio_1dte_close=10
morning_spx_log_return=9
morning_spx_rv_annualized=9
theta_x_atmf_iv_5dte_percentile_252d=9
VIX_5d_pct_change=7
VVIX_5d_pct_change=7
entry_bid_ask_spread_pct=7
leverage=7
morning_atmf_iv_pct_change=6
morning_vix_change=6
vega_x_VIX_5d_pct_change=6
VIX_21d_pct_change=5
rom_roll_std_30d=5
spx_5d_returns=5
days_until_next_pce=4
entry_bid_ask_spread=3
jobless_claims=3
entry_bid_ask_spread_pct_wd_rank=2
rom_roll_skew_30d=2
win_rate_30d=2

parameters:
[boosting: gbdt]
[objective: lambdarank]
[metric: ndcg]
[tree_learner: serial]
[device_type: cpu]
[data_sample_strategy: bagging]
[data: ]
[valid: ]
[num_iterations: 2000]
[learning_rate: 0.0729345]
[num_leaves: 125]
[num_threads: 4]
[seed: 20260829]
[deterministic: 1]
[force_col_wise: 0]
[force_row_wise: 0]
[histogram_pool_size: -1]
[max_depth: -1]
[min_data_in_leaf: 27]
[min_sum_hessian_in_leaf: 0.001]
[bagging_fraction: 0.917652]
[pos_bagging_fraction: 1]
[neg_bagging_fraction: 1]
[bagging_freq: 6]
[bagging_seed: 25539]
[bagging_by_query: 0]
[feature_fraction: 0.793427]
[feature_fraction_bynode: 1]
[feature_fraction_seed: 1518]
[extra_trees: 0]
[extra_seed: 10840]
[early_stopping_round: 0]
[early_stopping_min_delta: 0]
[first_metric_only: 0]
[max_delta_step: 0]
[lambda_l1: 0.0660667]
[lambda_l2: 0.0073447]
[linear_lambda: 0]
[min_gain_to_split: 0]
[drop_rate: 0.1]
[max_drop: 50]
[skip_drop: 0.5]
[xgboost_dart_mode: 0]
[uniform_drop: 0]
[drop_seed: 2781]
[top_rate: 0.2]
[other_rate: 0.1]
[min_data_per_group: 100]
[max_cat_threshold: 32]
[cat_l2: 10]
[cat_smooth: 10]
[max_cat_to_onehot: 4]
[top_k: 20]
[monotone_constraints: ]
[monotone_constraints_method: basic]
[monotone_penalty: 0]
[feature_contri: ]
[forcedsplits_filename: ]
[refit_decay_rate: 0.9]
[cegb_tradeoff: 1]
[cegb_penalty_split: 0]
[cegb_penalty_feature_lazy: ]
[cegb_penalty_feature_coupled: ]
[path_smooth: 0]
[interaction_constraints: ]
[verbosity: -1]
[saved_feature_importance_type: 0]
[use_quantized_grad: 0]
[num_grad_quant_bins: 4]
[quant_train_renew_leaf: 0]
[stochastic_rounding: 1]
[linear_tree: 0]
[max_bin: 255]
[max_bin_by_feature: ]
[min_data_in_bin: 3]
[bin_construct_sample_cnt: 200000]
[data_random_seed: 4788]
[is_enable_sparse: 1]
[enable_bundle: 1]
[use_missing: 1]
[zero_as_missing: 0]
[feature_pre_filter: 1]
[pre_partition: 0]
[two_round: 0]
[header: 0]
[label_column: ]
[weight_column: ]
[group_column: ]
[ignore_column: ]
[categorical_feature: ]
[forcedbins_filename: ]
[precise_float_parser: 0]
[parser_config_file: ]
[objective_seed: 17936]
[num_class: 1]
[is_unbalance: 0]
[scale_pos_weight: 1]
[sigmoid: 1]
[boost_from_average: 1]
[reg_sqrt: 0]
[alpha: 0.9]
[fair_c: 1]
[poisson_max_delta_step: 0.7]
[tweedie_variance_power: 1.5]
[lambdarank_truncation_level: 5]
[lambdarank_norm: 1]
[label_gain: 0,1,3,7,15]
[lambdarank_position_bias_regularization: 0]
[eval_at: 1,3]
[multi_error_top_k: 1]
[auc_mu_weights: ]
[num_machines: 1]
[local_listen_port: 12400]
[time_out: 120]
[machine_list_filename: ]
[machines: ]
[gpu_platform_id: -1]
[gpu_device_id: -1]
[gpu_device_id_list: ]
[gpu_use_dp: 0]
[num_gpu: 1]

end of parameters

pandas_categorical:[]
