tree
version=v4
num_class=1
num_tree_per_iteration=1
label_index=0
max_feature_idx=35
objective=lambdarank
feature_names=VIX_5d_pct_change atmf_iv_10dte_intraday_range atmf_iv_1dte_percentile_252d day_of_month days_until_next_pce effr_rate_1y_pct_change effr_rate_1y_percentile entry_bid_ask_spread front_roll_yield gamma_x_dte gamma_x_morning_spx_rv_annualized is_post_holiday_session iv_at_strike_minus_atmf_x_VIX_VIX9D_spread iv_to_spot_change_ratio_1dte_close jobless_claims_1y_pct_change jobless_claims_1y_percentile leverage morning_spx_directionality morning_spx_range_pct prior_day_strategy_drawdown_max_5d rom_roll_std_30d rv_iv_spread_21d spx_10d_returns spx_200dma_slope_21d_pct spx_5d_returns spx_6m_returns spx_put_call_ratio spx_realized_kurtosis_21d spx_realized_kurtosis_63d spx_realized_skew_21d spx_realized_skew_63d tail_ratio_rom_30d theta_x_atmf_iv_5dte_percentile_252d vega_x_VIX_5d_pct_change vix_z_60d win_rate_30d
feature_infos=[-0.42827256425582794:1.6965317919075145] [0.0036813882916645474:0.2613707868372882] [0:0.98412698412698407] [1:31] [0:44] [-0.96296296296296302:1.5818181818181816] [0:1] [0.049999999999999822:29.899999999999999] [-6.7375000000000007:3.25] [0:0.033556061189271305] [0.0010118266230710615:0.029708705204148592] [0:1] [-6.5795764598266988:0.49028638230010635] [-414863.02644383919:121344.18546477477] [-0.35106752265318586:14.336396120469628] [0:1] [12.51586456957032:1073.1554712918908] [-0.96250000000003355:0.99778270509972999] [0.00081068192656181268:0.047613469070574892] [0:18456.000000000062] [7.1417041269969607e-17:19.770253581632318] [-0.20960867333572764:0.42706674282561696] [-0.23386323847009061:0.10079920205521065] [-0.007486254834250583:0.018884698243887277] [-0.1796662632195084:0.17397425583266291] [-0.25222337712687204:0.23932627280847285] [0.91000000000000003:2.8700000000000001] [-1.2578955340717959:11.66503968444748] [-0.88856488743186435:15.67313192889908] [-3.020948396923655:1.0484149821590121] [-3.1111632791054764:1.3512087267635509] [0.028812255051092691:172.41379310366202] [-7575.2480668325461:0] [-30.58852086997841:156.45242140692821] [-1.9485290699982638:6.9859947436689716] [0.46666666666666667:1]
tree_sizes=1420 1853 1936 1750 1762 1951 1862 1630

Tree=0
num_leaves=12
num_cat=0
split_feature=19 7 0 10 5 20 23 5 29 14 5
split_gain=50.4552 12.4124 9.67979 4.77275 4.20733 3.17251 2.58506 1.85372 1.49997 0.857041 0.0157334
threshold=2691.0000000000177 0.27499999999999963 0.089173189146862911 0.0061532882741575376 0.89224137931034508 3.1570568875000206e-16 0.0029796954253575873 0.82533256217466744 -0.71366720036448261 0.0080933265218964285 0.40294117647058808
decision_type=8 10 2 10 2 10 2 2 2 2 2
left_child=1 4 -2 -3 5 -1 -5 -4 -8 10 -7
right_child=2 3 7 6 -6 9 8 -9 -10 -11 -12
leaf_value=0.0076492253567495526 -0.062760027445051686 0.018891961485376616 -0.023710268226951575 0.0035524043713223391 0 0.019865231880418256 -5.6008182455329182e-05 0.0022511532103865997 -0.031135096378288658 0.011858753893797225 0.042261927161008003
leaf_weight=18.782891110982746 22.82797302713152 7.2028818642720571 9.2530807335861045 7.1716088869143304 13.991923784837125 15.111256223404778 5.9632281912490752 7.7229312802664927 15.209450954105703 10.722848203498868 28.30877494905144
leaf_count=218 385 157 198 238 207 309 183 183 438 234 620
internal_value=-0.000784227 0.0140264 -0.0444231 -0.00820254 0.0233345 0.0276483 -0.0170709 -0.0123667 -0.0245073 0.0333424 0.0369341
internal_weight=162.269 122.465 39.804 35.5472 86.9177 72.9258 28.3443 16.976 21.1727 54.1429 43.42
internal_count=3370 2604 766 1016 1588 1381 859 381 621 1163 929
is_linear=0
shrinkage=0.0466545


Tree=1
num_leaves=16
num_cat=0
split_feature=10 5 35 25 7 14 22 23 7 7 24 17 19 28 29
split_gain=172.52 36.8152 19.0219 24.8445 24.0455 34.3909 20.1675 17.6485 17.4873 10.6588 8.95772 9.7249 8.38429 6.01122 1.96212
threshold=0.01519712305856992 0.87555260831122927 0.88333333333333341 0.045777361773096888 0.10000000000000007 -0.03370475627083213 0.0095634957919729108 0.0032075794315118426 0.19999999999999954 0.34999999999999981 -0.0076515677067648937 0.42963477639945574 1620.9999999999902 2.0237478903342496 -0.23156609798930347
decision_type=8 2 10 2 10 2 2 2 10 10 2 2 10 2 2
left_child=2 13 3 6 5 -4 12 -6 -5 -10 -9 14 -1 -2 -12
right_child=1 -3 4 8 7 -7 -8 10 9 -11 11 -13 -14 -15 -16
leaf_value=0.041194870146769917 -0.068946305568081928 -0.0075307675732657576 0.023817212904573986 0.014702692373339188 0.00687602240928373 -0.025220491992589123 -0.013370098419950587 0.015442698006995971 -0.035762646303317151 -0.0043112575695207385 0.065275966244811079 0.020686846546661104 0.0093715863509103697 -0.035589922277007441 0.037352694739812731
leaf_weight=47.531521605327725 68.925578327849507 43.760194785892963 63.306879764422774 34.924297779798508 72.53795587643981 54.99304399266839 31.403932355344296 45.566503468900919 53.496611649170518 44.766176532488316 33.776812355965376 40.779545832425356 35.099414671771228 33.732254405505955 39.513162040151656
leaf_count=268 338 136 197 132 303 148 233 164 302 269 147 158 215 157 203
internal_value=1.33414e-05 -0.044757 0.011207 0.00116339 0.0181496 0.000769027 0.0169684 0.0267726 -0.0122879 -0.0222718 0.0353473 0.0424378 0.0288329 -0.059672 0.0528103
internal_weight=744.114 146.418 597.696 247.222 350.474 118.3 114.035 232.174 133.187 98.2628 159.636 114.07 82.6309 102.658 73.29
internal_count=3370 631 2739 1419 1320 345 716 975 703 571 672 508 483 495 350
is_linear=0
shrinkage=0.0466545


Tree=2
num_leaves=17
num_cat=0
split_feature=35 0 7 17 1 5 20 20 10 25 8 29 5 13 26 6
split_gain=122.306 21.804 14.1882 19.8984 13.6556 12.5758 13.9569 10.6943 12.9526 12.7636 9.96846 9.10687 8.0414 7.67637 4.86921 1.504
threshold=0.65000000000000002 0.075193025528865878 0.20000000000000015 0.69005248777679318 0.014189955440861679 0.89224137931034508 5.2763230106151632e-16 3.5588655631614494 0.0062642541403273499 0.052592542001198901 0.17582417582417584 -0.38554293826698099 0.40294117647058808 -23.890404444198982 1.7250000000000003 0.88293650793650802
decision_type=10 2 10 2 8 2 10 8 10 2 2 2 2 8 2 2
left_child=1 -1 3 5 10 6 -2 8 -6 12 15 14 -10 -13 -8 -4
right_child=2 -3 4 -5 7 -7 11 -9 9 -11 -12 13 -14 -15 -16 -17
leaf_value=-0.061410286984784838 0 -0.015597497110436979 -0.039301577745348974 -0.0140870458480018 0.024367631181068408 -0.0022215919815311352 0.057502456842111804 0.025521601371011591 0.024583272057468578 -0.032734780099054159 0.008392537948933243 0.0076222254260563246 -0.010466470998733005 0.033188283240798436 0.026273068910068118 -0.014688546016370957
leaf_weight=63.625628176610917 38.189411224797368 40.895768964663148 21.038038557395339 37.246909186244011 30.210054878145456 40.269651776179671 35.50936721265316 48.410915026441216 20.874921462498605 29.47748047998175 19.385518628172576 56.270892508327961 30.622229284606874 53.637336228042841 34.831005867570639 20.278088444843888
leaf_count=358 204 172 159 156 127 137 167 285 127 236 184 222 272 245 154 165
internal_value=0.000432772 -0.0447372 0.00985125 0.0164693 0.000745641 0.0210788 0.0254447 0.00800439 0 -0.0098985 -0.0174061 0.0307825 0.00396436 0.0209118 0.0442449 -0.0297374
internal_weight=620.773 104.521 516.252 295.955 220.297 258.708 218.438 159.596 111.185 80.9746 60.7016 180.249 51.4972 109.908 70.3404 41.3161
internal_count=3370 530 2840 1285 1555 1129 992 1047 762 635 508 788 399 467 321 324
is_linear=0
shrinkage=0.0466545


Tree=3
num_leaves=15
num_cat=0
split_feature=35 0 7 10 7 15 21 21 10 22 14 0 15 29
split_gain=87.2722 21.2912 13.3061 21.0557 14.9632 11.332 8.64547 10.7678 15.7452 8.11437 9.35248 5.37992 4.89154 0.735166
threshold=0.65000000000000002 0.079026353333871771 0.19999999999999954 0.0047712246040930049 0.10000000000000007 0.21626984126984131 -0.055860179704005523 -0.012218161097703724 0.0064508822035377047 0.010321290468400581 -0.040284683266376679 0.050524833589349678 0.48214285714285721 -0.24174700021109805
decision_type=10 2 10 10 10 2 8 10 10 2 2 2 2 2
left_child=1 -1 3 4 -2 -5 -4 8 -8 12 -11 -10 -9 -7
right_child=2 -3 6 5 -6 13 7 9 11 10 -12 -13 -14 -15
leaf_value=-0.060825110503462315 -0.013524171640496322 -0.011151243349003971 0.025998906890582364 0.0073238109212151615 0.017934801362273191 0.054404642301107288 0.010740960091493796 0.025244910940320081 -0.041553922134104568 -0.024700375681601217 0.0091440987955228158 -0.0096979370434680991 0 0.03097342944021177
leaf_weight=50.043228790163994 55.604477902874351 33.678302435204387 23.60045512765646 29.832058498635888 70.481695925816894 28.32615964114666 31.121691204607487 45.923086022026837 30.497882314957678 27.841303084976971 37.257548635825515 24.843814989551902 26.172336203977466 35.861723903566599
leaf_count=366 246 164 184 146 262 182 129 281 251 276 255 245 170 213
internal_value=0.000564687 -0.0423019 0.00853837 0.0167965 0.00389591 0.0331348 0.000970502 -0.00191628 -0.0145837 0.00606398 -0.00550181 -0.0290097 0.0165868 0.0438368
internal_weight=551.086 83.7215 467.364 220.106 126.086 94.0199 247.258 223.658 86.4634 137.194 65.0989 55.3417 72.0954 64.1879
internal_count=3370 530 2840 1049 508 541 1791 1607 625 982 531 496 451 395
is_linear=0
shrinkage=0.0466545


Tree=4
num_leaves=15
num_cat=0
split_feature=35 0 7 28 10 33 14 17 16 33 8 25 22 25
split_gain=66.9966 17.9538 8.41258 14.4903 13.2571 15.5848 13.7546 11.5805 10.5007 10.4656 7.80418 3.00556 2.79808 0.824933
threshold=0.65000000000000002 0.079026353333871771 0.29999999999999943 1.0241375611930323 0.0040179410323415857 1.9852730692881824 -0.092099005502379969 -0.33578979623106014 202.52064434877875 -0.14007277688794786 0.33333333333333309 0.10531544207074041 0.0017515547853256266 0.038203737337393469
decision_type=10 2 10 2 10 10 2 2 10 10 2 2 2 2
left_child=1 -1 4 -4 6 10 -2 -5 -8 -9 11 -6 -7 -11
right_child=2 -3 3 7 5 12 8 9 -10 13 -12 -13 -14 -15
leaf_value=-0.058253210313626867 0.022503584244352497 -0.0095336715912297549 -0.031203720890483021 -0.014520235526468736 0.040305961503699979 -0.013341499420360343 0.0043552336896493897 -0.0014926995164393569 -0.030352738971748131 0.039802661334869212 0.0058881878102213315 0.017665875166609179 0.0077439583442304389 0.017136058418715933
leaf_weight=43.191774185281247 32.217174132354558 29.768098183907568 25.682675177697092 38.301932929083705 67.992732061073184 23.847905924543738 35.392090506851673 38.695827311836183 33.727237837389112 20.31763113848865 31.13021423202008 30.85102169867605 23.347249497659504 20.503261663019657
leaf_count=366 152 164 308 268 465 124 130 290 236 147 192 169 188 171
internal_value=0.00024221 -0.0399643 0.0075069 -0.0015161 0.0121988 0.0197873 -0.00106159 0.00545385 -0.0128904 0.0155458 0.0279627 0.0342724 -0.00264232 0.0310951
internal_weight=494.967 72.9599 422.007 143.501 278.506 177.169 101.337 117.819 69.1193 79.5167 129.974 98.8438 47.1952 40.8209
internal_count=3370 530 2840 1184 1656 1138 518 876 366 608 826 634 312 318
is_linear=0
shrinkage=0.0466545


Tree=5
num_leaves=17
num_cat=0
split_feature=19 0 12 12 33 6 0 32 14 13 7 3 26 4 27 22
split_gain=62.5879 21.5026 10.2343 7.47525 12.4925 12.4139 10.0025 7.73612 8.53977 5.98232 6.94957 5.59588 5.33591 5.05526 4.85085 2.30874
threshold=2214.7499999999995 0.075193025528865878 -0.00096975824302929887 0.010166867604933936 -2.0285813110473239 0.77579365079365092 -0.028015581168878364 -353.15489584722349 -0.030578731832913816 31.383814956634435 0.89999999999999913 22.500000000000004 1.7150000000000001 8.5000000000000018 0.22388799905360143 0.0014659200556887966
decision_type=8 2 10 10 10 2 2 10 2 8 8 2 2 2 2 2
left_child=2 15 13 6 5 -5 7 -4 -9 10 -3 -8 -6 -1 -15 -2
right_child=1 9 3 4 12 -7 11 8 -10 -11 -12 -13 -14 14 -16 -17
leaf_value=0.033569366285360371 -0.026909061903559281 0 0.030887504358993675 -0.022994485843529647 0.041269266332063868 0.014851086193842669 -0.02607875496670508 -0.018352407973221501 0.018817277047555304 0.0059698945093650917 -0.036158351537615235 0.0028197347876611199 0.013032670470825226 0.024360344794791284 -0.0018924157880890894 -0.064354548203698625
leaf_weight=50.160537403076887 15.808775358833371 20.328862637281418 20.629935822449625 29.128527869470417 29.025105615146458 41.490652833133936 38.490825648419559 26.207127685658634 21.205939695239067 24.751358220353723 24.506855515763164 19.444102670997381 41.338224123232067 26.650250501930714 27.434464663267136 26.341957255732268
leaf_count=253 155 200 180 159 221 261 303 225 142 127 162 167 282 144 170 250
internal_value=0.00142064 -0.0286272 0.0107011 0.00561002 0.0128894 -0.000788916 -0.00248486 0.00925058 -0.00113828 -0.0112801 -0.021024 -0.0163881 0.0263348 0.0229475 0.0113179 -0.0538262
internal_weight=482.944 111.738 371.206 266.96 140.983 70.6192 125.978 68.043 47.4131 69.5871 44.8357 57.9349 70.3633 104.245 54.0847 42.1507
internal_count=3401 894 2507 1940 923 420 1017 547 367 489 362 470 503 567 314 405
is_linear=0
shrinkage=0.0466545


Tree=6
num_leaves=16
num_cat=0
split_feature=19 24 20 29 7 12 2 18 19 10 12 33 8 16 2
split_gain=47.3952 19.8977 8.70271 7.434 7.37803 7.76845 7.50463 9.8328 7.32312 6.9518 8.24386 7.90709 5.86901 3.2255 2.22834
threshold=3038.500000000005 -0.0047044397907936566 3.497073808406626 -0.39767439666920962 0.27499999999999963 0.0015519779950554482 0.78769841269841279 0.0031683369598099393 7662.4999999999782 0.0038866008305361824 0.0093816219837508288 -2.234635656931689 0.13999999999999999 212.43301295718928 0.53968253968253976
decision_type=8 2 10 2 10 10 2 2 8 10 10 10 2 10 2
left_child=2 8 4 -4 5 -1 7 13 -2 -7 12 -12 -11 -6 -9
right_child=1 -3 3 -5 6 9 -8 14 -10 10 11 -13 -14 -15 -16
leaf_value=0.026211427682179708 -0.028051019653215849 -0.054515896955533952 0.0081766820848628123 0.034894313234319144 0.016810382214991166 -0.011042160731966998 0.01338864438821015 -0.01283122715971606 0.0036632754301996226 0.010995999765007423 0.001376818124151917 0.037590207325604377 -0.021870825613141961 -0.0093794547337334427 -0.044576724000366767
leaf_weight=45.212839375250041 23.34408921469003 33.891824499238282 55.127074989955872 43.229517507366836 15.496108177118002 41.450221584178507 26.714696202427149 15.077439330518247 34.881476161070168 21.461439104750752 24.606361252255738 29.358241879381239 18.787906026467681 18.388579143211246 15.373716162517665
leaf_count=277 199 335 304 230 113 268 187 173 225 194 165 219 139 227 146
internal_value=0.00164492 -0.0276459 0.00917499 0.0209053 0.00464704 0.0100833 -0.00588777 -0.0144925 -0.00952072 0.00404296 0.0110627 0.0225189 -0.00433044 0.00242685 -0.0323597
internal_weight=462.402 92.1174 370.284 98.3566 271.928 180.877 91.0505 64.3358 58.2256 135.664 94.2139 53.9646 40.2493 33.8847 30.4512
internal_count=3401 759 2642 534 2108 1262 846 659 424 985 717 384 333 340 319
is_linear=0
shrinkage=0.0466545


Tree=7
num_leaves=14
num_cat=0
split_feature=19 0 20 19 2 3 3 33 10 20 32 22 22
split_gain=39.519 17.2986 6.61909 6.73731 6.60995 6.1764 5.53044 4.91712 3.92359 5.41973 7.90558 2.35773 2.23701
threshold=2281.4999999999923 0.075193025528865878 2.2528156595500879 480 0.81150793650793662 9.5000000000000018 8.5000000000000018 -4.2495590739152211 0.010113417607887164 0.26118766510263947 -205.26202357470558 0.0012418818983719329 0.0064227567861478993
decision_type=8 2 10 10 2 2 2 10 10 10 10 2 2
left_child=2 11 3 6 -3 -4 -1 -7 9 -8 -11 -2 -9
right_child=1 4 5 -5 -6 7 8 12 -10 10 -12 -13 -14
leaf_value=0.023788898185339968 -0.022126717995396578 0.0040772259307249176 0.00061561319100381009 -0.018566894848710044 -0.025237864561953736 0.0050892487873181276 -0.0046645920101071646 0.036515871014943531 -0.013190596775659678 -0.0033598816897060747 0.030435295994724377 -0.059831235780760897 0.017595980927048973
leaf_weight=30.799175179563463 14.133688048692418 39.141357456333935 42.47537632426247 22.379271220881492 23.795738723594695 33.620000918395817 46.957186130806804 40.457210315391421 24.24342720489949 23.707977060228586 31.20347345340997 20.407115662936121 48.50693033542484
leaf_count=278 149 303 305 210 183 247 276 225 292 183 213 249 288
internal_value=0.00243134 -0.0232388 0.00991706 0.00344437 -0.00738225 0.0166051 0.00704755 0.0218021 0.00227403 0.00647223 0.0161035 -0.0483238 0.0274589
internal_weight=441.828 97.4779 344.35 179.291 62.9371 165.06 156.911 122.584 126.112 101.869 54.9115 34.5408 88.9641
internal_count=3401 884 2517 1452 486 1065 1242 760 964 672 396 398 513
is_linear=0
shrinkage=0.0466545


end of trees

feature_importances:
entry_bid_ask_spread=10
VIX_5d_pct_change=8
gamma_x_morning_spx_rv_annualized=8
prior_day_strategy_drawdown_max_5d=7
effr_rate_1y_pct_change=6
rom_roll_std_30d=6
spx_10d_returns=6
jobless_claims_1y_pct_change=5
spx_realized_skew_21d=5
vega_x_VIX_5d_pct_change=5
iv_at_strike_minus_atmf_x_VIX_VIX9D_spread=4
spx_6m_returns=4
win_rate_30d=4
atmf_iv_1dte_percentile_252d=3
day_of_month=3
front_roll_yield=3
morning_spx_directionality=3
effr_rate_1y_percentile=2
iv_to_spot_change_ratio_1dte_close=2
jobless_claims_1y_percentile=2
leverage=2
rv_iv_spread_21d=2
spx_200dma_slope_21d_pct=2
spx_5d_returns=2
spx_put_call_ratio=2
spx_realized_kurtosis_63d=2
theta_x_atmf_iv_5dte_percentile_252d=2
atmf_iv_10dte_intraday_range=1
days_until_next_pce=1
morning_spx_range_pct=1
spx_realized_kurtosis_21d=1

parameters:
[boosting: gbdt]
[objective: lambdarank]
[metric: ndcg]
[tree_learner: serial]
[device_type: cpu]
[data_sample_strategy: bagging]
[data: ]
[valid: ]
[num_iterations: 2000]
[learning_rate: 0.0466545]
[num_leaves: 196]
[num_threads: 4]
[seed: 20260825]
[deterministic: 1]
[force_col_wise: 0]
[force_row_wise: 0]
[histogram_pool_size: -1]
[max_depth: -1]
[min_data_in_leaf: 156]
[min_sum_hessian_in_leaf: 0.001]
[bagging_fraction: 0.689208]
[pos_bagging_fraction: 1]
[neg_bagging_fraction: 1]
[bagging_freq: 5]
[bagging_seed: 15314]
[bagging_by_query: 0]
[feature_fraction: 0.999756]
[feature_fraction_bynode: 1]
[feature_fraction_seed: 3569]
[extra_trees: 0]
[extra_seed: 27901]
[early_stopping_round: 0]
[early_stopping_min_delta: 0]
[first_metric_only: 0]
[max_delta_step: 0]
[lambda_l1: 0.48393]
[lambda_l2: 3.35521]
[linear_lambda: 0]
[min_gain_to_split: 0]
[drop_rate: 0.1]
[max_drop: 50]
[skip_drop: 0.5]
[xgboost_dart_mode: 0]
[uniform_drop: 0]
[drop_seed: 29628]
[top_rate: 0.2]
[other_rate: 0.1]
[min_data_per_group: 100]
[max_cat_threshold: 32]
[cat_l2: 10]
[cat_smooth: 10]
[max_cat_to_onehot: 4]
[top_k: 20]
[monotone_constraints: ]
[monotone_constraints_method: basic]
[monotone_penalty: 0]
[feature_contri: ]
[forcedsplits_filename: ]
[refit_decay_rate: 0.9]
[cegb_tradeoff: 1]
[cegb_penalty_split: 0]
[cegb_penalty_feature_lazy: ]
[cegb_penalty_feature_coupled: ]
[path_smooth: 0]
[interaction_constraints: ]
[verbosity: -1]
[saved_feature_importance_type: 0]
[use_quantized_grad: 0]
[num_grad_quant_bins: 4]
[quant_train_renew_leaf: 0]
[stochastic_rounding: 1]
[linear_tree: 0]
[max_bin: 255]
[max_bin_by_feature: ]
[min_data_in_bin: 3]
[bin_construct_sample_cnt: 200000]
[data_random_seed: 4775]
[is_enable_sparse: 1]
[enable_bundle: 1]
[use_missing: 1]
[zero_as_missing: 0]
[feature_pre_filter: 1]
[pre_partition: 0]
[two_round: 0]
[header: 0]
[label_column: ]
[weight_column: ]
[group_column: ]
[ignore_column: ]
[categorical_feature: ]
[forcedbins_filename: ]
[precise_float_parser: 0]
[parser_config_file: ]
[objective_seed: 9445]
[num_class: 1]
[is_unbalance: 0]
[scale_pos_weight: 1]
[sigmoid: 1]
[boost_from_average: 1]
[reg_sqrt: 0]
[alpha: 0.9]
[fair_c: 1]
[poisson_max_delta_step: 0.7]
[tweedie_variance_power: 1.5]
[lambdarank_truncation_level: 5]
[lambdarank_norm: 1]
[label_gain: 0,1,3,7,15]
[lambdarank_position_bias_regularization: 0]
[eval_at: 1,3]
[multi_error_top_k: 1]
[auc_mu_weights: ]
[num_machines: 1]
[local_listen_port: 12400]
[time_out: 120]
[machine_list_filename: ]
[machines: ]
[gpu_platform_id: -1]
[gpu_device_id: -1]
[gpu_device_id_list: ]
[gpu_use_dp: 0]
[num_gpu: 1]

end of parameters

pandas_categorical:[]
