tree
version=v4
num_class=1
num_tree_per_iteration=1
label_index=0
max_feature_idx=30
objective=lambdarank
feature_names=VIX_21d_pct_change VIX_5d_pct_change atmf_iv_10dte_intraday_range days_until_next_pce entry_bid_ask_spread entry_bid_ask_spread_pct entry_bid_ask_spread_pct_wd_rank front_roll_yield gamma_x_dte gamma_x_morning_spx_rv_annualized iv_at_strike_minus_atmf_x_VIX_VIX9D_spread iv_term_slope_5d_30d iv_to_spot_change_ratio_1dte_close leverage morning_atmf_iv_pct_change morning_spx_log_return morning_spx_range_pct morning_spx_rv_annualized morning_vix_change prior_day_strategy_drawdown_max_5d rom_roll_skew_30d rom_roll_std_30d spx_10d_returns spx_1d_returns spx_5d_returns theta theta_x_atmf_iv_5dte_percentile_252d vega vega_x_VIX_5d_pct_change vix_z_60d win_rate_30d
feature_infos=[-0.52839210998206809:4.8438162544169607] [-0.42827256425582794:1.6965317919075145] [0.0036709204201514634:0.2613707868372882] [0:44] [0.049999999999999822:29.899999999999999] [0.0067796610169492486:1.9560439560439562] [1:8.5] [-6.7375000000000007:4.8832999999999984] [0:0.033556061189271305] [0.00050198565975699322:0.029708705204148592] [-6.5795764598266988:0.58289359397191487] [-0.50666580450779986:0.067287322754047196] [-414863.02644383919:121344.18546477477] [12.51586456957032:1073.1554712918908] [-0.33382759238393778:0.8768424828297523] [-0.029011813819852964:0.026209351931648178] [0.00070837031052892977:0.047613469070574892] [0.17917490989228085:8.150433863579746] [-17.640000000000001:24.859999999999999] [0:30374.000000000073] [-5.4772255750516701:5.0258428426019996] [7.1417041269969607e-17:19.770253581632318] [-0.23386323847009061:0.19052471618843292] [-0.11984050283657066:0.093827657101993367] [-0.1796662632195084:0.17397425583266291] [-7697.42948726533:-96.192032199531141] [-7575.2480668325461:0] [10.153572579096968:166.46298008069991] [-58.122415431031989:156.45242140692821] [-2.0836522372647459:6.9859947436689716] [0.46666666666666667:1]
tree_sizes=7048 9147 9210 8335 8571 8863 9082 8823 8264 8159

Tree=0
num_leaves=66
num_cat=0
split_feature=9 28 6 25 25 26 4 4 25 23 8 15 25 24 23 23 19 0 2 22 18 14 14 7 14 4 12 2 12 1 14 6 24 19 12 0 11 12 11 12 0 9 25 6 12 9 12 2 2 20 25 0 7 25 14 2 11 14 15 0 0 9 7 7 12
split_gain=216.442 43.7778 25.1545 12.7792 11.4061 6.9092 6.80079 6.48902 5.09512 5.69876 4.24313 3.96927 3.87763 3.81503 3.4562 3.09841 2.98214 2.89461 3.63598 2.71302 2.66735 2.6392 2.20679 2.10998 2.06256 2.02661 1.97203 6.19783 1.85736 1.77478 1.71003 1.68031 1.60873 1.5717 1.53832 1.53705 1.53465 1.49816 1.21284 1.17113 1.11022 1.0449 1.13939 1.00946 0.979715 0.963597 1.43496 1.38578 1.62461 0.947926 0.916887 0.93161 0.890864 0.888875 0.827867 0.674173 0.638956 0.618814 0.598954 4.04473 0.832345 0.493657 0.360119 0.227694 0.0310791
threshold=0.0069526919808571138 -31.469979439285584 4.2500000000000009 -217.8833632646315 -724.37037019045658 -447.2808312793581 0.29999999999999943 0.14999999999999999 -906.28734484961444 -0.00058091904176715825 0.0028234949058728036 -0.00017801464309187413 -926.50213414242876 0.0036589009084078143 -0.0033996318738487847 0.0056865864647690509 3848.2500000000077 0.42912951886914458 0.017589161047809321 0.033229817008741731 0.74500000000000022 0.0010887781105475283 -0.0013127644934970981 0.5771750000000001 -0.02723552753878122 0.32500000000000023 17.89685272391857 0.033811137346027233 -137.72002379790092 0.077543687458399582 -0.062788049643434971 5.7500000000000009 -0.0026889514739911742 147.99999999998377 -26.238379585126747 0.01412132877300354 0.0049147184238411976 127.14129723816261 -0.00073839936388112027 95.850072641574386 -0.045322895509499299 0.0052824765264361034 -477.22194620196575 6.2500000000000009 -7.865379294881639 0.0021206214701339561 -115.70894531021202 0.015489328999861616 0.0092262872216897999 -2.6666418889295405 -566.56131218682356 0.1633902186809765 0.060398574561403538 -1212.5346262119276 -0.01247926636608304 0.025419621281619179 0.018967792224279332 0.0040129910958990331 0.0005620106748352859 0.29569213184491722 0.14438330719501549 0.0055794932330869166 0.115055 0.10540121212121219 -111.04085133449148
decision_type=8 10 2 10 10 10 10 10 10 2 10 2 10 2 2 2 10 2 10 2 2 8 8 2 8 8 8 10 8 2 10 2 2 10 10 2 10 8 10 8 2 10 8 2 10 10 8 10 8 8 10 2 2 10 10 10 10 10 2 2 2 10 2 2 8
left_child=2 29 8 7 5 12 13 11 9 20 23 28 17 32 -10 22 36 18 35 31 -1 30 56 26 49 40 41 39 -4 -2 -19 58 -6 45 -26 44 -7 50 -14 -28 -8 42 -9 -30 -3 -13 -47 48 -48 -15 51 57 -27 -43 -11 -31 -16 -12 63 60 -60 -22 -21 -20 -38
right_child=1 4 3 -5 6 16 25 10 14 54 37 33 38 24 15 -17 -18 21 19 62 61 -23 -24 -25 34 52 27 -29 43 55 -32 -33 -34 -35 -36 -37 64 -39 -40 -41 -42 53 -44 -45 -46 46 47 -49 -50 -51 -52 -53 -54 -55 -56 -57 -58 -59 59 -61 -62 -63 -64 -65 -66
leaf_value=0.058024649309967362 -0.10170241789777452 -0.051121438765064996 0.045685594264078963 -0.007185833468003994 0.024299967424295216 -0.0072220410885187958 -0.082073325090292998 0.084755026841174461 0.070573661410050434 -0.017944476109441464 0 0.073351535419886205 0.044311611245546167 0.10220757980040944 -0.0042307073735717137 0.043466067892345112 0 0 -0.085244948414129079 0.009022079791446631 0 -0.04142273371453175 0.014366649793897623 0 0.057798300861268199 -0.025567599805393894 0.023111142824521872 -0.015467613598397474 0.051779217157073502 -0.041256978577424899 0.072371938573989658 -0.0044602200011052496 -0.046095058890253303 0.016862925487724799 -0.0058726280143134709 0.033198158995793051 -0.043234265439348399 0.04160830870260241 -0.0019377963934926537 0.080890702452431101 -0.0051297594855485486 0 0.037472813460057611 0.097482695354829701 0 0.0096859761941248696 0.05934218071643773 0.070480260664934957 0.0038415336603640818 0.019381572208507673 0.01922309705756833 0.0048805072337869144 0.02623521577635525 0.049186584748272352 -0.081783356045717501 -0.084571834738562085 -0.061992820927438706 -0.053548572114091052 -0.028120953656588548 -0.10043507403294398 0.018644517148099202 -0.036614676755923344 -0.019647310352714015 -0.043027807530464937 -0.086510516203989057
leaf_weight=2.8603895329870301 56.435238861478865 2.6035037012770772 9.5936428522691113 14.219768948853014 2.0770581038668752 2.6406077714636984 3.4846019493415952 16.028988315723836 3.8305582832545069 3.1456352416425943 2.7522543071536347 20.495132675394416 3.5678962590172887 4.5455184360034764 3.144112950656563 5.065245382487773 2.6632847047876558 2.6966250101104379 11.542457579169431 2.7144214026629916 2.4234304511919618 3.3193733426742256 3.891185224521907 4.3928962387144557 2.1911926348693669 2.9240313102491209 5.2095466535538408 6.9302348652854553 7.2343185399658969 8.3499764078296739 2.4039261285215598 4.0060085449367753 2.7588863074779573 7.7325078300200394 3.1385895712301117 3.4688716223463416 4.5928745213896036 3.9337574245873865 3.6302943667396894 6.8395649138838062 2.6439843634143445 2.9597103465348482 7.1664416100829937 32.06849040556699 2.68307216465473 6.3680540984496474 5.2521802075207242 14.398076894693075 7.1718187797814617 2.2981016288977116 3.7959986985661063 2.4291734113357961 2.6824889751151204 3.9311108042020342 7.0054524325532821 10.129265382885931 3.9249199961777776 3.1850751964375377 3.1541088086087239 2.8678300436586142 2.9734796290285885 2.8795423898845911 3.4039740711450577 6.1411036727949968 19.103109283838425
leaf_count=91 784 91 98 113 83 126 105 294 89 132 108 160 108 168 82 147 84 91 308 95 92 117 101 91 90 78 81 89 150 106 99 132 101 125 111 160 166 124 111 111 89 111 74 335 103 93 96 166 115 74 90 90 113 115 223 149 109 92 151 68 124 95 86 161 621
internal_value=-0.00181615 -0.053861 0.0414601 0.0512029 -0.0282085 -0.0399121 0.00719466 0.0560344 -0.00708415 -0.0329754 0.0385942 0.0666171 -0.0260679 0.0350499 0.0149436 0 -0.0675213 -0.0324406 -0.039082 -0.0482302 0.00424134 0 -0.0187563 0.0477307 0.0552928 -0.0298816 0.0516905 0.0302966 0.0824666 -0.093936 0.0331563 -0.0563758 -0.00832668 0.0532084 0.0141382 0 -0.0742798 0.00572877 0.0161847 0.0596372 -0.0558952 0.0637035 0.0721196 0.0902678 -0.0228562 0.0576696 0.0465535 0.0537821 0.0307784 0.0808797 -0.00311336 -0.0179159 0 0.0290029 -0.0662683 -0.0675411 -0.0422332 -0.0334484 -0.0626725 -0.036908 0 -0.0185028 -0.00088437 -0.0732128 -0.0800511
internal_weight=426.095 193.836 232.259 194.089 118.921 90.1768 28.7445 179.869 38.1705 18.3145 69.5548 110.314 61.1769 17.0093 19.856 16.0255 28.9999 53.9788 45.5588 36.8034 8.16336 8.41992 10.9602 53.4585 12.1734 11.7351 49.0656 18.9793 48.8965 74.9145 5.10055 30.685 4.83594 61.4178 5.32978 8.75545 26.3366 16.0963 7.19819 12.0491 6.12859 30.0863 23.1954 39.3028 5.28658 53.6853 33.1901 26.8221 12.424 6.84362 12.1625 8.3665 5.60652 6.89082 10.1511 18.4792 7.06903 5.93733 26.679 8.99542 6.12759 5.30297 6.1184 17.6836 23.696
internal_count=9135 5053 4082 2921 4014 3002 1012 2808 1161 633 1470 1338 2005 627 528 439 997 1786 1479 1125 278 307 292 966 443 385 875 281 583 1039 190 944 184 755 201 354 913 504 219 192 194 594 368 485 194 630 470 377 211 242 380 290 191 226 355 255 191 200 812 343 275 187 181 469 787
is_linear=0
shrinkage=0.0666273


Tree=1
num_leaves=85
num_cat=0
split_feature=25 27 9 12 21 4 5 1 10 5 26 5 11 16 29 13 9 24 18 12 13 15 18 18 18 5 0 16 29 13 13 18 0 4 3 5 12 27 21 29 25 16 13 11 18 25 12 25 6 11 3 0 7 15 26 26 27 21 27 27 3 5 15 12 11 0 11 27 27 18 5 6 6 3 13 7 1 25 6 29 18 12 7 25
split_gain=497.796 147.978 47.1973 19.6147 17.0141 19.9214 13.8544 12.7094 12.6459 11.9741 15.2098 19.7564 11.9739 11.6902 14.045 11.4907 11.4762 15.1063 17.8929 11.4013 10.8765 10.5085 10.0543 10.0464 16.2707 15.265 9.73464 12.6678 13.2288 11.4996 12.6079 9.60814 9.46009 9.26904 8.96658 8.83314 8.83227 8.73715 8.60752 11.7087 9.9615 7.80212 7.61545 12.5603 11.9268 7.41502 7.02062 6.83277 6.4979 6.40617 6.21661 7.42794 6.04676 5.94057 5.93401 8.16941 6.62015 5.64095 6.71016 5.61589 9.32305 8.78476 6.12617 5.95159 4.80962 4.65721 4.56929 4.27115 4.15522 3.71407 5.82964 3.70516 5.24169 5.31558 3.61987 3.55183 3.44262 3.25127 2.33839 1.67216 1.5824 1.23058 0.775746 0.191712
threshold=-217.8833632646315 75.016418461220937 0.010424199859891939 60.756545976912363 2.3023406451530808 0.20000000000000065 0.041580221300138338 0.079206929154047048 0.0065991966308592085 0.19292803970223324 -250.82322710307673 0.072859986728599918 0.027565010918545772 0.0050103770230186494 -1.1647327505354739 131.08853199968561 0.0019904702013786753 -0.0088984907157321196 -0.95999999999999897 -24.399003188559266 573.05456792894722 -0.00040269933838278622 1.0750000000000013 1.0750000000000013 -0.86500000000000099 0.12786919610103764 -0.24499551686966684 0.0024039347493493859 -0.36556472806384127 288.45081770498126 318.99722038351797 -1.0349999999999999 0.1876662924670012 0.49999999999999989 11.500000000000002 0.024691358024691318 977.06181106912743 42.28430403140117 2.2845277817475385 -0.2493352264841793 -1370.3320237875421 0.0022898495496119007 130.08720931368279 -0.00692897188349642 -0.34499999999999881 -960.19474304202799 -106.86125723034594 -344.40610156238728 4.7500000000000009 0.016946921847631507 6.5000000000000009 -0.1492313460817398 0.0040600000000000419 -0.00030090832304356169 -1024.9391773628583 -254.39369513755321 96.250873105345661 5.1154969479016925 61.40172931983323 95.143684096529043 2.5000000000000004 0.043514674823392364 0.000105927589625471 -14.503532280759512 0.013033505853009083 -0.26586208493745617 0.0083045611269224415 41.935266621341647 45.275077043251919 0.16499999999999918 0.041580221300138338 7.7500000000000009 5.7500000000000009 8.5000000000000018 177.58092515966234 0.076794871794871766 -0.0040097893295848444 -566.56131218682356 3.7500000000000004 -0.95390509305196025 0.13500000000000159 -28.872040740357459 0.1688416666666667 -1122.9253285539212
decision_type=8 10 10 10 10 10 10 2 8 10 10 10 8 2 2 10 10 2 2 10 8 2 2 2 2 10 2 2 2 10 10 2 2 10 2 10 8 10 10 2 10 2 10 10 2 10 10 10 2 10 2 2 2 2 10 10 10 10 10 10 2 10 2 10 10 2 8 10 10 2 10 2 2 2 10 2 2 10 2 2 2 10 2 8
left_child=1 2 9 13 5 6 12 20 -8 10 11 38 21 14 -4 31 -11 -18 -19 -15 -2 80 75 24 32 45 37 28 47 71 -31 -6 67 78 -5 -23 42 -12 48 79 -41 -16 43 -7 -45 -26 -20 68 -1 66 51 -22 -43 -25 -44 69 -57 58 -42 60 -17 83 63 -62 -53 -52 -32 -13 -28 70 -56 72 -29 -74 -64 -9 -76 -47 -33 -40 -3 -54 -58 -61
right_child=7 4 3 34 15 36 8 22 -10 16 26 23 -14 19 41 59 17 18 46 -21 50 35 -24 53 25 -27 27 29 -30 30 49 33 -34 -35 -36 -37 -38 -39 39 40 57 52 54 44 -46 77 -48 -49 -50 -51 65 64 81 -55 55 56 82 -59 -60 61 62 -63 74 -65 -66 -67 -68 -69 -70 -71 -72 -73 73 -75 76 -77 -78 -79 -80 -81 -82 -83 -84 -85
leaf_value=0.023404436385976508 -0.037997278396459777 -0.020386437919469452 -0.031353220613865224 -0.069659165431617237 -0.018657434333649543 -0.0662546493646856 0.081740479066343352 -0.058436930546904436 -0.0062257213205982199 -0.024053978569519057 -0.012408697314825396 0.10202506706845088 -0.080945534486902643 -0.051148545924195606 0.0056119213979459338 -0.061114662790673908 -0.014251461872764737 -0.0083052249043648607 0.03174879982171757 0.02593207977360925 -0.11235973110396692 0.049237692620680749 -0.094770774037752498 0.10484706616077684 -0.00067943279305451225 -0.022933033190373587 0.10154166940460002 0.099274523127875575 -0.012817005080225066 0.0026069141977611543 0.048656510675906373 0.086052128428811103 0.025139153961733753 0 -0.0034657774699338867 -0.017277192553993806 0.016215691210338366 0.054262365416980568 0.038821063420327047 0.048050943223979382 0.04714355512469353 0.022074177982851561 -0.09579743904986221 -0.050482330795295315 0.028119298717155145 0.066368823760541096 0.087538832942453113 0.021316253284143109 -0.031867932663263578 0.035341871827856794 -0.066099258164303148 -0.028611677192123978 0.11287168781938707 0.050200121804698877 -0.042277919955180376 -0.022483778630814823 -0.10453653752235696 -0.034120840455325312 -0.0182745957408686 -0.082684050786430485 0.079730224957674345 0.0038463343842404787 0.02056505895163795 0.002961679852159795 -0.080792674469646275 -0.11218520229200284 0.10201929512624712 0.049696350809011997 0.0479586733828814 -0.044828236811617204 0.0288133195768377 0.10420132989035914 0.021280070754628864 0.079238281794250687 -0.058117935557212487 -0.020609045768870918 0 0.025866127639203824 0.037688487026221379 0.082277404182038341 -0.073718480610221945 0.060025139506193433 -0.065063158727548892 -0.045227237830461571
leaf_weight=13.585792172700165 17.852375622838736 7.6059006415307504 11.49765434861183 23.450606737285852 15.36338874325156 19.957713272422552 14.080162631347774 26.054015602916479 13.254438259638848 21.60514335334301 17.47173110768199 24.945147216320038 11.219108205288647 19.393121931701899 14.163319792598484 9.4703939314931613 24.858553029596806 18.701174799352884 19.449348423629999 14.267512446269391 18.626171258278191 17.440692463889718 23.882897233590484 19.225404191762209 15.539796519093214 26.529753226786852 13.414419028908013 21.509196886792779 18.252277888357639 20.777076378464699 16.03528218716383 14.1121794693172 21.391492959111929 15.466520683839915 16.877422876656055 16.644392048940063 10.305319259874521 15.947726454585789 13.788957122713329 19.809212660416961 12.728137340396644 10.280757613480093 16.070220999419689 13.376678366214035 23.226979348808527 26.565760828554627 29.806394189596176 25.466995630413294 27.059077929705381 25.899083519354463 16.481703671626747 18.751749238464981 10.568785863928495 25.3821771889925 9.4079123027622718 11.645890651270745 15.000071359798314 20.677166437730193 14.028446532785891 8.8294374644756299 8.8334787581115979 12.370987948030232 10.53744673728943 11.20375797152519 19.277480925433338 104.51386719290167 23.760892143473029 15.421610767021773 22.636850360780954 21.443495091050863 10.633812801912425 38.088820906355977 16.365222655236721 16.575475186109543 8.3645526040345448 26.89703734498471 9.4463195139542204 19.571075979620222 12.824704949744044 12.674422249197958 7.7351911850273609 8.7623078338801879 13.545098207890986 9.2665297538042122
leaf_count=112 96 98 79 148 117 132 120 90 124 70 74 112 103 137 95 72 117 75 70 134 77 128 100 113 97 111 65 127 81 89 86 102 119 136 139 152 82 101 80 157 88 69 97 100 144 133 147 100 156 131 71 83 125 127 76 136 109 110 82 87 103 93 76 99 87 472 117 108 142 150 102 117 77 89 83 77 84 70 96 92 68 74 93 78
internal_value=-0.000566002 0.0170215 0.0325165 -0.00434251 -0.0164928 -0.0269633 -0.000914391 -0.0822683 0.037883 0.0390458 0.0427445 0.0325929 -0.0190825 0.0128066 0.0318743 0.00135712 0.0186029 0.0289678 0.045338 -0.0173701 -0.091673 -0.00406757 -0.0577101 0.0462303 0.0373885 0.0183589 0.0540185 0.0584621 0.0352649 0.0685475 0.0498352 0.0246645 0.0638392 0.0412735 -0.043019 0.0157004 -0.0406392 0.0183606 0.0125281 0.0237669 0.00827853 0.0494049 -0.0446966 -0.0239376 0 0.0367538 0.0664465 0.05015 -0.0124335 0.0641494 -0.0968151 -0.0756343 0.0689295 0.0748772 -0.0562627 -0.0478567 -0.0698152 -0.00762093 0.0115047 -0.0134683 -0.00057499 -0.0365777 0.0106319 0.0390419 -0.0562779 -0.106312 0.0817369 0.083234 0.0692884 -0.0254896 -0.00272035 0.0855121 0.0714901 0.0518271 -0.00819871 -0.0400553 -0.027384 0.0501541 0.0647732 0.0614165 -0.0502008 0.0915223 -0.0875731 -0.0661268
internal_weight=1535.83 1263.49 864.807 129.261 398.683 252.593 87.9799 272.337 27.3346 735.545 621.124 328.923 60.6453 88.9335 55.2728 146.09 114.421 92.8155 67.9569 33.6606 195.503 49.4262 76.834 194.572 149.965 88.2064 292.201 258.782 79.7705 179.011 86.4723 57.7668 61.7583 42.4034 40.328 34.0851 164.613 33.4195 134.351 93.7063 67.243 43.7752 154.308 56.5614 36.6037 61.6766 49.2557 61.5183 40.6449 65.6953 177.651 56.6554 29.6119 44.6076 97.7465 81.6763 40.1911 47.4338 26.7566 88.3229 57.8559 30.467 48.3856 20.0372 38.0292 120.996 39.7962 40.3668 36.0513 41.4852 20.0417 92.5387 54.4499 32.9407 28.3483 52.9511 17.8109 46.1368 26.9369 26.4634 15.3411 19.3311 28.5452 18.096
internal_count=9135 7982 4742 1000 3240 2014 793 1153 244 3742 3263 1867 549 713 442 1226 479 409 292 271 886 446 267 990 750 411 1396 1221 388 833 423 451 339 334 287 280 1221 175 877 609 437 363 1139 376 244 300 217 307 268 334 790 247 268 240 763 666 338 280 170 775 517 258 445 202 170 543 203 220 207 328 178 410 293 166 243 167 167 203 198 172 166 199 202 165
is_linear=0
shrinkage=0.0666273


Tree=2
num_leaves=85
num_cat=0
split_feature=9 30 6 10 18 17 9 23 2 23 10 2 4 18 16 22 22 28 11 23 29 10 20 18 13 11 15 13 18 20 7 22 29 22 9 1 30 28 20 10 23 6 2 20 2 28 17 16 11 30 18 17 28 2 7 1 6 24 28 24 19 15 17 11 13 15 15 24 9 22 15 23 10 20 20 11 20 28 17 23 13 22 2 15
split_gain=306.253 69.7541 18.8411 17.1587 13.4454 13.766 12.8545 10.1566 9.62273 12.756 9.14268 8.94325 13.8224 9.94756 8.71819 8.60043 10.6588 8.4317 13.9326 11.237 9.43928 12.0385 10.572 9.19676 8.82858 8.80993 7.91682 7.72772 7.02888 7.91851 6.66412 6.61575 6.46485 6.40051 7.37797 6.29362 5.87449 5.86424 5.51453 6.04313 5.13872 4.95871 8.01441 5.90986 5.60525 4.83675 4.71317 7.49762 4.69762 4.65063 6.97436 6.51824 4.48127 4.12137 4.10063 4.067 4.06041 5.46554 3.91263 4.78306 3.75192 3.61825 3.38064 3.36938 3.33011 3.14781 3.29186 2.86592 2.84943 2.81959 2.61552 6.00968 2.60872 2.50906 6.50014 4.39986 2.27875 2.23399 1.20083 1.09638 1.06788 1.06324 3.89028 0.780852
threshold=0.019163339260660484 0.88333333333333341 3.2500000000000004 0.11551021509854344 -1.6699999999999997 1.4900018847833845 0.0072989992803820436 -0.0087513027709126261 0.048800403450633752 -0.0083939949866471669 0.063054391102318738 0.042484067910300079 0.14999999999999999 0.18999999999999953 0.0025946791849361605 0.0047243409171109372 -0.0096494924685704957 -3.8668539663962309 0.016946921847631507 -0.00030405596733801271 0.62133954257934876 0.011182397886818711 -4.018063783385732 -0.020000000000000458 303.67346419842914 -0.0073933790749930442 -0.00049859296843517652 237.31576001795193 -0.025000000000000352 -3.6291869279918934 0.27003125000000017 -0.045672155619061509 -1.4079846302306092 0.012223494179216201 0.0097491191177031412 -0.0017420205116923657 0.78333333333333355 -6.5340652089266227 -2.2133922951239269 0.0047756559142695517 -9.546164455570548e-05 4.7500000000000009 0.016814309992962715 -2.7078423140168186 0.017911335551540664 -3.6343772394143579 0.65450565665330618 0.0037694609852533464 0.004000781610011995 0.68333333333333346 -0.22500000000000139 0.69037251961658141 3.4119464064471909 0.019404501105978498 0.13716166666666665 -0.064243774096071724 6.2500000000000009 0.010683482797189227 -1.4853543609501421 0.0023953046632196888 1665.4999999999829 -0.00059347659709043971 0.69859512309885585 0.02578045784384048 333.2707997182585 0.0018294024176368957 -0.0007014983552927034 -0.0070753201373550114 0.0055794932330869166 -0.035669794872927145 9.1261362435826135e-05 0.00016507146577238177 -0.013713844915582864 -3.8411482766649989 -1.5106965277325204 0.024365229458481259 -2.6991527398351165 3.9242636769514685 0.72635668516864083 0.0013887903730844811 150.38400817041011 0.021102396115554426 0.011204359278565135 0.0013177187598908244
decision_type=8 10 2 10 2 2 10 2 8 2 10 10 10 2 2 2 2 10 8 2 2 10 10 2 10 8 2 10 2 10 2 2 2 2 10 2 10 10 10 10 2 2 10 10 10 10 2 2 8 10 2 2 10 10 2 2 2 2 10 2 10 2 2 8 10 2 2 2 10 2 2 2 10 10 10 10 10 8 2 2 10 2 10 2
left_child=1 2 4 8 69 6 27 -7 9 72 17 12 56 28 33 16 31 18 19 -11 21 22 48 -24 25 -22 -10 30 29 55 53 -16 -31 -8 -35 63 -13 -21 39 62 58 43 45 -34 -45 -43 81 -48 -19 -17 51 -51 -38 -6 -41 -14 57 -4 -23 -60 -18 -50 -15 -12 -20 66 -52 -44 -25 -1 -49 -72 -3 75 -75 78 -33 -74 -42 -5 -71 -2 -83 -78
right_child=46 3 11 79 5 7 14 -9 26 10 35 36 13 38 15 49 60 20 64 37 24 40 23 68 -26 -27 -28 -29 -30 32 -32 76 41 34 -36 -37 52 -39 -40 54 73 42 67 44 -46 -47 47 70 61 50 65 -53 -54 -55 -56 -57 -58 -59 59 -61 -62 -63 -64 -65 -66 -67 -68 -69 -70 80 71 -73 77 74 -76 -77 83 -79 -80 -81 -82 82 -84 -85
leaf_value=-0.023748675681696831 -0.10610282026356514 0.092451245288183492 0.053037377931064264 0.055911928634747608 0.064532624803870731 0 0.037560301162355002 0.094885432838715686 -0.03362279786733928 -0.017782418536418279 -0.0048599537445250564 0 -0.069938572417308942 -0.088123746075450995 0.0065376754001819221 -0.094064738126666769 -0.008417512535277864 0.020555757420198183 0 0.086571977831063324 -0.005779303444956951 0.065623311451091182 -0.034144505399081482 0.051875437692399697 -0.027808658786797582 0.05649314582478137 0.025786751627076939 -0.041083792582102464 0.055126956516407741 -0.040020841833792967 -0.015934966935433007 -0.021388060465567973 0.032045715239651419 0.022393073300963944 -0.059497647620944491 -0.035611942368517745 0.014522971902771246 0.028436422675976399 0.0046664700737329302 0.030690199226606707 0.071435219236486908 -0.036757135938429393 0.020961076164575775 0.0070371012564970133 -0.069654521431647937 0.031415977431760132 -0.029829995922472943 -0.096229582503173469 0.085554911483680496 0.032496232512801419 -0.073641033522968191 -0.043952736791906845 0.075121218548033636 0.010952502252343651 -0.033460883813814096 -0.0019353628473807653 0.076232246880664517 -0.0084980021948712469 0.041236395277100019 -0.0084363181394400133 0.043858060720273588 0.034372402305749679 -0.034231719641096121 0.036448401685880226 -0.037526830720554988 -0.10429233219177383 -0.0034046165739064151 0.069398072469616129 0 -0.10751372505166316 -0.037134467964060627 -0.096295589624266473 0.06568095189576402 0.0093695678888104615 0.073183592377910001 0.0408670515418849 -0.091648279458872703 0.021388478857026841 0.10794148919333818 0.091578554139298912 -0.050053186868209081 -0.10378112841411126 -0.045356674523627231 -0.043017712730147338
leaf_weight=6.8776270486414459 47.79707272304222 13.805894212797282 12.688251756131651 17.415211599320173 15.534993188455703 10.363621858879926 13.236628429964187 8.4305997230112535 20.118506239727139 12.38264567311853 15.328098433092238 11.979091505520044 9.0874655935913342 11.197728260420265 7.9939125897362819 12.720627671107648 10.705067493952813 33.751664949581027 20.757435811683536 15.049099916592235 17.053004054352641 12.837884368374942 20.88267900981009 10.678470205515625 18.096290586516261 21.344498241320252 19.080191139131784 9.9817502619698626 11.864577453583477 9.5734275802969915 12.314664667472242 7.8400278519839075 9.9532964695245045 7.9390981681644943 10.667095451615749 15.768500771373509 10.492788799107077 22.049369145184759 16.654945926740766 7.1933317873626974 28.080899879336357 9.7312861047685164 12.087286522611974 6.7758130235597482 8.3464594725519401 8.2851237459108216 19.153677362017334 35.798712478019297 14.380951084196566 7.7882168907672193 7.768859049305318 11.92532575316727 17.535627154633403 14.274893899448214 10.314174816012381 8.9056616425514203 10.950966566801069 10.933779736980794 18.832740584388375 13.726246034726499 11.471970614045857 17.763430742546916 16.977124137803912 16.687013417482373 19.274507774505764 8.5688274838030321 6.7238631453365123 17.528704850003127 10.588018868118523 8.2955858167260867 20.910636693239212 16.151494214311242 18.424583693966273 15.086416866630318 16.587005177512765 18.914835147559643 9.7419267818331736 11.529667558148502 14.534679355099795 18.284916868433356 6.451510924845933 15.175467143766584 12.972646128386257 7.0151017643511286
leaf_count=58 299 64 122 82 139 110 117 73 116 77 76 151 69 81 70 115 91 149 152 132 78 68 141 60 106 155 108 138 118 86 99 70 116 84 106 93 92 146 126 101 161 92 105 107 86 90 102 243 95 83 109 123 136 128 102 99 73 88 115 117 84 136 122 107 109 76 80 139 102 96 137 87 125 104 94 114 110 84 86 94 98 113 88 81
internal_value=0.000801863 0.0142849 -0.0041721 0.0303181 -0.017768 -0.0124396 -0.0178543 0.0411909 0.0271392 0.0297187 0.0261458 0.0084851 0.00275238 -0.00468657 -0.0282975 -0.0371719 -0.0173386 0.0294965 0.0108735 0.0347368 0.034861 0.0405356 0.0231829 -0.00202258 0.00936742 0.0279237 -0.00374037 0.0098911 0.00690618 0.000745954 0.0229793 -0.0418593 0.0098883 0.00126142 -0.0226057 -0.000592867 0.037364 0.0532987 -0.0261228 -0.038165 0.0537472 0.0170544 0.0297891 -0.00564568 -0.0330387 -0.00329155 -0.082619 -0.0705435 0.0398553 -0.0559575 -0.0434472 -0.0117992 0.0539925 0.0403365 -0.00489147 -0.0386858 0.0412612 0.0230624 0.0333242 0.0191771 0.0170142 0.058745 -0.0573522 0.0155448 -0.0176857 -0.0686001 -0.0440394 0.0511206 0.0277438 -0.0680509 -0.0806387 -0.064227 0.0645976 0.0632152 0.0441787 0.0722633 -0.0590857 0.0500958 0.0851121 0.0755513 -0.0856958 -0.0965806 -0.0785873 -0.0741122
internal_weight=1210.74 1042.78 483.689 559.095 234.632 213.007 194.213 18.7942 523.395 484.197 440.436 249.057 209.049 174.476 142.107 110.264 54.768 392.653 89.5131 49.4811 303.14 246.646 108.045 42.1492 56.4938 38.3975 39.1987 52.1063 112.139 100.275 42.1246 32.591 82.2814 31.8428 18.6062 47.7836 40.0075 37.0985 62.3373 45.6824 138.601 72.708 47.6324 25.0756 15.1223 18.0164 167.96 92.0145 65.896 55.4957 42.7751 19.7135 28.0284 29.8099 17.5075 17.9931 34.573 23.622 45.3969 32.559 22.177 32.1444 28.1749 32.0151 40.0319 23.0615 14.4927 29.616 21.2665 21.6247 72.8608 37.0621 43.7601 93.2038 31.6734 61.5304 24.5971 29.9543 42.6156 35.7001 14.7471 75.9452 28.1481 16.757
internal_count=9154 8085 4639 3446 2338 2086 1903 183 3270 3046 2773 2301 1922 1639 1399 1092 506 2497 616 355 1881 1542 683 303 339 233 224 504 1107 989 366 331 821 307 190 276 379 278 532 406 859 735 426 309 193 182 1069 569 380 586 471 206 228 267 203 168 283 210 300 232 175 231 203 183 261 265 189 244 162 252 467 224 273 559 198 361 261 209 247 176 194 500 201 191
is_linear=0
shrinkage=0.0666273


Tree=3
num_leaves=77
num_cat=0
split_feature=28 27 25 25 9 0 17 12 27 13 14 14 12 13 1 28 11 15 15 7 13 12 18 20 0 12 24 15 1 21 7 7 28 11 17 7 7 15 14 20 15 15 0 28 20 27 21 5 4 12 0 5 0 25 20 11 7 9 18 25 11 12 13 5 9 21 5 27 12 17 7 11 1 15 0 11
split_gain=214.839 64.7784 19.1156 13.4232 14.3226 12.5705 9.35741 9.11993 10.9269 10.0803 9.08117 8.20709 8.53009 8.02403 8.7939 9.7962 8.17855 9.36851 7.78726 7.46376 8.2781 7.90763 7.34984 6.79115 6.49567 6.94103 6.3641 6.32463 6.15913 6.01019 5.73691 8.85404 8.05248 6.74224 5.49965 7.34258 10.3437 9.51884 6.6933 9.69783 6.93689 5.13723 5.00732 5.00196 4.84156 4.66708 4.51403 4.38575 4.97229 5.32177 6.90867 8.08661 5.68637 4.63402 4.21264 3.90065 3.89118 3.84853 3.84381 4.79821 3.95029 3.82763 3.77553 3.49884 2.82636 2.76864 2.73517 2.66082 2.41214 2.21756 1.82334 1.76568 2.08684 1.63582 1.24518 0.481296
threshold=55.945965430226529 53.726038327006769 -276.21746125929593 -519.87826909303749 0.004563879778339352 -0.15716396391781404 1.4790912201445654 146.31015207788298 73.417231447826182 423.634325148355 -0.072564122089902358 -0.11399905166977657 785.78688878351932 132.09929510778869 -0.028191400883445624 7.7248768466215854 0.027975924823829049 -0.00041627879590567515 0.00060703326375575941 0.060398574561403538 355.36327194810139 -12.596742245795001 -0.81500000000000117 -3.2390350296935146 -0.14215164491166568 -395.07591616720771 0.0045980517783915662 1.0000000180025095e-35 -0.097293357478806949 1.9823201904597496 0.085504201680672284 0.26338750000000016 -6.386516003127416 0.00080581394103826376 1.348343011598544 0.054042156862745071 0.040707236842105234 -0.0014473902595201593 -0.0056868919876010829 -3.088881068985414 0.0011357623972661028 0.0011357623972661028 -0.3252455059945179 -5.2900444321292062 -2.3206232645388654 59.156699121049947 3.2889035865052922 0.057142857142857176 0.24999999999999986 65.619234443489901 -0.17949310650328545 0.13875137513751379 -0.13744616247792865 -443.52551003971388 -3.2298746968018759 0.01788256495404458 0.079917777777777754 0.0025136651556339402 0.62000000000000022 -1017.783956730607 0.026010993871016953 18.757024237956831 256.46993150335595 0.090909090909090898 0.010179225212717335 1.9495957812488964 0.045558322955583257 90.526287308628454 130.09620634272585 0.8637788633530904 0.75044999999999995 0.0012778399232469958 -0.071373990248162364 -0.0029172413766681573 -0.046818973170534843 0.015749907596501831
decision_type=8 10 10 10 10 2 2 10 10 8 10 8 8 10 2 10 8 2 2 2 10 8 2 8 2 10 2 2 2 10 2 2 10 8 2 2 2 2 10 10 2 2 2 8 10 10 10 10 10 10 2 10 2 10 10 10 2 10 2 10 10 8 10 8 10 10 10 10 8 2 2 10 2 2 2 10
left_child=1 2 6 4 45 -4 34 8 19 10 56 -2 70 14 28 -16 17 22 -8 21 61 46 -15 -23 -5 -26 -27 -7 -12 43 33 41 -33 -19 35 36 37 73 39 40 -39 -32 -37 -9 -17 -3 69 -44 49 50 -49 52 -52 62 68 67 -10 -53 59 -47 -61 66 -54 -25 -31 -18 -21 -24 -51 -6 -13 -68 -73 -1 -43 -58
right_child=11 3 5 24 7 27 18 29 9 -11 13 12 -14 16 15 44 65 30 -20 20 -22 23 55 63 25 26 -28 -29 -30 64 31 32 -34 -35 -36 42 -38 38 -40 -41 -42 74 47 -45 -46 58 -48 48 -50 54 51 57 53 -55 -56 -57 75 -59 -60 60 -62 -63 -64 -65 -66 -67 71 -69 -70 -71 -72 72 -74 -75 -76 -77
leaf_value=0.040275196745916494 -0.016080507778646252 -0.02009609087036765 0.04440646936926982 -0.0020554482271031376 -0.080532388344971118 0 -0.019405497759142215 -0.050517448810007075 -0.0063400231774851622 0.055865485679844194 0 -0.091447164164296518 -0.021596376047691889 0.015546906943031536 0.062625393342703173 -0.033111313905951456 -0.09372795041435833 0.073701525861788533 0.044842575637258943 0.0055862816144709527 -0.024894370508034891 0.057710680174679306 -0.038638781802609802 0.015532558184301751 0.097778034550335444 -0.025215974983536376 0.051992118600703768 -0.062556756929975768 -0.069399197404148238 -0.040024125751651846 -0.0036314722629957989 0.073715358392733535 -0.014695411492979021 -0.0022975540939645434 0.079986673535961367 0.0039016616763441966 -0.03060779414903524 0.020889294761708713 -0.016188907378574251 -0.0060293133532786491 0.088120395904484825 -0.0359758319930387 0.080794321304851979 0.019194005048526811 0.024036336903161201 -0.012654667810811114 0.0060219934284772804 0.063398305572557517 0.080509167900558329 0.044975393281912704 -0.0019253510372679412 0.018539241696891844 0.03436678952686896 0.0168549301360638 0.025757664074037026 -0.0022385649775780369 -0.044441913500917619 -0.02967604036708666 0.063195833613930191 0.052480772567177467 0 0.0026191177090577598 0.077771735891114344 -0.044254852734043656 -0.094633472108208133 -0.027049881316537898 0.018925059903366577 -0.091781331806123037 0.090660713119169498 -0.025774823710829141 -0.051349226551299788 0.029487772696017184 0.079889732704421679 0.081324170768536097 -0.09366886790394631 -0.090172917875144518
leaf_weight=14.564733479171993 10.647181009873746 8.8027309756726009 12.276788789778946 14.374445741064845 8.9177230093628221 12.551724780350925 22.696731643751264 7.5049280859529972 6.145968763157728 7.7221166901290408 11.790838632732632 98.814553872216493 11.183557858690618 6.6595173813402644 16.233671775087714 12.375437883660199 9.6933285668492335 8.3267109841108304 12.917411303147672 8.6716686189174634 12.375489465892313 9.8776434799656254 11.60062253940851 8.446857484057551 9.5587681233882922 6.497748528141531 13.129624776542185 16.146833339706063 9.523036625236271 16.521424899809066 10.956661932170393 7.2290619667619493 10.650908106938003 10.975484167225661 16.218920759856701 14.611472111195324 13.219780698418615 17.315221412107348 18.821615912020206 19.375518500804905 13.869757138192652 6.5089052049443117 18.623013578355312 10.357014365494253 13.453455792739986 13.139795949682588 6.2536949533969155 27.973168563097715 17.203418587334454 13.498130008578302 13.194437647238372 13.998099882155659 23.866605345159769 23.931984128430486 14.604958131909369 6.0569187318906179 6.5051606893539455 14.421529766172169 12.587597904726861 18.711903071030981 11.304892644286154 15.549094391055403 21.549307814799249 7.6807922357693306 9.0889882463961822 6.8270994815975419 8.2902490086853486 13.306875006295739 20.39439730904996 9.9445052426308376 10.882837069220839 8.9868999142199701 15.378088708035653 15.009458729997275 6.8669912274926892 10.801073357462881
leaf_count=78 78 70 88 159 106 74 161 82 109 66 131 828 78 102 159 139 127 57 107 102 126 109 135 125 79 82 157 108 95 153 135 63 129 160 74 71 99 99 130 117 88 84 140 141 120 112 85 150 111 76 59 77 123 121 87 106 116 96 143 156 121 158 152 62 85 84 82 162 129 126 82 80 167 113 80 133
internal_value=0.00250274 0.0138706 0.032271 -0.00295473 -0.00653439 -0.0103227 0.0367116 -0.0116045 -0.00767864 -0.0169006 -0.0199036 -0.0770806 -0.0821101 -0.0144836 0.00405016 0.022225 -0.0249633 -0.017154 0.00291195 0.00810813 0.0225242 -0.0106801 -0.0432922 0.0139794 0.0321102 0.0501726 0.0244922 -0.0351733 -0.0299347 -0.0404521 -0.000479422 -0.0148377 0.0192285 0.0288214 0.0398908 0.0378906 0.0230682 0.0306611 0.0163489 0.0292306 0.0522894 -0.0414044 0.0447007 -0.00813643 -0.00189867 0.0222136 -0.0376659 0.0471946 0.0438936 0.0402677 0.0329463 0.0248502 0.0354481 0.0431007 0.0602897 -0.0571949 -0.0593049 -0.00460983 0.0296172 0.0187553 0.033773 0.033553 0.0559891 -0.0107235 -0.0613246 -0.0689583 0.0442152 -0.0689346 0.0738667 -0.0541056 -0.0878927 0.0532313 0.063154 0.0626993 -0.06913 -0.0757022
internal_weight=1056.55 925.017 442.855 482.162 438.602 40.9753 401.88 374.055 330.583 210.21 202.488 131.528 120.881 179.036 63.3764 42.0626 115.659 99.1387 35.6141 120.373 69.2515 51.1212 37.6239 26.0053 43.5606 29.1861 19.6274 28.6986 21.3139 43.4724 61.5147 42.2125 17.88 19.3022 366.266 350.047 112.176 98.9563 69.3821 50.5605 31.185 24.3326 237.871 17.8619 25.8289 64.5469 25.1159 223.259 204.636 187.433 138.935 110.962 82.5423 69.3479 48.4975 30.9644 23.4522 28.4196 55.7442 43.1566 30.0168 56.876 45.4159 16.1276 25.6104 16.5204 41.3269 24.9075 33.8925 18.8622 109.697 32.6552 24.365 29.5742 13.3759 17.3062
internal_count=9154 8088 2728 5360 4883 270 2458 4281 3820 2492 2426 1066 988 2068 644 418 1424 1213 268 1328 715 613 505 296 477 318 239 182 226 461 708 491 192 217 2190 2116 724 625 434 304 187 299 1392 223 259 602 317 1321 1181 1070 778 628 455 396 292 403 358 173 532 389 277 589 275 187 238 211 431 297 205 232 910 329 247 191 164 249
is_linear=0
shrinkage=0.0666273


Tree=4
num_leaves=79
num_cat=0
split_feature=27 28 27 5 0 26 13 0 12 28 20 0 12 3 7 10 7 15 7 15 12 10 18 18 20 24 26 15 21 12 12 28 24 5 6 3 24 3 18 15 24 5 3 15 12 10 15 15 28 13 3 24 12 24 28 7 21 3 10 5 13 10 21 0 0 10 23 21 26 20 28 26 15 18 15 28 24 12
split_gain=136.996 48.0797 11.9193 15.7215 9.64109 11.1997 9.21415 9.87994 7.45824 7.27835 7.00873 7.49566 11.7921 6.7912 7.88838 6.72014 6.73322 11.6295 8.59116 7.15296 6.71422 6.68419 6.82986 7.77672 6.49689 6.59111 6.41667 7.77517 6.17854 5.97031 6.43983 7.732 6.96309 6.12431 5.50473 5.33444 5.07096 11.3997 5.69307 5.50442 5.06232 5.01936 4.87009 6.66171 6.60569 4.38063 4.29255 4.95013 4.0837 5.1391 4.01522 4.00157 3.88069 3.8653 3.63566 3.53972 3.50595 3.47004 3.26314 2.82663 4.47874 2.51197 2.33746 1.9342 3.76147 2.14284 4.63706 3.00416 2.38978 1.96049 3.12949 1.75206 1.55746 2.67113 1.36132 1.07187 0.929531 0.830254
threshold=75.016418461220937 45.617457673256716 52.306563262798555 0.21489793159388951 -0.29674617589289576 -6.662527935760763 367.30673318533599 0.41902897815015355 620.28883468991046 -6.7498919287693999 -2.046440538995054 -0.22119333156661133 -35.469382772163435 1.5000000000000002 0.091250952380952502 0.040498018532330357 0.31066999999999984 0.001233813405805784 0.17142857142857146 0.0037672664212174078 -192.10531259878178 0.011182397886818711 -0.16499999999999912 -0.98499999999999932 -3.2208338218881121 -0.017875679997077395 -61.160182692572263 -0.00014978784076095662 4.2373773001916491e-16 -120.09836075444547 -8.4872884956562 0.09939599537222131 -0.011407690296115046 0.10487038491751767 4.7500000000000009 14.500000000000002 -0.003736804173247676 13.500000000000002 -0.89999999999999936 0.00054336269265958001 0.041155118051156243 0.21489793159388951 13.500000000000002 0.00048951614668165148 -17.101383605845317 0.0062863941852591603 0.0022162789087366943 -0.0019633222364838347 10.816817034432868 209.74908301735829 13.500000000000002 -0.022893905087311147 -11.004596060179377 -0.0011527896380017497 -0.58404099974298662 0.054850952380952549 2.3226321473577127 1.5000000000000002 0.015889554418209929 0.11251780344991295 230.97221689646406 0.043745754280820691 2.0199637624145388 -0.18624200805114835 -0.1597648940151746 0.0054445028705299809 6.4382389724282354e-05 2.0957825276997122 -412.96510906957286 -2.509739814173193 -0.87621979401198702 -375.79877865729446 0.0022831376319238992 -0.060000000000001379 -4.927976504120471e-05 1.372814646998801 -0.011407690296115046 -6.0875530366611681
decision_type=8 8 10 10 2 8 10 2 8 8 10 2 10 2 2 10 2 2 2 2 8 10 2 2 10 2 10 2 10 10 10 10 2 10 2 2 2 2 2 2 2 10 2 2 8 10 2 2 10 10 2 2 10 2 8 2 8 2 10 10 10 10 10 2 2 10 2 10 8 10 8 10 2 2 2 8 2 10
left_child=2 6 3 15 71 20 7 10 57 -8 13 -12 53 14 -2 16 18 54 19 21 34 29 23 -23 25 -22 27 -5 -17 -1 32 -32 -31 -33 -6 62 -27 38 -38 58 41 48 43 52 -45 -39 47 -44 61 51 -29 -50 -26 -13 -18 -24 -54 -3 -40 60 -30 63 -14 74 -65 67 -67 68 -66 70 -69 -4 76 -74 -15 -49 -59 -68
right_child=1 8 4 26 5 -7 9 -9 -10 -11 11 12 35 40 -16 28 17 -19 -20 -21 24 22 55 -25 42 36 -28 50 59 30 31 33 -34 -35 -36 -37 37 45 39 -41 -42 -43 46 44 -46 -47 -48 75 49 -51 -52 -53 56 -55 -56 -57 -58 72 -60 -61 -62 -63 -64 64 65 66 77 69 -70 -71 -72 -73 73 -75 -76 -77 -78 -79
leaf_value=-0.020817210563204767 -0.03264678845302204 -0.034878206422804779 -0.072557349625638673 0.034858586715225029 0.063723057590907933 0.081064593037656729 0.080431092614829294 0.036377271699967378 -0.011718200266648804 -0.0040936577915609831 0.048962604276378385 0.065295505828816172 -0.077227073350057518 -0.035690858694314251 0.062828062206649063 0.006771318153588367 0 -0.043990190832020611 0.070385760530654318 0.068298166466533472 0.056070882570236999 0.063100004608755172 0.029646362649509116 -0.0066929165697983658 -0.077734259660020344 -0.034664069393939352 -0.040621902458993886 0.0059937547236725208 0.063228672478561898 0.067504119117975214 0.034826241966762254 0.0111044640087722 0.0076924719094589146 -0.047036689241670711 0.0014940806310123687 0.0032317073327743579 0.045588120597617396 0.0062288981181858605 0.029604027120013133 -0.055633494036987717 0.01394907233837491 0.015657840465776257 -0.017772901553829698 0.05576497144456935 -0.025555364799754191 0.086512108232840598 -0.036122154237115733 0.023629338396241997 0.0015973159558553495 0.032252514999972941 -0.046602000805511481 -0.063294393812345057 0.0026210242393439605 0 0.05710582984333859 0.08482450391216928 -0.054755898234934333 -0.061559334944152534 -0.031191896230145538 0.070515424951917469 0.015496776737943967 -0.0074618754815643082 -0.016182243661730187 0.00060990041654153241 -0.03874259183589334 0.0016641256740267667 -0.025563383727577379 0.020508791624685389 -0.086211462968217994 -0.062831385363929557 -0.039560351270782716 -0.01429562949170483 -0.082095079590574771 -0.027985322593415799 -0.088599304121286387 0.079171870075416345 -0.092430395721278563 -0.071636871963072418
leaf_weight=21.268374447710812 7.6227246746420843 12.342132735997437 7.2040444118902087 23.444538400508463 14.33427096065134 9.0628392305225116 7.1644137827679515 12.302038841880856 10.750561806373296 9.7846753178164381 10.107345454394816 7.3210484385490417 13.069175736047333 6.7209389233030405 7.0717199146747589 16.240336623042822 11.100344227626918 15.94888926297426 21.502382956445217 15.829054844565688 13.031621484085916 10.055217907764019 11.967956114560367 20.678569764830172 12.084550535306333 11.901358487084506 16.440013973973691 11.688550675287845 20.094404811039567 18.773463263176382 19.259221602231264 14.07032165490091 18.996902789920568 16.259618766605854 13.533346881158648 6.7703059213235965 6.5923141399398366 5.8696135347709051 9.1512332269921988 12.006091762334107 7.8019709084182969 6.3922399971634141 5.9623465929180428 6.6775344200432301 12.30531936325133 10.08249840326607 6.1963212816044679 6.2993665756657684 5.8822572762146601 7.0391094014048567 11.699481003917752 8.8217872548848391 8.550096821971243 7.1582771372050029 11.081993872299792 15.933748191222547 7.9505152888596049 15.937025786377488 6.4319519745185962 35.162787534296513 20.293485166504979 9.4625069508329016 5.8934156950563183 6.3452506829053155 11.614191613160072 11.013155114836993 7.1698325471952558 5.3958064997568727 19.69432504428551 7.3068203143775454 9.4438476068899053 6.3443796299397928 11.38344479724765 11.086004361510275 11.761286064982412 5.2281196098774707 53.311065454035997 7.5405240878462774
leaf_count=147 127 103 106 127 149 72 60 144 82 148 119 72 180 111 81 91 104 87 131 116 155 97 91 143 130 116 109 97 118 98 133 80 125 105 135 98 82 80 128 137 79 41 91 87 154 136 76 108 80 86 76 120 97 93 60 111 105 170 69 184 106 117 85 85 122 158 110 99 240 76 121 66 92 101 159 68 551 149
internal_value=-0.000944142 -0.0335073 0.0186272 0.025285 0.00496611 0.00916598 -0.0165319 -0.0201797 -0.0691345 0.0297723 -0.0236263 -0.00106531 -0.0147238 -0.0303034 0.0108796 0.0310591 0.0248826 0 0.0296723 0.0246288 0.00513977 0.0202104 0.0385482 0.0150889 -0.000322067 0.0130734 -0.00463802 0.00726359 0.0469082 0.00992022 0.0178648 0.00124676 0.0385805 -0.0188807 0.03504 -0.0423506 0.00331231 0.0131663 -0.00758616 -0.0218506 -0.0346174 -0.0375759 -0.0149701 -0.0274345 0.00125102 0.0596836 0.00846506 0.0266084 -0.0403905 -0.0113957 -0.018811 -0.0349894 -0.0477299 0.0316812 0.0302839 0.0628051 -0.0229568 -0.0746728 0.00201193 0.0549987 0.0403356 -0.0455866 -0.0605347 -0.0486711 -0.0430983 -0.0470798 -0.0277987 -0.0555402 -0.0700864 -0.0329273 -0.015169 -0.0485249 -0.0795454 -0.0574514 -0.071854 0.0527884 -0.0860243 -0.0522402
internal_weight=953.071 358.481 594.589 397.79 196.8 183.251 243.671 226.722 114.81 16.9491 214.42 50.3196 40.2122 164.1 14.6944 334.517 242.726 38.1312 204.595 183.092 174.188 167.263 58.6355 30.7338 146.321 75.0667 63.2726 46.8326 91.791 108.628 87.3595 49.5892 37.7704 30.3299 27.8676 25.7329 62.0351 50.1337 34.1816 27.5893 149.406 141.604 71.2542 47.568 18.9829 15.9521 23.6862 17.4898 135.212 21.7432 23.388 14.704 28.5852 14.4793 22.1823 27.9017 16.5006 104.06 15.5832 75.5507 40.3879 113.468 18.9626 104.006 85.5238 79.1785 25.7235 53.455 31.3085 22.1465 14.8397 13.5484 91.7175 22.4694 18.4822 11.5275 69.2481 14.7104
internal_count=9142 4259 4883 2536 2347 2175 3160 2952 1099 208 2808 647 528 2161 208 2127 1628 251 1377 1246 2103 1130 442 240 1819 903 409 300 499 688 541 318 223 185 284 363 748 632 416 334 1953 1874 916 573 241 216 343 267 1833 286 173 200 332 165 164 202 202 1017 197 408 224 1547 265 1430 1160 1075 417 658 362 296 220 172 914 193 270 176 721 259
is_linear=0
shrinkage=0.0666273


Tree=5
num_leaves=82
num_cat=0
split_feature=20 6 5 15 28 1 29 13 13 3 14 12 16 14 12 10 10 10 13 5 10 12 10 20 24 12 20 14 7 18 29 16 29 3 28 29 13 24 23 8 14 6 13 10 13 10 24 24 5 5 5 19 3 2 6 1 7 13 18 11 20 12 13 2 15 23 14 5 10 29 11 20 28 16 29 14 16 14 28 24 24
split_gain=101.74 21.7871 12.7803 11.0184 11.3937 10.912 8.78314 10.3538 9.9154 8.42363 11.4092 7.84282 7.74083 7.56482 6.10938 6.05451 8.09596 7.55332 6.5982 7.96941 7.37391 5.61752 7.94388 5.54927 8.09138 5.54659 5.47266 5.45719 5.37106 5.25907 5.73507 5.18769 5.16496 4.87962 4.86194 5.03825 4.88734 4.62545 6.8704 6.10584 4.57197 4.44913 4.3282 6.14129 4.8683 4.28806 7.99423 7.98097 3.85161 3.82426 3.80638 3.66494 3.6086 3.50594 4.31566 4.54153 3.43699 3.41398 3.32936 3.32758 2.78805 2.77172 2.63996 2.51046 2.48526 4.10859 2.37796 2.07029 1.79154 1.38853 1.30485 1.23288 1.21526 1.14582 1.09862 1.06603 0.65872 0.6318 0.601167 0.140599 0.786641
threshold=4.2288566569283761 6.2500000000000009 0.28759398496240612 -0.001195471048013388 -4.0309812465874364 0.036282066163668032 -1.3754587490615806 138.05627118296204 217.18309012537117 12.500000000000002 0.038222576284504657 32.532099160595997 0.0022602802961868688 0.021891157894025851 270.42207993150288 -0.053864531397422262 0.0047756559142695517 0.0081986156492869274 381.81137438628895 0.089674078586658587 -0.00024134598385525813 -29.8911325682061 0.0081986156492869274 -5.3303869029062172 -0.0066855049731695529 -48.329586102509637 -1.5640852281574471 0.022589483044689333 0.18333333333333343 0.45000000000000112 0.86287325159437345 0.0079582789383695063 -0.9807378768306062 13.500000000000002 -3.4151222007828284 0.64625913306036531 336.98391188005775 0.029933051487219368 -0.00094308084578842422 0.0088238156057243236 -0.0007283518986604397 5.2500000000000009 473.75005701491312 -0.00031033830369952436 375.73681687975846 0.0023519248085880151 -0.0061001141522837856 0.025154494284209242 0.029455144889814346 0.082294392283618054 0.11554354736172916 3588.5000000000005 2.5000000000000004 0.02500060882685794 4.2500000000000009 -0.10632182041404929 0.11661111111111118 175.49227502497379 -0.22500000000000139 0.01993745488449972 -3.6701788583839288 -15.681722201321696 210.8182322245402 0.01388494547173766 -0.0011780656122856563 0.0012474666299152617 -0.045069736731699554 0.16646872525732384 0.0039546532388869508 -0.046040688579075846 -0.011623314583131509 -3.6291869279918934 -2.3294031386650014 0.0036854117351347126 -0.92427655312621637 -0.022638355060995981 0.0038801102724927796 0.0024642751969387038 -1.371701576219174 0.0036589009084078143 -0.0015610838239529243
decision_type=8 2 10 2 10 2 2 10 10 2 8 8 2 8 10 10 8 10 10 10 8 8 10 10 2 10 8 10 2 2 2 2 2 2 10 2 10 2 2 10 10 2 10 10 10 10 2 2 10 10 10 10 2 10 2 2 2 10 2 10 10 8 10 10 2 2 8 10 8 2 10 10 10 2 2 10 2 8 8 2 2
left_child=1 9 3 23 28 52 -6 -8 33 15 12 66 32 -4 21 -1 18 25 19 29 -21 22 41 -3 -25 -18 27 45 -5 30 37 51 -11 61 53 36 62 38 -17 75 -32 57 43 -10 50 48 -47 59 -23 68 -45 71 -2 54 63 -56 -38 70 -27 78 -50 -9 64 -19 -36 -66 -7 -52 -12 -24 -14 -31 -26 -62 -64 -40 -59 -77 -48 80 -54
right_child=5 2 13 4 6 11 7 8 42 10 49 -13 14 -15 -16 16 17 34 -20 20 -22 26 69 24 72 58 -28 -29 -30 31 40 -33 -34 -35 35 -37 56 -39 39 -41 -42 -43 -44 44 -46 46 47 -49 60 -51 67 -53 79 -55 55 -57 -58 76 -60 -61 73 -63 74 -65 65 -67 -68 -69 -70 -71 -72 -73 -74 -75 -76 77 -78 -79 -80 -81 -82
leaf_value=0.037137897402490912 -0.033184969414339169 0.078576824346759777 -0.048524327390959764 0.0050270532270860757 0.071098740172326438 -0.021520688236561704 0.064593585569353781 0.027148640562741723 -0.0057363225524342453 0.021579221621709509 -0.065274838595076434 0.007141045904572518 -0.026700534181564321 0.020204000815973594 -0.049706555685926926 0.0037820369034281382 0.063819544568754244 -0.016963201918782367 0.023150670946434096 0.047272596850058843 -0.030432493012488397 0 0.064149568582630531 -0.00025362537245321985 0.033981235275830433 -0.02579847999685532 0.078408540246354269 -0.034071037603964231 -0.051206630055354765 -0.041015640995491751 0.044542167678519144 0 0.086174319382055942 -0.047946505397646402 -0.019593387583076834 -0.03862692088417366 0.01662297461388846 0.015048282813143365 -0.09479453991542991 0 -0.025427847870643727 0.020020460850201791 -0.0082478912488185736 0.001287648796794244 0.070355751018126966 -0.046145826633322354 0.089130867285735105 -0.024032275109373592 0.012974191731661394 0 0.065557409430216859 -0.0093039774530574489 -0.085608438242742765 0.014520360845392823 0.018645117630318314 -0.04089281339060806 -0.04202542329777955 -0.029123272631754769 0.034101691380320542 0.0033152899022187991 0.10049207229029218 -0.020758024805621316 0.019556976576674791 -0.070680627093938644 -0.0027755207054981556 0.062940376132075884 -0.072195533231418987 0.020513706098886354 -0.013414638056083644 0.010514809930182605 0.012005932413219601 -0.086197081709403128 0.071607279157077416 0.048008385663628202 0.070962517099632277 -0.018397160029603257 -0.074961484537199585 -0.064024506598276118 0.03669755301057457 -0.092355916033369026 -0.038292315774911295
leaf_weight=12.659826086834071 9.6352113466709834 23.663144827820361 16.351523820310831 15.68622744921595 17.731793500483036 9.5552210733294469 20.37649457808584 10.478124905377625 14.674656549468635 14.800793395377697 10.145128423348071 13.381948193535207 7.2467169165611267 11.430761856958272 6.5196321699768296 10.522768323309711 13.288189835380765 8.9667900707572716 12.898835506290196 11.648500920739023 9.4002842186018842 7.6330046616494682 6.587968660518527 15.964407585561274 12.704616308212278 7.6551453890278927 8.1053101802244765 7.0677538523450485 12.672181647270916 8.2423190120607597 9.2690143967047316 7.5772750480100504 11.407458807807414 13.629729321226476 6.2020733412355176 8.6742460094392282 7.4208950139582184 6.9384784372523418 9.6387054733931947 7.6552190175279966 6.594205528497695 8.5483120037242752 13.345193605870007 18.570979890413582 18.068731208331883 8.5483889048919028 7.3773307148367167 8.4015123872086388 6.7830292414873865 14.367526449263094 11.645118222571911 6.1940414970740667 8.1105019594542664 8.8534961985424143 12.351486192084851 9.803124316968022 8.9257085891440493 6.8375568799674493 8.2068079560995084 6.0066245058551422 6.6858482183888581 10.348902181722226 5.814200838096439 12.495758759323506 7.2673436654731649 7.3734968639910221 14.646112557500603 13.239412141963838 7.3626630734652307 6.2587338741868717 6.5478424942120927 18.90922741685063 16.006175757385794 9.9843000443652254 8.2035315884277207 4.8652646578848593 7.1992764063179493 10.494718798436216 5.2831697892397731 40.156896994449198 7.7077243207022539
leaf_count=128 87 134 156 135 95 79 120 77 73 140 139 98 73 53 102 152 140 116 141 134 103 96 115 137 113 111 66 89 115 97 107 100 146 78 108 112 72 87 141 110 91 59 71 135 127 68 113 123 95 140 71 89 95 92 137 76 106 100 97 96 61 86 101 130 94 71 182 103 113 64 96 256 126 144 123 87 72 177 77 450 73
internal_value=0.000246726 0.00854592 0.0231371 0.0278077 0.0192214 -0.0618185 0.0261358 0.0202813 0.0126225 0 0.0107332 -0.0312792 0.0179674 -0.0189139 0.0112594 -0.00708876 -0.00922598 0.0017829 -0.0205487 -0.0252754 0.0107874 0.0146361 -0.00244735 0.0510856 0.0354578 0.0321196 0.0253614 0.0188693 -0.0188883 -0.03274 -0.0200629 -0.0520989 0.0514757 -0.0170489 -0.00577829 0.00671146 0.0152279 -0.0313289 -0.039694 -0.0548294 0.0130908 -0.0190829 0.0244776 0.030717 0.0400275 0.0251158 0.00793023 0.0265757 0.0434466 -0.0251616 0.0263418 -0.0633716 -0.0786193 -0.020741 -0.0288007 -0.00607316 -0.013161 -0.0325082 0.00282256 0.0514041 0.0567681 0.00153401 0.0296363 -0.0502832 0.0119839 0.0280196 -0.0540158 0.0433878 -0.0459341 0.0413893 -0.00563985 -0.0741827 0.0565461 0.0720351 0.0527759 -0.0707065 -0.0558733 -0.0523598 0.0709209 -0.0856485 -0.0655225
internal_weight=880.499 777.305 286.588 258.806 190.468 103.194 162.109 144.377 124.001 490.717 195.706 37.5833 163.831 27.7823 137.622 295.011 282.351 141.502 140.849 127.95 21.0488 131.103 49.2264 68.3383 44.6752 29.1501 81.8763 73.771 28.3584 106.901 65.9784 40.9229 26.2083 34.4568 112.352 59.8815 51.2072 50.1152 43.1767 32.6539 15.8632 36.3797 89.5441 76.1989 61.5242 66.7032 35.617 27.0686 31.0862 31.8753 43.4555 33.3456 65.6103 52.4707 43.6172 22.1546 16.3466 27.8314 15.862 18.6671 23.4532 20.827 34.8606 21.4625 20.8429 14.6408 24.2013 24.8845 17.5078 12.8467 13.7946 27.1515 28.7108 16.6701 14.0177 24.9987 14.0368 15.36 12.6605 55.9751 15.8182
internal_count=9142 8078 2005 1796 1286 1064 1036 941 821 6073 2387 359 1995 209 1709 3686 3558 1686 1872 1731 237 1607 579 510 376 348 1028 962 250 1494 952 542 286 241 1338 787 675 754 667 515 198 400 580 509 436 873 477 409 396 392 309 442 705 551 459 213 178 341 208 286 300 163 497 246 273 165 261 174 252 179 169 353 239 205 224 405 172 264 190 618 168
is_linear=0
shrinkage=0.0666273


Tree=6
num_leaves=84
num_cat=0
split_feature=27 25 25 9 13 16 12 20 27 29 2 24 12 22 13 23 26 24 20 1 14 20 1 29 22 23 14 11 22 14 11 9 2 18 0 11 27 11 0 0 1 27 14 14 12 18 14 18 16 14 16 2 12 2 14 24 22 23 24 12 23 16 22 18 23 0 23 25 24 7 20 12 20 2 14 14 27 25 27 13 13 29 27
split_gain=88.2504 27.275 14.1986 14.6312 13.6867 9.34454 8.35433 7.21579 11.8597 7.06 7.10544 5.96912 5.94799 5.50867 8.86236 6.063 8.19584 6.59633 7.53547 6.21796 14.6519 5.99057 5.94109 5.42288 7.92231 4.8792 4.85601 4.37305 6.24315 5.1056 5.04035 4.27979 4.21644 7.6541 4.1244 4.06979 5.10824 3.90067 4.00895 3.87616 3.87163 5.01599 4.35613 4.27727 6.0391 6.22653 5.65221 3.60063 3.48022 8.98934 3.7481 3.37437 3.66557 5.23664 3.14434 3.10796 5.83571 3.07246 2.84845 2.79178 2.77917 2.52761 3.47457 2.39796 2.22523 2.098 1.96165 1.92002 1.91771 3.80697 1.75148 1.49589 2.20156 1.4659 1.45002 3.61367 1.41894 1.32546 1.21767 1.17077 0.395727 0.122549 0.0912692
threshold=70.387981521833893 -3141.2785168827781 -217.8833632646315 0.0023297786098574382 54.38363254775718 0.0029315129639928069 23.476529580832949 -3.470869292825324 26.758161381671819 -0.73906953141436005 0.015952804832015961 0.0019671699429018035 570.49094636697839 -0.0096494924685704957 118.6770414416935 -0.0014892683901767121 -437.31326775515095 -0.0082797833656366709 -2.0020779114413725 -0.076003430830284088 0.0021348324685260827 -2.8412478221214408 0.012259690928716817 -0.16410220282735646 -0.011631953998461729 0.0072421560151576534 -0.052055121353430871 -0.019938122135153998 0.00025079720916842968 -0.057666006337219348 -0.0017038103134308644 0.0055000830291543458 0.042661288527541426 2.5149999999999992 0.22451352853965914 0.032711729549029976 64.100203187690184 0.022627109031500173 -0.026293279658315568 0.0036998274706628869 0.41238894993774028 50.379624343557104 0.052885038821470338 -0.074609280198717584 -1.3857641239218643 0.57000000000000128 -0.1014070107393281 -0.020000000000000458 0.0040043357076053028 -0.058657047334776884 0.0060118665409693616 0.0068109626700885518 24.220465033530079 0.016104790655850566 -0.0021753200998868567 0.0095559766742141523 0.01595788809711585 -0.0065010602831523925 0.021345088474088673 -20.599894039171271 -0.0015623216675905158 0.005567034723953041 0.0092820107407988201 -0.26500000000000051 0.00016507146577238177 0.50033339773323737 0.0025277191081466426 -1415.2345465426754 -0.0097371481149640653 0.087104347826086989 -4.8044617196951185 26.246442724929455 -2.2615937964307684 0.014816332121745894 -0.013740117495866342 0.0030091063238968378 93.062527221354785 -697.80664948364029 82.684226904299223 346.23320372395278 235.92740042526984 -0.95390509305196025 96.250873105345661
decision_type=8 10 10 10 10 2 10 10 10 2 10 2 8 2 10 2 10 2 8 2 10 10 2 2 2 2 10 10 2 10 8 10 10 2 2 8 10 8 2 2 2 10 10 8 10 2 10 2 2 10 2 10 10 10 10 2 2 2 2 8 2 2 2 2 2 2 2 10 2 2 8 8 8 8 10 10 10 8 10 10 10 2 10
left_child=2 5 3 6 -3 -2 9 8 11 -1 -11 -5 27 25 21 16 57 -17 19 20 26 -15 37 35 34 32 -19 -7 30 -30 -29 -18 71 -34 70 36 51 38 66 -26 41 42 48 46 45 47 -43 61 49 -9 -50 -10 74 63 -8 56 -24 -16 68 -12 -41 62 -45 -54 -23 -36 -21 -27 -46 -70 -25 72 -6 80 79 -76 -22 82 -33 -53 -20 -28 -39
right_child=1 4 -4 7 13 12 54 40 23 10 59 -13 -14 14 15 17 31 18 73 22 76 64 55 24 39 67 81 28 29 -31 -32 78 33 -35 65 -37 -38 77 -40 60 -42 43 -44 44 58 -47 -48 -49 50 -51 -52 52 53 -55 -56 -57 -58 -59 -60 -61 -62 -63 -64 -65 -66 -67 -68 -69 69 -71 -72 -73 -74 -75 75 -77 -78 -79 -80 -81 -82 -83 -84
leaf_value=0.057708185913737962 -0.090157081194697383 0.088028670221684299 -0.04779875230190108 -0.02646188761815416 -0.084711382662689363 -0.086695451772438911 0.044347795529945423 -0.047642211502755924 0.0027018796638680993 -0.024634744982685055 0.046753262426133355 0.019792122707166515 0.0089086101663056732 -0.024912129094819203 0.014467565970247323 0.050113373543430428 0 0 -0.0066132213057479476 -0.071588114268915828 -0.0054252768593907458 0.068369228237044138 -0.0017163692483876222 -0.0039503079070652121 0.025469232863028005 -0.021872344890851571 0.048992479216704368 0.030547202926405503 -0.0084728354674308681 -0.077301322279555315 -0.034711360239594376 -0.034941883429737475 0.052930619381952225 -0.054901601611608564 0.086774967834359965 0 -0.0017467563083991373 -0.039964695449271871 0.014428506742320144 0.0064288558633704305 0.04466741761563927 -0.015638683066345818 -0.026381612172406903 0.052726964031028695 -0.057421323230640559 -0.053817743765829047 0.061227555706207602 0.058158440824797646 0.062069985201294794 0.032430924715570478 0.010527360776527835 0.092333030136397917 0.020529497208731526 0 0.092537279596601921 -0.019030901142253996 0.084448927449873187 -0.037721380740715439 -0.087796000935149318 0.0036944593399843356 -0.035494698502571774 -0.04204769171516138 -0.017109877297971057 0.082102366662848036 0.015456731101617575 0.029059262009901013 -0.0076324171925315834 0.034160984838816577 0.020121466329078956 -0.048095701565802139 0.03470288488765514 -0.02066856251574432 -0.031393104401875378 -0.085847715987840537 0.0070554845334020082 0.069894168867540685 -0.058438456652457699 -0.020394156385275329 -0.086116905782965616 0.04811657675628353 -0.04614395440841406 0.092200537385863923 -0.08568350552343168
leaf_weight=25.077712036669254 26.678554728161544 5.5238181715831152 13.357048913836477 28.86106226593256 15.164104456081985 12.191801924258469 16.638646150939167 9.6676695542410034 7.8700401792302719 14.55495550110936 19.160871379077435 20.752760390285403 7.9240255793556562 6.6846276763826635 13.005314208567144 7.7852070825174442 4.5905933286994722 6.3372314292937508 4.7870684657245892 5.0650805989280325 6.1161578306928259 9.8417205307632702 7.4047528011724371 9.1584196565672737 11.860215690918265 5.0516872443258762 7.1338683385401955 7.9530836958438158 8.0791669590398651 19.878498632926497 13.512014641426505 6.1480824416503337 4.736903955228625 6.7858545696362853 9.025230288505556 11.8180267047137 7.9434399520978323 5.1170315863564593 11.200749001931404 9.3480632621794957 8.9216021932661516 8.823673880659042 9.5962411081418377 5.9345226958394033 7.4526859717443648 7.1539259403944007 7.1504918579012147 6.4992253528907904 13.883830642327668 16.670225231908262 15.365678085945545 17.835787042975422 7.4051890987902871 11.623351781629024 17.609552367124707 8.0522224521264416 5.3110649771988392 7.6483930423855773 5.9569613356143227 13.456062322482465 17.48902742844075 4.4500589724630126 5.355769113637507 8.5230383118614572 9.2222957741469127 8.157156899571417 6.3586271787062287 5.0849370975047332 6.9311736933887023 6.5552936429157853 8.6188761619851011 6.5874422332271925 8.3614847343415075 5.7406664639711371 8.2374403662979692 12.443147272802888 6.6081209424883127 6.3083977196365586 15.471164949238299 9.2736052051186544 5.7795634707435966 7.3390953727066544 6.9813349032774568
leaf_count=136 342 50 123 131 212 167 107 83 88 96 108 127 46 103 158 107 87 106 74 85 86 93 123 69 134 104 113 70 85 232 145 103 84 110 113 113 123 101 127 102 79 118 80 98 106 98 90 68 120 140 122 155 88 139 78 115 85 98 81 72 148 82 109 85 122 73 116 64 123 103 98 110 130 66 67 140 87 91 252 93 104 88 96
internal_value=0.000604065 -0.0251542 0.018758 0.0207077 -0.0133071 -0.0553887 0.0426574 0.0143169 0.0217941 0.0287976 0.0124851 -0.00634132 -0.0413368 -0.015812 -0.0103122 -0.0160889 -0.0365869 -0.00768918 -0.0121241 -0.00448871 0.018008 0.025392 -0.01733 0.0299131 0.0152069 -0.0353859 0.0530645 -0.0484264 -0.0379824 -0.0589261 -0.00871184 -0.0613203 -0.0455268 -0.00717325 0.0382565 0.0400234 0.0448006 -0.0322267 -0.0113753 -0.00469343 0.00248684 -1.66491e-05 0.0130867 -0.0123691 -0.0213012 0 0.0166305 0.0170339 0.0206409 0.0014877 0.0364873 0.0497001 0.0540858 0.0316424 0.0705314 0.0102844 0.0318396 -0.00314212 -0.0440258 0.0302578 -0.0195127 0 0.0164459 0.0563146 0.0450855 0.0620696 -0.0398572 0.00258765 -0.0292277 -0.0103801 0.0127776 -0.0588275 -0.0676956 -0.0539886 0.0660871 0.0469346 -0.0362932 -0.055493 -0.0736621 0.0789571 -0.0321561 0.0742356 -0.070194
internal_weight=838.02 345.552 492.468 479.111 249.335 96.2171 106.498 372.613 226.244 72.2496 47.1719 49.6138 69.5386 243.811 192.038 166.29 46.8635 119.426 111.641 95.3337 33.5345 25.7486 61.7993 176.63 73.657 51.7724 20.8102 61.6146 49.4228 27.9577 21.4651 26.2098 41.6358 11.5228 34.9597 102.973 91.155 41.0312 22.6245 38.6973 146.369 137.447 65.1836 72.2638 56.2896 29.3935 15.9742 22.2396 55.5874 26.3379 29.2495 83.2116 75.3416 27.5516 34.2482 20.768 12.7158 20.6537 26.8961 32.6169 26.8371 15.7404 11.2903 15.9282 19.064 17.1824 11.4237 10.1366 20.9392 13.4865 17.7773 30.113 23.5256 16.3073 47.79 20.6806 12.7243 18.4068 21.6192 27.1094 10.5666 14.473 12.0984
internal_count=9243 4737 4506 4383 3650 1087 597 3786 2086 412 276 258 745 3600 2786 2468 698 1770 1663 1419 480 318 939 1828 737 814 307 699 532 317 215 442 646 194 353 1091 978 616 328 384 1700 1621 545 1076 868 455 208 357 465 223 242 855 767 312 185 323 208 256 413 180 250 289 207 173 215 186 201 168 332 226 167 452 342 244 455 207 173 288 355 248 178 201 197
is_linear=0
shrinkage=0.0666273


Tree=7
num_leaves=82
num_cat=0
split_feature=27 26 27 25 21 25 2 10 24 2 9 18 15 9 9 24 20 14 24 23 17 28 15 24 2 21 18 14 14 1 24 17 18 17 1 18 17 28 17 18 9 15 13 21 0 0 25 24 0 20 14 2 27 23 20 11 15 10 28 26 20 15 11 21 10 17 18 24 23 24 13 23 15 18 8 20 17 9 18 11 15
split_gain=61.648 18.9454 14.9056 10.0013 8.32934 8.09947 7.50736 6.89298 6.52674 6.38959 6.37307 5.95237 8.19874 5.94221 5.49689 5.46814 5.46055 5.91709 4.58681 4.56094 4.32857 5.00122 5.79923 6.07658 5.11504 5.08622 4.49948 4.40248 4.32586 4.26375 5.05924 4.25897 5.35402 4.95438 4.81593 6.98753 4.62519 3.89539 5.17377 4.39722 4.68035 3.76154 4.73504 3.71058 3.62917 3.56122 3.42571 6.12476 3.36944 3.1156 3.05359 2.79062 2.73456 2.87581 2.64021 2.62385 2.61493 2.59462 3.12126 2.53172 2.33321 2.28145 2.26154 2.2149 2.01025 2.81506 2.00055 1.99991 1.99254 1.90422 1.8041 2.84934 1.16306 1.08465 1.06551 0.997909 0.821181 0.81217 1.24642 0.347189 0.226759
threshold=96.524402447584109 -259.73820279140642 58.084669186842468 -217.8833632646315 2.8149757222114555 -425.72581530371775 0.014959841897693423 0.078457636289936919 0.0038782411441014024 0.040229498074047833 0.005203656402528397 -1.8499999999999994 -0.00061825701231187817 0.0026623134828706332 0.0085518778547383472 0.0010839972822018764 -2.2615937964307684 -0.013740117495866342 0.0038782411441014024 0.0040668938748048564 0.41116082438776241 4.3492620816869065 -0.0017337644248944836 -0.012185549213974243 0.020304001777594453 7.0777230178805155 -0.14999999999999944 -0.012885968153881986 -0.069931943698467655 0.11101134229610578 -0.020037896718637978 0.70956342104555514 0.30999999999999966 0.51301804089127168 -0.10632182041404929 -0.035000000000000135 0.77217707503558752 4.3492620816869065 1.1621020835043472 -0.39499999999999952 0.0095217122913450122 -0.00096162107047598449 352.39549672465995 2.3682114542195158 0.055389977493902738 0.2084107688928685 -620.88750445713151 0.016727238431305861 -0.045322895509499299 -5.1874401974829807 -0.011714014484625833 0.0184890208557866 118.72554638527548 0.0012474666299152617 -2.492811561276401 -0.00037324943901262392 0.00028001261111422796 0.031575918065107643 -0.6279395301756665 -1156.8905154378433 -3.916777111411998 7.475451733000858e-05 0.010822246240976498 3.090680329338706 0.0046077910435370567 0.70609025611748366 -0.28500000000000009 0.015478081692172132 -0.0014892683901767121 -0.011127672279772348 54.38363254775718 -0.012075068470993487 0.00022073522130498547 -0.72999999999999943 0.002090412588137231 -3.9988703074361065 0.83519369858438386 0.010043095977934888 0.83499999999999919 0.010965551374299 0.00057546410925925315
decision_type=8 8 10 10 10 10 10 10 2 8 8 2 2 10 10 2 10 10 2 2 2 10 2 2 10 10 2 8 8 2 2 2 2 2 2 2 2 10 2 2 10 2 10 10 2 2 10 2 2 10 8 8 10 2 10 8 2 8 8 10 10 2 10 10 10 2 2 2 2 2 10 2 2 2 10 8 2 10 2 8 2
left_child=2 6 3 4 13 9 56 20 15 11 -10 12 -4 41 31 29 17 28 44 -20 -6 22 26 -24 57 27 -22 -23 49 73 -31 32 33 34 -13 72 -33 38 39 40 -16 -1 48 52 -19 59 47 61 -43 -15 -26 67 53 -8 -45 -39 -2 58 -25 -11 -38 -41 -57 80 -30 -66 -40 -35 -18 -62 -47 -72 -36 -3 -71 -51 -42 78 79 -12 -34
right_child=1 8 5 -5 7 -7 43 -9 10 45 77 14 -14 16 37 -17 68 18 19 -21 21 25 23 24 50 -27 -28 -29 64 30 -32 36 63 51 35 -37 60 55 66 46 76 42 -44 54 -46 70 -48 -49 -50 75 -52 -53 -54 -55 -56 62 -58 -59 -60 -61 69 -63 -64 -65 65 -67 -68 -69 -70 74 71 -73 -74 -75 -76 -77 -78 -79 -80 -81 -82
leaf_value=0.072897100508845708 0 -0.027397274592118222 -0.026026822661132768 -0.040328372195832553 -0.036883372229978027 0.059257643665632895 -0.071116624909070114 0.055213202547346303 0 0.0078394887699914199 -0.056084632193712243 -0.026367674071125922 0.078001586385722493 -5.3023893947954395e-05 0 0.010080919021226896 0.017683483559591279 -0.046684194296063394 0.056284175854899254 -0.0018979853410257931 0.01026777725798996 0.039125968153827316 0.054476898744318464 -0.011847412135679981 -0.042811737123206024 -0.054025995119263384 0.072767446837676136 -0.017379979080119068 0.091193754363195767 -0.048625287431170269 0.013534334065813877 0.059995468915991321 -0.073254801315365201 -0.05480286847609963 0.091082688404668946 -0.018544483607048697 0.03037893910422158 -0.081484967033958924 0.04293807562339625 -0.029686109980936671 -0.085235060615085248 -0.0010128493526497515 0.064854418329346311 -0.022668219661964157 0.010000445682939476 0.035879052396765386 0.02241957138610419 -0.072304399056226362 0.039353447819151892 0.056150766912470333 0.0013264503315057082 0.013960595404216392 0 -0.011092709349941457 0.032123007130406334 0.0023398401802152556 0.05694820112328923 0.042625805626624748 0.030527853724722779 0.071684938746334859 -0.040188102150831677 0.02372497813830074 -0.056025492353561045 0 0.065058519253846661 0.0094491178537157872 -0.0049787823792010787 0 -0.021112005696575155 0.025694039714324005 -0.038521210063846255 0.018527668094495603 0.032827864588746432 -0.069814122275885418 -0.013287767707965128 0.017389864752451141 -0.028759082567840294 -0.028938842373208498 -0.028206320489140953 -0.084384552277395886 -0.030346402592725481
leaf_weight=21.085118013434112 6.5807305341586497 7.6546225531492409 5.0348780453205109 11.146987110376356 9.2917173784226161 9.2601466653868538 9.8170254360884481 14.071639556437729 6.6914347335696212 6.3627928746864191 14.7757690041326 5.9732839399948707 7.7472186954691988 12.830715963616965 4.5147593542933491 10.980405716225503 8.6664185365661996 8.8855783902108687 11.930962833575906 9.4393760738894326 11.179356533102693 9.4552823565900308 10.352394846267996 19.695554652251303 15.050131880678235 9.2476419555023295 12.91829638276249 16.242751873098317 9.2263739658519643 10.631605722010137 11.096583472564815 8.4109290018677694 6.9431571089662629 10.305499533191329 6.56683433894068 5.3463152796030089 9.0156686361879093 8.5972174648195487 7.3829208053648472 5.9337159218266633 9.7067765584215504 15.669353814795612 17.267233996186405 5.9056535447016349 9.3451974000781757 5.2804472660645869 9.2621037061326223 7.5652964990586034 17.273831835947931 10.0527416029945 9.8602592526003736 5.2848568111658087 8.4618873205035907 8.326452103443442 9.1724198739975673 4.8733099121600407 10.300896332599221 10.640590111725023 12.063877691514799 8.3716814527288061 6.2732616793364313 8.3263787822797877 4.5583456056192517 4.9437721520662299 12.897442029789092 8.5587809979915601 5.3689678199589235 5.8183463872410348 14.999334704596547 5.5875798864290136 7.4726437153294674 6.8888161070644847 5.9123790021985769 17.546400202438235 5.6895280592143536 9.8095114910975116 4.2489748680964103 5.4446573285385957 5.4901673682034007 32.95479425182566 5.4838027730584145
leaf_count=127 87 107 86 123 87 141 149 106 108 109 204 93 116 100 76 135 97 99 130 97 97 98 74 161 138 93 109 135 102 120 96 110 122 156 88 76 114 125 100 113 200 100 102 94 101 54 118 128 82 82 76 70 87 88 138 79 120 72 88 123 102 105 86 79 159 81 97 99 149 94 135 115 111 244 74 82 72 96 74 496 87
internal_value=0.00161791 -0.0323182 0.0119122 0.0202576 0.0222671 -0.00107638 -0.000442972 0.0105868 -0.0471327 -0.00376647 -0.0621288 -0.00868174 0.0342237 0.031504 -0.012006 -0.0294322 0.0222178 0.0289061 0.00745798 0.0289622 0.00597163 0.00920151 0.0168228 0.00733255 0 -0.0118744 0.0455945 0.00202873 0.0416555 -0.0394959 -0.0152468 -0.000957774 -0.0117263 0 0.0212463 0.0394238 0.0171834 -0.0249184 -0.0160559 -0.0261273 -0.0522362 0.0473818 0.0357231 -0.0162631 -0.0156896 0.0223056 -0.00921251 -0.0244444 0.0190733 0.0226908 -0.0239023 -0.0227785 -0.031491 -0.0459803 0.00812848 -0.053058 0.0361675 0.0140435 0.00311152 0.0470447 0.00193598 0 -0.0222847 -0.0430018 0.0604127 0.044869 0.0199587 -0.0371983 -0.00527071 -0.0106357 0.00159522 -0.00859844 0.0672272 -0.0586788 0.00274682 0.0391951 -0.0712421 -0.069139 -0.0724411 -0.0766249 -0.0579499
internal_weight=785.299 181.832 603.467 369.154 358.007 234.313 58.5651 160.069 123.266 225.052 65.3568 190.676 12.7821 197.938 177.894 57.9096 126.642 102.977 39.6011 21.3703 145.998 136.706 101.76 77.6628 67.3104 34.9457 24.0977 25.698 63.3756 46.9292 21.7282 97.5552 62.5782 45.2075 23.7988 17.8255 34.977 80.3388 62.3099 49.558 18.4705 71.2955 50.2104 41.6834 18.2308 34.3764 31.0875 21.8254 32.9432 32.693 24.9104 21.4087 26.6054 18.1435 15.0781 18.0289 16.8816 42.4 31.7594 14.7345 26.566 14.2601 9.43166 17.3707 30.6826 21.4562 12.7519 16.1238 23.6658 17.5504 19.6419 14.3615 12.4792 25.201 11.2771 19.8623 13.9558 58.6654 53.2207 47.7306 12.427
internal_count=9243 2443 6800 3147 3024 3653 763 1334 1680 3512 978 2976 202 1690 2774 702 1279 1033 427 227 1228 1141 815 609 535 326 206 233 606 567 216 1475 981 693 368 275 494 1299 1009 812 348 411 284 556 200 536 464 346 182 264 214 325 324 237 232 290 207 321 249 232 384 218 165 288 342 240 197 255 246 270 304 250 199 351 168 164 272 870 774 700 209
is_linear=0
shrinkage=0.0666273


Tree=8
num_leaves=77
num_cat=0
split_feature=27 27 20 9 1 23 19 22 18 21 29 10 5 18 18 14 22 27 22 4 14 1 22 27 23 23 10 9 10 13 29 4 13 7 18 5 22 9 11 21 19 3 18 4 29 20 21 23 7 5 13 27 20 24 15 15 29 1 1 29 9 11 10 3 11 11 22 29 5 5 27 3 15 10 29 24
split_gain=46.4764 14.7078 13.1764 9.55065 8.22357 7.07979 7.96526 10.4348 10.1031 9.73861 8.68016 6.97597 8.57782 6.23652 5.9661 5.85668 5.06079 4.55179 4.49933 4.46207 4.30424 4.24644 4.34919 4.24157 5.75302 4.1639 4.12327 5.1454 4.16922 3.75021 3.49488 3.34758 3.27677 3.20218 3.45426 3.12375 3.06263 6.5272 5.53112 8.4715 5.52298 7.64069 4.8528 5.37366 4.09562 4.90015 3.8734 4.11749 3.37206 4.77388 4.12897 3.71477 2.99032 2.91774 2.83834 3.04509 2.80678 2.76482 2.69666 2.57512 2.57003 5.37373 2.44524 2.30608 5.36623 1.9109 1.57243 1.50425 1.489 1.48884 1.47589 1.24271 1.18239 0.909394 0.747805 0.0268668
threshold=75.016418461220937 19.940971934374428 -3.5808019781765936 0.0082175203127836677 0.088633979095816842 -0.0085269189885830415 1216.4999999999911 -0.011004161537887245 -1.0450000000000015 0.86889092274270963 1.3181159366428488 0.11551021509854344 0.2517605633802818 -0.39499999999999952 -0.30999999999999955 0.013388152251634479 0.042366295448699971 87.062137981338694 0.031674106997389491 0.4000000000000003 0.030123256391737966 -0.20143193785836014 0.048320529504899297 51.868107364139462 0.00032323614474283341 -0.0018494401924290524 0.0007049257755057304 0.010370568402150152 0.0078111333196277536 134.0768817743691 -1.4079846302306092 0.15000000000000027 223.36019120088474 -0.064412541806019991 1.2749999999999997 0.08559218559218558 -0.012267825951682907 0.0052824765264361034 0.0050753501847759794 6.9220122750159829 283.4999999999946 9.5000000000000018 0.59499999999999986 0.15000000000000027 1.0908241227348976 -5.0397603705879712 2.7562760195214908 -0.0029587120655873984 0.27587777777777794 0.13736367410090952 381.81137438628895 29.812981554671762 -4.589040596551488 0.0060329392654133738 0.0018151321159546399 -0.00061065273370197899 0.88517846450562687 -0.071373990248162364 -0.10037685316212851 0.17425690717713749 0.011042365421325575 -1.0000000180025095e-35 0.0038732223653282663 6.5000000000000009 0.0056929498656581876 0.0017768514271380572 0.038062108417941005 -0.53455512670393313 0.031250000000000062 0.08462640248269282 51.496672467639364 18.500000000000004 0.00060703326375575941 0.0044733171488881918 -1.1584054315322003 -0.01301332095937041
decision_type=8 10 10 10 2 2 10 2 2 10 2 10 10 2 2 8 2 10 2 10 8 2 2 10 2 2 10 10 10 10 2 10 10 2 2 10 2 10 8 10 10 2 2 10 2 10 10 2 2 10 10 10 8 2 2 2 2 2 2 2 10 8 10 2 8 10 2 2 8 8 10 2 2 10 2 2
left_child=1 15 4 11 52 33 9 10 62 -7 19 12 21 16 18 -1 26 -10 32 -8 23 -3 30 -15 60 56 69 -28 -29 -16 35 -31 57 -4 -35 -23 37 44 39 42 48 -42 43 -38 65 -46 -39 -48 49 54 70 -51 73 -22 55 -40 -6 -11 -34 67 -25 -62 -9 64 -54 -32 -65 74 -20 -5 -50 -33 -66 -2 -19 -36
right_child=2 3 5 13 25 6 7 8 17 14 -12 -13 -14 20 29 -17 -18 59 68 -21 53 22 -24 24 -26 -27 27 28 -30 31 36 71 58 34 75 -37 38 46 40 -41 41 -43 -44 -45 45 -47 47 -49 50 51 -52 -53 63 -55 -56 -57 -58 -59 -60 -61 61 -63 -64 66 72 -67 -68 -69 -70 -71 -72 -73 -74 -75 -76 -77
leaf_value=-0.053834086947887709 -0.033934681307480771 -0.014633632621337357 0 -0.085554657463610365 -0.060102256530709317 0.050370026585979603 -0.013673219896115521 0.0044837876182123827 0 0.054406478420707637 0.034571122061179647 0.060138245165977655 -0.032465826579627856 0.0592292403296635 0 0.0043076330027595755 0.03821480458694386 0.080415373907469417 -0.06897002932587451 -0.099712744759930513 0.0022374635043853086 0.017223682418403732 -0.0079438888512580515 -0.038255731696115534 0.046214832761404909 0.014596625173266804 -0.049761185135327138 0.043895745342044191 -0.024796151141562597 0 0.091691634251402088 -0.071140324255476672 -0.055704984917999981 -0.00090712543333969643 -0.086200835312913213 0.072689804758218415 -0.0275696999563858 0.046830265773129306 0.034387043066656638 -0.053942303252454117 -0.04336692555833329 0.039911623884912803 0.041753089913053841 0.028402284726541025 -0.0035885148489744993 0.051407517393763917 -0.047059410516028938 0.017659344997561829 -0.0283730602877965 -0.016452492804796864 0.041695909654464292 0.042713613686107717 0.01370340053737174 -0.05624855657161127 0.016389872953148029 0.080050003085264498 -0.0014787520369877046 0 0.012167962076340379 0.028316359800084265 -0.045132313115459843 0.032937161107398291 -0.056078620635849952 -0.07109991316243551 -0.070431139848011651 0.043030276131042711 -0.028657062393902703 0.1138151474806095 -0.0069862831205349052 -0.02377714890916487 0.0092310539861968008 -0.020315081668926677 -0.024380444171766217 0 0.024740888037553272 -0.041359205374073303
leaf_weight=18.835135369561613 5.0620915554463846 12.151883427985011 6.3811047198250916 6.8517945972271237 8.1352721937000769 8.1782865393906814 7.2196317603811639 5.0624543428421003 5.688974471762779 8.9382402710616571 6.7396735306829205 21.04194079246372 12.792483337223528 10.817809511441736 7.4214848866686216 10.973823397420349 4.9876032527536145 4.6878463942557609 4.8167255474254462 5.8059845380485058 7.936452617403118 9.9908573962748068 16.349695877172053 8.1363871106877941 13.091160774696617 15.713676474988459 9.8470582775771636 8.1859798002988082 6.6156987976282826 4.4511837987229255 12.007957041263582 20.515672794077549 4.4578548949211836 5.1626137550920275 8.4035042142495531 13.889966474846004 17.200241384096447 6.6856090091168907 15.468767354264847 10.191349905915557 10.765712196007373 8.5184440026059729 16.459360812790692 13.225684279110281 10.91289379168302 15.708234751597045 8.06369669362903 8.1376068340614403 8.5502375336363965 9.413345420733096 11.975687444210051 8.3162971753627044 6.3423634613864124 5.5484621375799179 10.368849395774303 21.14864799333737 9.0083029679954034 6.2413532724604037 4.3474506973288936 8.5957347424700838 5.502717690076679 11.74786750553176 4.6671697814017534 38.556847329484299 10.329532572999602 12.049837925471364 8.3061975464224798 6.8854889273643503 5.1466211113147446 5.3654652545228609 7.7275830432772628 5.1068404428660861 7.8490792335942379 6.4078422700986266 5.1748522128909826 4.8673086119815663
leaf_count=161 71 141 71 102 109 94 125 83 109 115 107 145 124 131 110 67 85 84 73 74 123 122 159 151 144 140 148 140 110 94 103 380 81 115 138 111 149 82 159 82 116 84 134 113 68 149 110 93 89 99 98 77 83 81 88 227 122 118 89 88 99 152 89 630 167 91 119 80 116 91 89 67 96 94 92 95
internal_value=0.000486993 0.0134919 -0.0208506 0.0166635 -0.0381701 -0.00844635 -0.00232971 0.0155441 0.035145 -0.0164024 -0.0229115 0.0222395 0.0194989 -0.000514965 -0.02467 -0.0312315 -0.0207436 0.0540211 -0.00316143 -0.0556236 0.0123773 0.0218952 0.0236054 0.0218664 0.0101826 -0.00847771 -0.0298777 -0.0120673 0.0106821 -0.0430354 0.0256861 -0.0534579 0.0112518 -0.0412369 -0.0552228 0.0513303 0.0229773 0.0348839 0.0175521 0 0.0261336 -0.00457982 0.0126491 -0.0019637 0.0482649 0.0275319 0.00346792 -0.0123363 0.032914 0.0415499 0.0116684 0.00927437 -0.0494466 -0.019356 0.0528469 0.062019 -0.0317932 0.030884 -0.0182535 0.0660475 -0.00705251 0.00565565 -0.02108 -0.0547282 -0.0342097 0.0693141 -0.0645071 0.0827248 -0.0413172 -0.0621345 -0.00825982 -0.0626742 -0.052998 -0.0129938 0.0558318 -0.0732492
internal_weight=744.232 463.556 280.675 433.747 115.711 164.964 140.15 60.5278 40.7625 79.6217 19.7653 329.113 308.071 104.634 71.4434 29.809 41.8536 31.0329 33.9482 13.0256 62.7809 295.278 283.127 49.2959 38.4781 32.8573 36.866 24.6487 14.8017 37.4952 266.777 30.0737 23.9849 24.8145 18.4334 23.8808 242.896 73.5658 169.33 57.0766 112.254 19.2842 46.8853 30.4259 50.6789 26.6211 22.8869 16.2013 92.9694 64.7159 28.2535 17.7296 82.854 13.4849 46.9863 36.6174 17.1436 15.1796 8.80531 25.3439 25.387 17.2506 9.72962 71.384 24.521 24.0578 46.863 16.7482 9.96335 12.2173 16.2778 25.6225 18.1786 11.4699 9.8627 13.2708
internal_count=9205 4887 4318 4659 1631 2687 2268 931 625 1337 306 3102 2957 1557 1243 228 676 453 592 199 881 2833 2692 677 546 371 591 398 250 651 2533 541 403 419 348 233 2300 696 1604 478 1126 200 396 262 411 217 285 203 926 650 276 176 1260 204 474 386 231 233 170 344 402 251 172 1095 346 194 749 256 189 193 178 447 263 165 176 233
is_linear=0
shrinkage=0.0666273


Tree=9
num_leaves=75
num_cat=0
split_feature=27 26 27 26 14 29 18 21 19 22 29 22 9 5 0 4 18 25 25 18 27 21 9 14 14 9 28 9 24 23 14 9 5 3 22 22 11 14 11 22 3 29 3 29 29 14 22 9 5 2 25 28 27 29 11 24 19 25 22 29 19 3 5 11 17 0 23 19 18 28 18 25 22 25
split_gain=34.2136 11.5666 10.2531 7.6821 7.56341 7.49642 5.8983 4.8273 6.45141 14.1644 6.57244 6.53951 4.67309 4.48474 9.56266 6.55041 6.74591 5.90866 8.48912 5.68935 4.62341 4.46701 4.37011 6.0407 5.37636 4.34745 4.55456 4.33611 4.27831 5.97771 3.9965 3.95517 5.68836 4.93219 4.92202 4.09416 3.93673 3.87775 3.84412 4.48445 4.03638 3.79724 3.77475 3.75661 3.74395 3.47583 4.57547 4.21746 3.52465 3.55798 3.45566 3.15825 3.02947 4.21654 2.84237 2.74566 2.65722 3.25075 2.58612 2.25321 2.10258 2.03855 1.97462 1.94879 2.65207 1.80745 1.76651 1.56124 2.34301 1.47788 1.39613 1.27778 1.05913 1.83539
threshold=75.016418461220937 -19.241572394348328 19.940971934374428 -218.07055733165092 0.021891157894025851 2.2009678174029683 1.0950000000000017 0.83332770788837818 1099.9999999999957 -0.0066473583597475008 1.3181159366428488 -0.020814716194712531 0.005203656402528397 0.18301435406698571 -0.12384852333610701 0.19999999999999987 0.42000000000000087 -439.49365720107846 -400.49778938260346 -0.21499999999999983 69.793488452400268 2.0973945675784181e-16 0.013928652570887224 -0.070979063415296736 -0.017479486811935615 0.01135069108266556 -5.4742491277702623 0.0070213897143957321 0.0015083521923460188 0.0080788163663421137 -0.13177061570655393 0.0038999489016199175 0.082294392283618054 14.500000000000002 -0.0096494924685704957 -0.031522417080156455 0.022017716582948241 -0.028116520753955317 -0.00052773823822521704 0.038062108417941005 10.500000000000002 0.18857862175525283 14.500000000000002 1.0652319302517699 -1.3069614903187989 -0.1076446174671125 0.014609212277427399 0.0038999489016199175 0.10765565642907736 0.027560897197819515 -524.02984681459986 -2.0653413087801904 83.464289077368662 -0.46570388033538396 0.010073772672285113 0.0069254285200033303 198.25000000001458 -789.28915846489724 0.010294819818728708 0.73151446771380135 4586.5000000000155 10.500000000000002 0.042553191489361694 0.012566695342035654 0.5349219845321832 -0.15578402051128101 0.00061781460921528375 570.99999999999284 -0.030000000000000245 6.2759597783298426 -0.42500000000000066 -626.38988098378513 -0.0055408714063696065 -724.37037019045658
decision_type=8 8 10 10 8 2 2 10 10 2 2 2 10 10 2 10 2 10 10 2 10 10 10 10 8 10 10 10 2 2 8 10 10 2 2 2 10 10 8 2 2 2 2 2 2 8 2 10 10 10 10 8 10 2 10 2 10 10 2 2 10 2 10 10 2 2 2 10 2 10 2 10 2 10
left_child=2 6 4 21 70 30 7 -2 11 10 41 -9 61 15 -15 16 17 27 -19 37 58 -4 24 -24 25 26 -23 44 62 65 -3 33 35 34 -26 -33 45 -20 40 72 -32 -10 60 56 -5 -28 47 -47 49 -49 -18 -48 54 55 -14 -54 57 -34 -17 -25 69 -13 -11 -57 -65 -30 -27 68 -37 -8 -1 -46 -40 -74
right_child=1 5 3 13 -6 -7 42 8 9 28 -12 12 52 14 -16 20 50 18 19 -21 -22 22 23 59 31 66 36 -29 29 -31 38 32 43 -35 -36 67 -38 -39 39 -41 -42 -43 -44 -45 71 46 51 48 -50 -51 -52 -53 53 -55 -56 63 -58 -59 -60 -61 -62 -63 -64 64 -66 -67 -68 -69 -70 -71 -72 -73 73 -75
leaf_value=-0.028387020758011385 0.038077870380945456 0.0066698003536935545 -0.043502325452223815 0.020107969743512942 0.014564369579164434 0.031278574100934348 -0.028737216859328455 0.053596540698410314 -0.0061101411588278549 0.081498600977298788 0.02210692418812114 -0.014914669685996406 0.032271577114049585 0.049459713350592384 -0.036101958973197984 0.0034168631523756273 0.025709013026235693 -0.034478318376264833 0.0074274111631654005 0 0.043743566244288039 -0.022452117286307909 -0.077326170269833364 0.023992065099447832 0.06328942395392502 0.024914032857470399 -0.0049711901110623263 0 0.070531654393677923 -0.041560837908492618 0.0031834839589392682 0.014818097033573698 -0.02583964082146592 -0.013817671066347488 0.0035275337041327649 -0.045824823861481526 -0.017019307013273116 0.069859380438433746 -0.029850946369192246 -0.0048342915631519549 -0.053412835230114059 -0.072324597720260175 0.0052577567042780046 -0.018687886763935076 0.040964527910732032 0.073949027481104504 0.03694603410784205 0.047907874085250921 0.059236845562589339 -0.010779037161160188 0.087628654712447421 -0.021963449074888421 0.0090586467114156313 -0.07205407005846666 -0.033278115449753586 -0.071467865463522379 0.045244728719353762 0.031359824854699861 -0.045988967159164562 -0.02868584970927459 -0.0045144869295293691 0.030830478018734654 0.023581844760168384 -0.053895791105790063 0.014784552531020069 0.0084372943753798085 0.088825655989702379 -0.061627217020991623 0.0051525848363196949 -0.077771197111237089 -0.08051847286450968 0.085144711014329424 -0.073289245391948865 -0.016353896298964284
leaf_weight=8.0423172349110228 12.198982883710412 5.5188558334484696 7.0905013438314191 12.24447365477681 9.9631985854357499 5.9161581899970761 8.7382689835503786 4.6001323731616131 7.9603129653260174 10.896838066168131 7.9892141697928301 9.323884912766518 4.8311113999225181 9.6594855403527635 14.018200832884757 6.9500668505206731 8.2270500990562159 12.474266880191861 8.397580468095839 21.186010372824967 6.4240018096752456 10.324451677966861 5.691760940942916 8.7940959446132165 13.625361538492143 6.0917729092761856 10.044754644390194 7.7626155233010641 5.2351200850680479 5.4600547715090206 12.312745762057604 6.1586327031254795 8.046197338029744 12.414583120495079 13.681003174744546 7.6019485439173895 8.554083039518444 14.940279026515782 8.1130443979054672 8.4138365483377111 8.6228179521858674 11.13659299071878 6.9151437468826762 14.497879866044967 9.4334100065752846 15.992046344093977 6.8473912356421351 6.6290167253464523 10.344291996676473 12.324869511649011 16.136106107383966 9.157195813488217 6.4124712077900723 16.026287428103394 6.618716754950583 5.5731830098666242 12.463607853278516 9.0511679542250949 9.0247962074354273 5.7580939605832091 6.1461982205510131 7.3169776163995257 6.5576062053441992 4.093117402866481 4.6584261292591691 6.1975252339616427 6.246328589040786 11.498109727166591 5.8147801659069955 9.864826509729026 7.7160087316296986 15.987528379075231 37.899209322407835 4.7216081679798725
leaf_count=78 145 61 80 114 63 60 146 88 133 134 124 124 89 105 129 75 109 89 95 156 85 149 94 138 89 91 95 127 91 129 126 104 92 96 112 133 111 129 102 130 128 175 131 131 142 127 90 116 102 154 128 100 121 280 152 102 149 94 129 86 105 86 112 100 127 120 99 161 100 163 87 154 654 80
internal_value=0.00104625 -0.0177664 0.0124341 0.0150111 -0.0277682 -0.0370441 -0.0074284 -0.00137656 -0.00538544 0.00992054 -0.0251805 -0.019468 -0.0253507 0.0258459 0 0.0301205 0.0360004 0.027793 0.0125142 0.02661 -0.00147688 0.00719051 0.00889038 -0.019928 0.011762 0.0228679 0.0171359 0.0460182 0.038704 0.0117432 -0.0422594 0.00149464 -0.00712745 0.0187329 0.0349256 -0.0291531 0.0227634 0.049217 -0.0461161 -0.0551679 -0.0185148 -0.0469769 -0.0334358 0.00758297 0.0553307 0.028096 0.034139 0.0449743 0.0275646 0.00794597 0.0685656 0.000969044 -0.0359114 -0.0453039 -0.00224985 -0.0224304 0.0217888 0.00222304 -0.0222765 0.000456896 -0.045757 0.00300526 0.0622996 -0.0391295 -0.0133802 0.0407214 0.0610103 -0.0415778 -0.0210829 -0.0571926 -0.0568353 0.0705814 -0.0627224 -0.0679577
internal_weight=709.601 266.269 443.331 417.61 25.7215 91.5183 174.751 143.087 130.888 61.4333 27.0861 69.4543 64.8542 172.866 23.6777 149.188 126.789 102.426 56.9981 44.5239 22.3989 244.744 237.653 20.244 217.409 102.556 90.2181 45.428 34.3471 16.8927 85.6021 114.853 75.1323 39.7209 27.3064 31.0735 79.8936 23.3379 80.0833 59.1477 20.9356 19.0969 31.6644 44.0589 37.6654 71.3396 61.2948 45.2902 29.2982 18.9539 24.3632 16.0046 48.2133 36.7635 11.4498 20.7372 29.561 17.0974 15.9749 14.5522 24.7493 16.6409 17.4544 14.3247 8.75154 11.4326 12.3381 24.9148 13.4167 18.6031 15.7583 25.4209 50.7339 42.6208
internal_count=9205 4318 4887 4659 228 1341 2977 2432 2287 1018 432 1269 1181 1766 234 1532 1243 1006 469 380 289 2893 2813 318 2495 1234 1044 537 586 340 1281 1261 964 297 201 498 895 224 1220 966 254 308 545 466 410 784 689 499 372 270 237 190 971 730 241 450 335 186 204 224 414 210 246 329 227 211 190 394 233 309 165 296 836 734
is_linear=0
shrinkage=0.0666273


end of trees

feature_importances:
morning_vix_change=44
iv_to_spot_change_ratio_1dte_close=40
morning_spx_log_return=39
morning_atmf_iv_pct_change=38
spx_5d_returns=37
iv_term_slope_5d_30d=36
leverage=34
rom_roll_skew_30d=33
vega=33
VIX_21d_pct_change=30
entry_bid_ask_spread_pct=30
gamma_x_morning_spx_rv_annualized=30
theta=30
vix_z_60d=29
iv_at_strike_minus_atmf_x_VIX_VIX9D_spread=28
spx_1d_returns=28
vega_x_VIX_5d_pct_change=28
spx_10d_returns=26
front_roll_yield=25
atmf_iv_10dte_intraday_range=23
days_until_next_pce=20
VIX_5d_pct_change=19
rom_roll_std_30d=19
morning_spx_rv_annualized=16
entry_bid_ask_spread_pct_wd_rank=14
morning_spx_range_pct=13
theta_x_atmf_iv_5dte_percentile_252d=13
entry_bid_ask_spread=11
prior_day_strategy_drawdown_max_5d=10
gamma_x_dte=3
win_rate_30d=3

parameters:
[boosting: gbdt]
[objective: lambdarank]
[metric: ndcg]
[tree_learner: serial]
[device_type: cpu]
[data_sample_strategy: bagging]
[data: ]
[valid: ]
[num_iterations: 2000]
[learning_rate: 0.0666273]
[num_leaves: 181]
[num_threads: 4]
[seed: 20260829]
[deterministic: 1]
[force_col_wise: 0]
[force_row_wise: 0]
[histogram_pool_size: -1]
[max_depth: -1]
[min_data_in_leaf: 81]
[min_sum_hessian_in_leaf: 0.001]
[bagging_fraction: 0.671246]
[pos_bagging_fraction: 1]
[neg_bagging_fraction: 1]
[bagging_freq: 2]
[bagging_seed: 25539]
[bagging_by_query: 0]
[feature_fraction: 0.680355]
[feature_fraction_bynode: 1]
[feature_fraction_seed: 1518]
[extra_trees: 0]
[extra_seed: 10840]
[early_stopping_round: 0]
[early_stopping_min_delta: 0]
[first_metric_only: 0]
[max_delta_step: 0]
[lambda_l1: 0.576459]
[lambda_l2: 0.146767]
[linear_lambda: 0]
[min_gain_to_split: 0]
[drop_rate: 0.1]
[max_drop: 50]
[skip_drop: 0.5]
[xgboost_dart_mode: 0]
[uniform_drop: 0]
[drop_seed: 2781]
[top_rate: 0.2]
[other_rate: 0.1]
[min_data_per_group: 100]
[max_cat_threshold: 32]
[cat_l2: 10]
[cat_smooth: 10]
[max_cat_to_onehot: 4]
[top_k: 20]
[monotone_constraints: ]
[monotone_constraints_method: basic]
[monotone_penalty: 0]
[feature_contri: ]
[forcedsplits_filename: ]
[refit_decay_rate: 0.9]
[cegb_tradeoff: 1]
[cegb_penalty_split: 0]
[cegb_penalty_feature_lazy: ]
[cegb_penalty_feature_coupled: ]
[path_smooth: 0]
[interaction_constraints: ]
[verbosity: -1]
[saved_feature_importance_type: 0]
[use_quantized_grad: 0]
[num_grad_quant_bins: 4]
[quant_train_renew_leaf: 0]
[stochastic_rounding: 1]
[linear_tree: 0]
[max_bin: 255]
[max_bin_by_feature: ]
[min_data_in_bin: 3]
[bin_construct_sample_cnt: 200000]
[data_random_seed: 4788]
[is_enable_sparse: 1]
[enable_bundle: 1]
[use_missing: 1]
[zero_as_missing: 0]
[feature_pre_filter: 1]
[pre_partition: 0]
[two_round: 0]
[header: 0]
[label_column: ]
[weight_column: ]
[group_column: ]
[ignore_column: ]
[categorical_feature: ]
[forcedbins_filename: ]
[precise_float_parser: 0]
[parser_config_file: ]
[objective_seed: 17936]
[num_class: 1]
[is_unbalance: 0]
[scale_pos_weight: 1]
[sigmoid: 1]
[boost_from_average: 1]
[reg_sqrt: 0]
[alpha: 0.9]
[fair_c: 1]
[poisson_max_delta_step: 0.7]
[tweedie_variance_power: 1.5]
[lambdarank_truncation_level: 5]
[lambdarank_norm: 1]
[label_gain: 0,1,3,7,15]
[lambdarank_position_bias_regularization: 0]
[eval_at: 1,3]
[multi_error_top_k: 1]
[auc_mu_weights: ]
[num_machines: 1]
[local_listen_port: 12400]
[time_out: 120]
[machine_list_filename: ]
[machines: ]
[gpu_platform_id: -1]
[gpu_device_id: -1]
[gpu_device_id_list: ]
[gpu_use_dp: 0]
[num_gpu: 1]

end of parameters

pandas_categorical:[]
