tree
version=v4
num_class=1
num_tree_per_iteration=1
label_index=0
max_feature_idx=27
objective=lambdarank
feature_names=VIX_21d_pct_change VIX_5d_pct_change VVIX_5d_pct_change atmf_iv_1dte_percentile_252d atmf_iv_30dte_intraday_pct_change days_until_next_pce delta distance_from_max_63d effr_rate_1y_pct_change effr_rate_1y_percentile entry_bid_ask_spread gamma_x_dte gamma_x_morning_spx_rv_annualized jobless_claims leverage morning_atmf_iv_pct_change morning_gap_size prior_day_strategy_drawdown_max_5d rom_roll_skew_30d rom_roll_std_30d spx_1d_returns spx_252d_rv spx_5d_returns theta_x_atmf_iv_5dte_percentile_252d vix_front_curvature vix_pcr_21d_avg vix_z_60d win_rate_30d
feature_infos=[-0.52839210998206809:4.8438162544169607] [-0.42827256425582794:1.6965317919075145] [-0.32030341620065339:0.70757303583246678] [0:0.99206349206349209] [-0.24318986529363051:0.74536575348065082] [0:44] [-0.55212954179776252:-0.032473547468818587] [-46490.999999999971:0] [-0.98367346938775513:4.5000000000000009] [0:1] [0.049999999999999822:29.899999999999999] [0:0.033556061189271305] [0.00050198565975699322:0.029708705204148592] [160342:6161268] [12.51586456957032:1073.1554712918908] [-0.33382759238393778:0.44486063275178811] [-0.074669312657228579:0.047841244301421275] [0:24355.000000000087] [-5.4772255750516532:5.0258428426019996] [7.1417041269969607e-17:19.770253581632318] [-0.11984050283657066:0.093827657101993367] [0.067700138624190859:0.34896258123526319] [-0.1796662632195084:0.17397425583266291] [-7575.2480668325461:0] [-5.3499999999999979:11.264999999999986] [0.33857142857142858:1.6957142857142857] [-1.9485290699982638:6.9859947436689716] [0.46666666666666667:1]
tree_sizes=2604 2832 2961 2819 2896 2519

Tree=0
num_leaves=23
num_cat=0
split_feature=6 6 6 23 13 0 16 6 6 0 23 16 1 23 15 3 26 16 6 19 3 6
split_gain=158.162 19.7196 6.57663 5.12079 2.71074 4.06474 3.68604 2.83481 2.7006 4.37558 1.83385 1.47814 1.31036 1.23746 1.21065 1.30677 1.01863 0.923652 0.715399 0.749175 0.697212 0.262487
threshold=-0.23430687253537311 -0.49590013556988366 -0.045192257464497058 -975.5521099051391 363738.00000000006 -0.082613393542776956 0.0047297610465620197 -0.40793841542426396 -0.052280013656807782 0.15832611142328692 -612.08427104216662 0.0010034044882911862 0.0051923349046387743 -1172.5094360539781 0.010649278042296985 0.26388888888888895 0.63481908099012296 0.0011504634258459549 -0.16696104178400642 2.1735739118272903 0.4781746031746032 -0.097716909705472463
decision_type=10 10 10 10 2 2 2 10 10 2 10 2 2 10 8 2 2 2 8 10 2 10
left_child=1 16 3 -2 6 -6 7 20 9 12 13 -7 18 -9 15 -12 -1 -10 -5 -20 -3 -14
right_child=2 4 -4 8 5 11 -8 10 17 -11 14 -13 21 -15 -16 -17 -18 -19 19 -21 -22 -23
leaf_value=-0.037455142334660858 0 -0.01041580318824209 -0.00045293938998398285 0.011611947398062332 -0.0064781115013525384 -0.015769513907598707 0.0083587958715457683 -0.00068162606583320592 0.028451791892869685 0.0033246878357789181 -0.0019889278876871058 -0.037161662565483838 0.007488478545079588 -0.02194066207122395 -0.010661372548418148 0.013533634255391903 -0.024128836664226511 0.018186252097426255 0.016696328418955048 0.028839271927486494 -0.025599205075379255 0.017264549579665327
leaf_weight=30.376083101145923 8.4567026132717711 7.0263833645731202 10.389417737722395 8.2430753428488952 9.2605684034060705 6.1422728188335878 4.6733759632334104 4.1472605499438941 22.405548844486475 15.356652699410914 4.4148576068691927 7.567199730896391 12.388848926406355 4.8163151878397894 4.0075292391702524 4.6959255224792287 11.383428202010689 20.814678590744734 12.831252488307657 15.789198232814668 8.6962011526338738 7.7621131334453812
leaf_count=465 247 205 76 314 311 198 166 160 174 317 154 220 388 183 146 233 162 165 245 351 205 104
internal_value=-0.000671207 -0.0215775 0.015899 0.0173787 -0.0133454 -0.0202641 -0.00928162 -0.0118241 0.0186435 0.0153597 -0.00560707 -0.0285775 0.0183614 -0.013631 0 0.00451341 -0.034151 0.0238251 0.0215037 0.0238742 -0.0196849 0.0119336
internal_weight=241.645 107.207 134.437 124.048 65.4479 22.97 42.4778 37.8045 115.591 72.3711 22.0819 13.7095 57.0145 8.96358 13.1183 9.11078 41.7595 43.2202 36.8635 28.6205 15.7226 20.151
internal_count=5189 2808 2381 2305 2181 729 1452 1286 2058 1719 876 418 1402 343 533 387 627 339 910 596 410 492
is_linear=0
shrinkage=0.0230168


Tree=1
num_leaves=25
num_cat=0
split_feature=19 27 19 7 1 1 16 9 20 1 23 20 14 2 24 22 12 9 26 22 16 1 18 4
split_gain=515.717 71.4744 39.7308 19.404 18.551 14.5562 13.2296 14.9444 13.9997 10.875 9.42702 9.56142 9.34024 16.5072 8.57198 7.73451 17.782 12.5454 7.7182 7.6959 7.4683 6.65947 4.76804 4.69761
threshold=18.858634822961815 0.88333333333333341 2.3019010291940485 -2198.5000000000005 -0.092528112173441354 -0.11512748756218909 -0.0015470759822967214 0.95039682539682546 -0.0024228440357269561 -0.06821739625434052 -491.19469163491129 0.0022808942779086743 385.8686719132715 1.0000000180025095e-35 0.89739999999999764 0.0034012299768717562 0.0024188575868889129 0.18055555555555558 -0.038916222935193999 0.016884124921832559 0.00010964757289704318 0.023487623904784653 -2.6121243153393823 -0.0075564624414377604
decision_type=8 10 10 10 2 2 2 2 2 2 10 2 10 2 2 2 10 2 2 2 2 2 10 10
left_child=1 2 3 14 -5 23 8 12 -3 -7 11 22 15 -14 20 16 -8 -17 -2 -19 -1 -6 -11 -4
right_child=18 6 5 4 21 9 7 -9 -10 10 -12 -13 13 -15 -16 17 -18 19 -20 -21 -22 -23 -24 -25
leaf_value=-0.019324720361060286 -0.040778169048413082 0.008920917272030076 0.022985494910601621 0.017504017865970958 -0.013987172166489906 -0.011396513179721275 0.021182262799966069 -0.001585462068166748 0.025749334000966496 -0.010239714086824048 0.01370002040184759 0.012677966143047604 0.01553752667023389 -0.0042065733623314538 -0.024939741010636469 0.0082027056977694475 0.0015693343898598353 0.02933782990699365 -0.030126047630823712 0.015328932798952567 -0.0025496789509104807 0.0017406012276189034 0.0016625028621752155 0.0089959969793597452
leaf_weight=26.423159977421165 95.307867659255862 45.329219926148653 27.846638072282076 22.470345795154572 32.718163395300508 25.254368603229523 41.397613983601332 46.024770192801952 73.67187462002039 31.94472417794168 44.378201702609658 26.024305142462254 43.755406443029642 44.433020237833261 35.029738109558821 50.254646923393011 64.09440184943378 51.05063920468092 84.127894914709032 45.147999074310064 34.810359433293343 22.821821674704552 36.812877612188458 32.040783875621855
leaf_count=185 329 170 185 140 227 133 100 172 314 204 299 205 146 176 240 190 316 211 267 181 235 175 229 160
internal_value=-0.00020596 0.00685815 -0.000395817 -0.00867215 0 0.00597366 0.0126086 0.0104636 0.0194542 0.00233684 0.00492745 0.000675641 0.0121342 0.0054348 -0.0155864 0.0144248 0.0093957 0.0179539 -0.0358605 0.0229057 -0.0100119 -0.00727864 -0.00366865 0.0157296
internal_weight=1083.17 903.735 398.575 174.274 78.0103 224.302 505.16 386.158 119.001 164.414 139.16 94.7819 340.134 88.1884 96.2633 251.945 105.492 146.453 179.436 96.1986 61.2335 55.54 68.7576 59.8874
internal_count=5189 4593 2617 1202 542 1415 1976 1492 484 1070 937 638 1320 322 660 998 416 582 596 392 420 402 433 345
is_linear=0
shrinkage=0.0230168


Tree=2
num_leaves=26
num_cat=0
split_feature=6 6 6 6 4 12 25 2 2 23 9 1 10 16 7 4 12 4 17 12 20 22 22 4 2
split_gain=424.973 41.997 38.4302 32.44 19.7512 17.416 14.1448 19.5284 16.6316 12.3653 10.5752 9.86943 9.30801 9.20279 12.1929 7.92582 7.83254 7.69454 6.91854 6.32754 6.2611 5.81969 2.48995 1.86284 1.29318
threshold=-0.40793841542426396 -0.19459315265207069 -0.41500924789611693 -0.047153344713629579 0.043183555026009575 0.0035127087743486913 0.53857142857142881 -0.030748882143604547 0.01609346860073602 -25.13157917298005 0.9027777777777779 0.048138657722156759 0.37499999999999939 -0.0015470759822967214 -125.49999999997816 0.0035020734937154523 0.0091872746030530941 0.042646881137762611 707.00000000002103 0.0034353949532290062 0.00092119390517997346 0.01499710579426783 0.0019549968869172489 -0.016695723180181695 -0.076607526936206136
decision_type=10 10 8 10 10 10 2 2 2 10 2 2 10 2 10 10 10 8 10 10 2 2 2 10 2
left_child=2 6 12 4 9 -6 10 18 -9 11 15 13 -1 -3 21 -2 -10 22 24 -13 -14 -15 -4 -12 -8
right_child=1 3 17 -5 5 -7 7 8 16 -11 23 19 20 14 -16 -17 -18 -19 -20 -21 -22 -23 -24 -25 -26
leaf_value=-0.025126990698902747 0.011231907411030868 0.029638776684283285 -0.031931627342722112 -0.0055990788503496956 0.015159876672152959 -0.003541981449264887 0.018423944624121988 -0.022278987611771817 0.0041620288905038771 0.0050928860761331593 0.010455720562965979 0.018192973760957833 -0.016031563260945274 0.0057693695434335177 0.024608102926305379 -0.0061032427891918413 -0.013479472105215315 -0.023790405280808689 -0.0031103998496022417 0.0036905010650795521 -0.00041514580222095889 0.018191028201927192 -0.041517374674937581 0.022922080385106205 0.007529218202556605
leaf_weight=32.909865805879235 24.838602270931005 56.982641637325287 42.691460709087551 45.708444774150848 51.174891635775566 52.605220416560769 17.836874548345804 35.940446082502604 36.357579957693815 42.201833158731461 17.77241663262248 33.262045998126268 32.468144446611404 44.874129727482796 87.920854646712542 31.253956783562899 20.595207490026951 33.582819346338511 19.766494773328304 36.194499781355262 26.603335448540747 43.55248336866498 64.017967149615288 19.867142333649099 17.447975160554051
leaf_count=279 209 225 182 146 136 263 157 259 291 144 153 121 216 186 314 206 156 158 145 208 197 160 319 198 161
internal_value=0.000234342 0.00881295 -0.0268952 0.0126585 0.0145485 0.00554851 0.000888295 -0.00347995 -0.00997973 0.0172163 0.00792874 0.0188609 -0.0150668 0.021192 0.0183848 0.00132953 -0.00197779 -0.0345526 0.00723949 0.0108326 -0.00923014 0.0120422 -0.0378111 0.0173997 0.0134246
internal_weight=968.427 736.154 232.274 494.477 448.769 103.78 241.677 147.945 92.8932 344.988 93.7321 302.787 91.9813 233.33 176.347 56.0926 56.9528 140.292 55.0513 69.4565 59.0715 88.4266 106.709 37.6396 35.2848
internal_count=5189 3838 1351 1903 1757 399 1935 1169 706 1358 766 1214 692 885 660 415 447 659 463 329 413 346 501 351 318
is_linear=0
shrinkage=0.0230168


Tree=3
num_leaves=25
num_cat=0
split_feature=6 6 6 6 24 12 4 5 7 13 24 6 12 14 2 5 3 4 17 0 24 3 25 8
split_gain=328.579 33.0138 29.6041 19.5266 18.7927 15.8894 23.2565 14.9574 13.6239 10.2535 10.0373 9.37028 10.7675 14.6528 9.30975 8.44835 7.55268 7.06526 6.51322 5.09323 6.96272 3.13 1.25141 0.897266
threshold=-0.40793841542426396 -0.23430687253537311 -0.41937640457503833 -0.047501790536802084 0.85000000000000242 0.0024980507587115141 0.041444834100835 2.5000000000000004 -1.0000000180025095e-35 201172.50000000003 0.14999999999999949 -0.087063354761323972 0.008461251538009442 190.24737391305132 -0.038856783237980468 8.5000000000000018 0.19246031746031747 0.055490652834805039 228.24999999999821 -0.066621137985301324 0.74999999999999833 0.4424603174603175 0.6473809523809525 -1.0000000180025095e-35
decision_type=10 10 8 10 2 10 10 2 10 2 2 10 10 10 2 2 2 10 10 2 2 2 2 2
left_child=2 4 19 5 9 8 7 -7 -3 -2 -8 12 13 -9 -6 -11 -15 23 -17 -1 -21 -16 -18 -4
right_child=1 3 17 -5 14 6 10 11 -10 15 -12 -13 -14 16 21 18 22 -19 -20 20 -22 -23 -24 -25
leaf_value=-0.0055431232918435819 0.015347333056104339 0.010362733542837744 -0.031658501487706416 -0.004171965738307421 0 -0.0018560983166564726 -0.011459894616065475 0.0081696623630784955 0.026244680832926217 -0.0090686890751723714 0.0051985251855702821 0.0052164366615175643 0.0053605024137901103 0.014772137617588187 -0.028542339372532387 0.015888368569851964 0.032136363618345355 -0.021332094059378894 -0.0015330266028625189 -0.0099040475986211692 -0.029820011908757719 -0.011561943354931681 0.0230642175273694 -0.039525255342624445
leaf_weight=28.236252101138234 30.615045404061675 54.90354797244072 43.277604220435023 40.748837940394878 16.976550210267305 30.783682849258184 31.287947898730636 44.047876853495836 69.677991956472397 33.593990463763475 48.631805641576648 47.201623402535915 36.405253635719419 34.874980034306645 15.932729290798308 20.253740711137652 45.378163907676935 27.418700939975679 23.079479437321424 24.121313726529479 18.899071413092315 14.906539306044577 28.7685138694942 52.050533386878669
leaf_count=269 273 166 256 163 193 155 158 298 195 281 278 133 244 185 173 187 250 148 196 217 153 154 156 308
internal_value=0.000374421 0.00804756 -0.0259781 0.0108667 -0.00116832 0.0121941 0.00958644 0.0128464 0.0193554 0.00407273 -0.00115225 0.0148164 0.0171357 0.0198469 -0.0132414 -0.000236917 0.0244393 -0.0329113 0.00629466 -0.0138426 -0.0189718 -0.020779 0.0288014 -0.0360979
internal_weight=862.072 668.068 194.003 512.71 155.358 471.961 347.38 267.46 124.582 107.542 79.9198 236.676 189.475 153.07 47.8158 76.9272 109.022 122.747 43.3332 71.2566 43.0204 30.8393 74.1467 95.3281
internal_count=5189 3838 1351 2381 1457 2218 1857 1421 361 937 436 1266 1133 889 520 664 591 712 383 639 370 327 406 564
is_linear=0
shrinkage=0.0230168


Tree=4
num_leaves=26
num_cat=0
split_feature=6 6 10 6 12 14 21 6 7 9 24 23 0 15 14 25 21 0 23 18 0 15 12 8 8
split_gain=280.329 28.1274 23.0325 15.1592 15.3912 18.3475 14.7255 13.2352 10.4604 9.80692 8.84021 9.0744 8.40177 8.37943 7.49795 6.96358 11.9439 9.24291 6.83401 6.16117 4.75763 3.91357 3.91215 1.02513 3.04992
threshold=-0.40793841542426396 -0.23430687253537311 0.37499999999999939 -0.047501790536802084 0.0026375449132810783 147.72461121515491 0.33528707118215034 -0.084035327236557253 -1.0000000180025095e-35 0.025793650793650796 -0.54999999999999882 -693.81239512044169 -0.057095416383892088 0.020316619251202876 264.87783650500256 0.51785714285714302 0.16297045994203516 -0.11637350551912111 -1214.3383593111248 -3.1205363953988381 0.18954820936639119 -0.032216666587943969 0.0061306881066659586 1.0000000180025095e-35 -0.33958333333333324
decision_type=10 10 10 8 10 10 2 10 10 2 2 10 2 10 10 2 2 2 10 8 2 10 10 2 2
left_child=2 6 20 4 8 19 10 9 -3 -7 -2 18 -4 14 -13 17 21 -11 -12 -6 23 -17 -19 24 -1
right_child=1 3 12 -5 5 7 -8 -9 -10 15 11 13 -14 -15 -16 16 -18 22 -20 -21 -22 -23 -24 -25 -26
leaf_value=-0.035577554672341222 0.017613484866215882 0.010162720078858163 0 -0.0048444281252421409 -0.0086181409113649469 0.025783402553622953 -0.017951917129594038 -0.00092504401037933029 0.024324822217366506 0.027089498222295227 0 0.017509221155279569 -0.01966733456525906 -0.010097476921430296 0 -0.0061616318827536903 0.015988335173843501 0.0040225742989259267 -0.019208811744016546 0.006294326686496334 -0.021257216389790803 0.0059270166973161504 0.016450174578133418 -0.037784106222712478 -0.021749207129589162
leaf_weight=29.748896550852805 16.59305888786912 52.334059577435255 19.597200075164437 31.3570856153965 36.782519329339266 31.282764825969934 23.261640314012766 37.759801879525185 71.049200428649783 29.336250003427267 19.160203874111176 26.842971496284008 27.825383021496236 15.478479154407976 28.076897701248527 27.756893310695887 44.050946710631251 29.500964740291238 19.0829694326967 23.519485807046294 28.37691162712872 29.01703018695116 31.746259346604347 43.650858675129712 22.210547832772136
leaf_count=199 131 184 172 163 231 166 248 131 220 189 150 252 282 177 306 162 266 134 193 177 171 166 192 352 175
internal_value=0.000406701 0.00758531 -0.0256459 0.010319 0.0114204 0.00868175 -0.00107617 0.0113405 0.0184288 0.0134817 0.00194953 -0.000317356 -0.0115373 0.00445443 0.00880472 0.0113995 0.00699505 0.0161508 -0.00945837 -0.00257524 -0.0309317 0 0.0106876 -0.0336597 -0.0299305
internal_weight=795.399 623.989 171.41 475.493 444.136 320.753 148.496 260.451 123.383 222.691 125.235 108.642 47.4226 70.3983 54.9199 191.408 100.825 90.5835 38.2432 60.302 123.987 56.7739 61.2472 95.6103 51.9594
internal_count=5189 3838 1351 2381 2218 1814 1457 1406 404 1275 1209 1078 454 735 558 1109 594 515 343 408 897 328 326 726 374
is_linear=0
shrinkage=0.0230168


Tree=5
num_leaves=22
num_cat=0
split_feature=6 6 27 14 25 16 6 7 2 2 7 7 15 25 13 15 5 19 14 23 17
split_gain=243.105 22.0207 16.5318 15.6639 14.6186 11.6619 17.9052 13.4849 9.71996 11.3487 8.94533 8.55677 8.54062 9.21454 7.1181 7.08269 6.75704 5.22935 9.11855 4.61368 1.87859
threshold=-0.40793841542426396 -0.21440336181159916 0.81666666666666676 505.93925545261487 0.53857142857142881 0.0033515547125799136 -0.096538314726119054 -1345.7500000000252 -0.038856783237980468 0.032569667227940642 -2086.7500000000086 -4706.4999999999809 -0.039204805142148462 0.44285714285714289 215617.00000000003 -0.014226296505759793 5.5000000000000009 2.3353516679116622 243.85488928061565 -93.759283567250293 3570.499999999975
decision_type=10 10 8 10 2 2 10 10 2 2 10 10 10 2 2 10 2 10 10 10 10
left_child=2 4 10 5 12 7 -7 11 15 -10 20 14 -2 -14 -3 -6 -4 18 -9 -20 -1
right_child=1 3 16 -5 8 6 -8 17 9 -11 -12 -13 13 -15 -16 -17 -18 -19 19 -21 -22
leaf_value=-0.024185178963842532 0.017617348455505812 0.0040644709101309087 -0.018737600705090431 -0.0054378135873410947 0.01286249670382425 0.013679291882458764 -0.0079269446844731882 0.020568227543844259 -0.021489703041608924 -0.000888578073033842 0.001012757325313664 -8.7794751711159038e-05 -0.0095572516486692287 0.012706275974288674 0.018805604671077329 -0.0073545437425929002 -0.034102772470369379 0.023205940180151693 0.0014561127383806766 0.014162067749924494 -0.011053850285024402
leaf_weight=24.35445818444714 29.549173291772604 35.653283046558499 24.576648168731481 30.847170129418373 20.023764308542013 42.461106108501554 38.247203949838877 65.416007900610566 29.826945260167122 29.751503027975559 13.695000953972338 48.238161688670516 20.300120899453759 18.917040560394526 40.028267651796341 16.134871296584606 78.187656156718731 60.154299730435014 33.257806584239006 32.623742969706655 13.970458181574939
leaf_count=303 244 180 189 119 204 295 162 305 306 299 140 287 220 189 241 165 552 281 176 165 167
internal_value=0.000567488 0.00730621 -0.0250927 0.0100634 6.74127e-05 0.0113052 0.00327097 0.0133179 -0.00566347 -0.0114319 -0.0140257 0.00721001 0.00824464 0.000833597 0.0120419 0.00346335 -0.0305615 0.0171999 0.0143438 0.00795559 -0.0197558
internal_weight=746.215 591.43 154.784 426.927 164.503 396.08 80.7083 315.372 95.7371 59.5784 52.0199 123.92 68.7663 39.2172 75.6816 36.1586 102.764 191.452 131.298 65.8815 38.3249
internal_count=5189 3838 1351 2211 1627 2092 457 1635 974 605 610 708 653 409 421 369 741 927 646 341 470
is_linear=0
shrinkage=0.0230168


end of trees

feature_importances:
delta=23
gamma_x_morning_spx_rv_annualized=8
theta_x_atmf_iv_5dte_percentile_252d=8
VVIX_5d_pct_change=7
atmf_iv_30dte_intraday_pct_change=7
distance_from_max_63d=7
morning_gap_size=7
VIX_21d_pct_change=6
VIX_5d_pct_change=6
leverage=6
morning_atmf_iv_pct_change=5
vix_front_curvature=5
vix_pcr_21d_avg=5
atmf_iv_1dte_percentile_252d=4
effr_rate_1y_percentile=4
rom_roll_std_30d=4
spx_5d_returns=4
days_until_next_pce=3
effr_rate_1y_pct_change=3
jobless_claims=3
prior_day_strategy_drawdown_max_5d=3
spx_1d_returns=3
entry_bid_ask_spread=2
rom_roll_skew_30d=2
spx_252d_rv=2
vix_z_60d=2
win_rate_30d=2

parameters:
[boosting: gbdt]
[objective: lambdarank]
[metric: ndcg]
[tree_learner: serial]
[device_type: cpu]
[data_sample_strategy: bagging]
[data: ]
[valid: ]
[num_iterations: 2000]
[learning_rate: 0.0230168]
[num_leaves: 52]
[num_threads: 4]
[seed: 20260827]
[deterministic: 1]
[force_col_wise: 0]
[force_row_wise: 0]
[histogram_pool_size: -1]
[max_depth: -1]
[min_data_in_leaf: 159]
[min_sum_hessian_in_leaf: 0.001]
[bagging_fraction: 0.549343]
[pos_bagging_fraction: 1]
[neg_bagging_fraction: 1]
[bagging_freq: 9]
[bagging_seed: 4042]
[bagging_by_query: 0]
[feature_fraction: 0.697315]
[feature_fraction_bynode: 1]
[feature_fraction_seed: 18928]
[extra_trees: 0]
[extra_seed: 2987]
[early_stopping_round: 0]
[early_stopping_min_delta: 0]
[first_metric_only: 0]
[max_delta_step: 0]
[lambda_l1: 0.593694]
[lambda_l2: 0.00192891]
[linear_lambda: 0]
[min_gain_to_split: 0]
[drop_rate: 0.1]
[max_drop: 50]
[skip_drop: 0.5]
[xgboost_dart_mode: 0]
[uniform_drop: 0]
[drop_seed: 32588]
[top_rate: 0.2]
[other_rate: 0.1]
[min_data_per_group: 100]
[max_cat_threshold: 32]
[cat_l2: 10]
[cat_smooth: 10]
[max_cat_to_onehot: 4]
[top_k: 20]
[monotone_constraints: ]
[monotone_constraints_method: basic]
[monotone_penalty: 0]
[feature_contri: ]
[forcedsplits_filename: ]
[refit_decay_rate: 0.9]
[cegb_tradeoff: 1]
[cegb_penalty_split: 0]
[cegb_penalty_feature_lazy: ]
[cegb_penalty_feature_coupled: ]
[path_smooth: 0]
[interaction_constraints: ]
[verbosity: -1]
[saved_feature_importance_type: 0]
[use_quantized_grad: 0]
[num_grad_quant_bins: 4]
[quant_train_renew_leaf: 0]
[stochastic_rounding: 1]
[linear_tree: 0]
[max_bin: 255]
[max_bin_by_feature: ]
[min_data_in_bin: 3]
[bin_construct_sample_cnt: 200000]
[data_random_seed: 4782]
[is_enable_sparse: 1]
[enable_bundle: 1]
[use_missing: 1]
[zero_as_missing: 0]
[feature_pre_filter: 1]
[pre_partition: 0]
[two_round: 0]
[header: 0]
[label_column: ]
[weight_column: ]
[group_column: ]
[ignore_column: ]
[categorical_feature: ]
[forcedbins_filename: ]
[precise_float_parser: 0]
[parser_config_file: ]
[objective_seed: 30075]
[num_class: 1]
[is_unbalance: 0]
[scale_pos_weight: 1]
[sigmoid: 1]
[boost_from_average: 1]
[reg_sqrt: 0]
[alpha: 0.9]
[fair_c: 1]
[poisson_max_delta_step: 0.7]
[tweedie_variance_power: 1.5]
[lambdarank_truncation_level: 5]
[lambdarank_norm: 1]
[label_gain: 0,1,3,7,15]
[lambdarank_position_bias_regularization: 0]
[eval_at: 1,3]
[multi_error_top_k: 1]
[auc_mu_weights: ]
[num_machines: 1]
[local_listen_port: 12400]
[time_out: 120]
[machine_list_filename: ]
[machines: ]
[gpu_platform_id: -1]
[gpu_device_id: -1]
[gpu_device_id_list: ]
[gpu_use_dp: 0]
[num_gpu: 1]

end of parameters

pandas_categorical:[]
