tree
version=v4
num_class=1
num_tree_per_iteration=1
label_index=0
max_feature_idx=4
objective=lambdarank
feature_names=delta vega gamma_x_morning_spx_rv_annualized morning_spx_rv_annualized VIX_21d_pct_change
feature_infos=[-0.55212954179776252:-0.032473547468818587] [10.153572579096968:166.46298008069991] [0.00050198565975699322:0.029708705204148592] [0.17917490989228085:8.150433863579746] [-0.52839210998206809:4.8438162544169607]
tree_sizes=5799

Tree=0
num_leaves=53
num_cat=0
split_feature=0 0 0 3 0 4 3 0 0 4 3 0 4 4 0 0 0 4 4 3 4 3 3 0 0 3 4 0 3 0 4 4 0 4 4 0 0 4 4 3 0 0 4 3 3 4 4 3 3 3 0 0
split_gain=159.463 21.3748 7.64129 5.52085 4.42583 4.34508 4.12765 5.85915 4.69164 4.12102 3.8548 2.47618 2.36542 2.19918 2.12739 1.68266 2.43344 2.11103 1.66986 1.56017 1.4404 1.40265 2.76323 1.7207 1.37997 1.34567 1.21965 1.16381 1.1251 1.15882 1.1863 1.11847 1.07083 1.03208 1.09047 1.06252 0.998463 1.45855 0.977235 0.95789 1.27804 0.910657 1.36478 0.862921 2.62154 0.850507 0.803141 0.775809 0.766578 0.761348 0.721952 1.48737
threshold=-0.23430687253537311 -0.49590013556988366 -0.044519035407925338 0.41315365213891481 -0.19102367451151223 0.99273913471407904 0.40087882274001668 -0.051674872860949288 -0.052280013656807782 0.1698792687095059 0.53180295995758575 -0.047501790536802084 -0.18804520314578418 0.1040606683183274 -0.084035327236557253 -0.40793841542426396 -0.39905724056525649 -0.043200129196648056 -0.15705967243925353 0.72244140438238402 0.23235853966870293 0.89810953318761244 1.0059853837092498 -0.095189677862865738 -0.37468192798820171 1.2479715727936178 0.20594128426264882 -0.046373628297276863 0.73641541345300754 -0.084035327236557253 -0.31364430102483692 0.0075259184008704691 -0.44362741425112567 0.21363087306394382 0.36290523430932159 -0.15030218863832198 -0.09714808957850872 -0.16818513572915542 0.34793870532410437 0.37053818549917411 -0.39172942261892718 -0.16404640728006134 -0.099019519923474617 0.54586968716869944 0.50925350040305906 -0.0075370078740157323 0.065765110031779886 0.84180028011920716 0.32692813615201494 0.52597725977889109 -0.45889678746182178 -0.47141245988609248
decision_type=10 10 10 2 10 2 2 8 10 2 2 10 2 2 10 10 8 2 2 2 2 2 2 10 10 2 2 10 2 10 2 2 10 2 2 8 10 2 2 2 8 10 2 2 2 2 2 2 2 2 10 10
left_child=1 13 4 12 10 15 7 31 9 21 -2 26 -3 43 33 25 17 -17 -12 -15 -21 28 -23 -24 -18 32 46 -13 29 30 -8 36 50 -11 -35 -36 37 -6 -27 40 -14 -32 -43 44 -1 -30 47 -10 -42 -34 51 -5
right_child=2 3 -4 5 6 -7 8 -9 11 14 18 27 39 19 -16 16 24 -19 -20 20 -22 22 23 -25 -26 38 -28 -29 45 -31 41 -33 49 34 35 -37 -38 -39 -40 -41 48 42 -44 -45 -46 -47 -48 -49 -50 -51 -52 -53
leaf_value=-0.023126992452726296 0.012648322673381137 -0.010181717465967754 -0.0038310513855016794 -0.0060831756419488549 0.018687426050831263 0.013105664909761975 0.0035062443964729334 -0.0064508529141952637 0.015811272437525861 -0.003019192334844992 0.0096832896215852844 0.0048372733288841365 -0.00516259952321956 -0.0093487962300537429 -0.0057517805559619984 0.016220539503871336 -0.014988548269890833 -0.0069593917532317943 -0.0050417458108389813 -0.011293760295810976 -0.023756865074663368 -0.0053629087714835797 0.0065600820939969023 0.022715586856295274 -0.0077622602482625815 0.0028477254794891356 0.013635656679655283 0.014499556110839392 0.01382529005794327 0.0074756557772875766 0.0064897963515618906 0.0013414818945479711 -0.010528731670942577 0.014582512880044729 -0.0038951093034835503 0.00816083047689759 0.017454492674581101 0.0013254458358267888 -0.012680006933711371 0.014721020311929404 0.01711568061647396 0.021436326967183405 0.012520610558618557 -0.02561370389484393 -0.0064917130607078967 0.026247312483874116 0.024947879092896891 0.022731768348438545 0.0014910565315940103 -0.020251603174500876 -0.0070149100710027558 -0.020582367587944954
leaf_weight=11.410759153775873 5.2777825566008678 2.2561652476433665 7.7936380915343753 2.490217815618962 1.5081714168190954 1.5391239412128914 1.9533831737935567 5.7920120507478741 10.915563602000484 1.8301622606813897 1.8284809896722425 4.9991609342396259 2.093429408967495 4.6811136901378623 3.5722249671816817 1.3815620378591122 7.0351890856400123 1.644647531211376 7.686863398179411 2.9495821250602585 5.7886741161346436 2.4558210670948011 4.0126668876037002 1.9886288419365881 22.106697546783838 1.6003127554431551 9.9410177133977395 5.1568748094141466 2.6247471226379275 7.5184477511793437 2.1622337298467782 2.0938456431031218 2.3607878838665783 3.4480222202837449 1.891709031537175 5.0618768595159054 4.7198712229728681 2.6723970710299909 1.454951975494623 1.8825657959096131 1.2663552053272709 6.6441510487347868 7.7933100629597858 14.9716624841094 2.3158995304256669 2.3043421106412998 5.1324571557342997 5.399835016578435 1.335114470683038 7.4958714535459876 4.6892174517270213 3.4910160768777132
leaf_count=181 199 77 58 70 44 61 41 43 95 48 73 41 54 64 26 33 203 47 266 40 99 48 109 20 945 48 72 45 76 69 89 36 76 95 55 112 57 80 35 76 46 171 209 221 27 56 38 38 48 200 106 76
internal_value=-0.000523364 -0.0131416 0.00950216 -0.00818724 0.0103161 -0.00976881 0.011251 0.00481847 0.0123602 0.00967366 0.00309709 0.0159178 0.00200634 -0.0209035 0.00361194 -0.0104121 -0.00829019 0.00345343 -0.00214797 -0.016091 -0.0196275 0.0120862 0.00691226 0.0120288 -0.00952944 -0.0132791 0.0178747 0.00980567 0.0134776 0.0122596 0.0141642 0.0108065 -0.0145746 0.00639408 0.00810498 0.00480017 0.0129674 0.00774518 -0.00437791 0.00627884 0.00275631 0.0153826 0.0166716 -0.0231294 -0.0203663 0.0197777 0.0198078 0.0181456 0.00933906 -0.0179895 -0.0113571 -0.0146547
internal_weight=244.421 108.241 136.18 66.1232 128.386 57.2896 113.593 16.7863 96.8066 55.2617 14.7931 41.5449 8.83363 42.1177 15.804 55.7505 32.1681 3.02621 9.51534 13.4194 8.73826 39.4577 8.45712 6.0013 29.1419 23.5824 31.3889 10.156 31.0006 26.0715 18.5531 10.9943 20.5271 12.2318 10.4016 6.95359 8.90044 4.18057 3.05526 6.57746 4.6949 16.5997 14.4375 28.6983 13.7267 4.92909 21.4479 16.3154 2.60147 9.85666 10.6705 5.98123
internal_count=5242 2833 2409 2201 2351 1900 1813 260 1553 1224 538 329 301 632 336 1839 1228 80 339 203 139 888 177 129 1148 611 243 86 711 579 510 217 528 310 262 167 181 124 83 224 148 469 380 429 208 132 171 133 94 276 252 146
is_linear=0
shrinkage=0.0139258


end of trees

feature_importances:
delta=21
VIX_21d_pct_change=17
morning_spx_rv_annualized=14

parameters:
[boosting: gbdt]
[objective: lambdarank]
[metric: ndcg]
[tree_learner: serial]
[device_type: cpu]
[data_sample_strategy: bagging]
[data: ]
[valid: ]
[num_iterations: 2000]
[learning_rate: 0.0139258]
[num_leaves: 53]
[num_threads: 4]
[seed: 20260827]
[deterministic: 1]
[force_col_wise: 0]
[force_row_wise: 0]
[histogram_pool_size: -1]
[max_depth: -1]
[min_data_in_leaf: 37]
[min_sum_hessian_in_leaf: 0.001]
[bagging_fraction: 0.554039]
[pos_bagging_fraction: 1]
[neg_bagging_fraction: 1]
[bagging_freq: 5]
[bagging_seed: 4042]
[bagging_by_query: 0]
[feature_fraction: 0.615932]
[feature_fraction_bynode: 1]
[feature_fraction_seed: 18928]
[extra_trees: 0]
[extra_seed: 2987]
[early_stopping_round: 0]
[early_stopping_min_delta: 0]
[first_metric_only: 0]
[max_delta_step: 0]
[lambda_l1: 0.040081]
[lambda_l2: 0.00775403]
[linear_lambda: 0]
[min_gain_to_split: 0]
[drop_rate: 0.1]
[max_drop: 50]
[skip_drop: 0.5]
[xgboost_dart_mode: 0]
[uniform_drop: 0]
[drop_seed: 32588]
[top_rate: 0.2]
[other_rate: 0.1]
[min_data_per_group: 100]
[max_cat_threshold: 32]
[cat_l2: 10]
[cat_smooth: 10]
[max_cat_to_onehot: 4]
[top_k: 20]
[monotone_constraints: ]
[monotone_constraints_method: basic]
[monotone_penalty: 0]
[feature_contri: ]
[forcedsplits_filename: ]
[refit_decay_rate: 0.9]
[cegb_tradeoff: 1]
[cegb_penalty_split: 0]
[cegb_penalty_feature_lazy: ]
[cegb_penalty_feature_coupled: ]
[path_smooth: 0]
[interaction_constraints: ]
[verbosity: -1]
[saved_feature_importance_type: 0]
[use_quantized_grad: 0]
[num_grad_quant_bins: 4]
[quant_train_renew_leaf: 0]
[stochastic_rounding: 1]
[linear_tree: 0]
[max_bin: 255]
[max_bin_by_feature: ]
[min_data_in_bin: 3]
[bin_construct_sample_cnt: 200000]
[data_random_seed: 4782]
[is_enable_sparse: 1]
[enable_bundle: 1]
[use_missing: 1]
[zero_as_missing: 0]
[feature_pre_filter: 1]
[pre_partition: 0]
[two_round: 0]
[header: 0]
[label_column: ]
[weight_column: ]
[group_column: ]
[ignore_column: ]
[categorical_feature: ]
[forcedbins_filename: ]
[precise_float_parser: 0]
[parser_config_file: ]
[objective_seed: 30075]
[num_class: 1]
[is_unbalance: 0]
[scale_pos_weight: 1]
[sigmoid: 1]
[boost_from_average: 1]
[reg_sqrt: 0]
[alpha: 0.9]
[fair_c: 1]
[poisson_max_delta_step: 0.7]
[tweedie_variance_power: 1.5]
[lambdarank_truncation_level: 5]
[lambdarank_norm: 1]
[label_gain: 0,1,3,7,15]
[lambdarank_position_bias_regularization: 0]
[eval_at: 1,3]
[multi_error_top_k: 1]
[auc_mu_weights: ]
[num_machines: 1]
[local_listen_port: 12400]
[time_out: 120]
[machine_list_filename: ]
[machines: ]
[gpu_platform_id: -1]
[gpu_device_id: -1]
[gpu_device_id_list: ]
[gpu_use_dp: 0]
[num_gpu: 1]

end of parameters

pandas_categorical:[]
